0	0.0	0.0	0.0	0.0	0.0	0.0
0.0002	9.4972659647e-22	5.09301068808e-17	3.04850036507e-19	3.02192213858e-18	3.11482813386e-23	2.2944878971e-13
0.0004	7.59780482634e-21	4.07439910257e-16	1.2194000866e-18	1.20876874462e-17	1.24593124377e-22	9.17790987054e-13
0.0006	2.56425644731e-20	1.37510650846e-15	2.74365006115e-18	2.71972942607e-17	2.80334527647e-22	2.0650203344e-12
0.0008	6.07823114841e-20	3.25950416548e-15	4.87759987101e-18	4.83507409199e-17	4.98372489684e-22	3.67113057415e-12
0.001	1.18715327971e-19	6.36620431098e-15	7.62124942704e-18	7.55480257616e-17	7.7870700902e-22	5.7361154488e-12
0.0012	2.05139872208e-19	1.10007755403e-14	1.09745986401e-17	1.08789147124e-16	1.12133808419e-21	8.25996870088e-12
0.0014	3.25754178635e-19	1.74687836145e-14	1.49376474211e-17	1.48074103344e-16	1.52626571372e-21	1.1242684073e-11
0.0016	4.86256457855e-19	2.60757914603e-14	1.95103956808e-17	1.9340289276e-16	1.99348989616e-21	1.46842553077e-11
0.0018	6.92344896636e-19	3.71273591703e-14	2.46928433302e-17	2.4477551371e-16	2.52301063003e-21	1.85846761478e-11
0.002	9.49717657908e-19	5.09290440027e-14	3.048499028e-17	3.02191964532e-16	3.11482791386e-21	2.29439403361e-11
0.0022	1.26407288077e-18	6.77864003816e-14	3.68868364412e-17	3.65652243563e-16	3.76894174619e-21	2.77620416153e-11
0.0024	1.64110868048e-18	8.80049798968e-14	4.38983817247e-17	4.35156349142e-16	4.48535212556e-21	3.30389737283e-11
0.0026	2.08652314846e-18	1.11890331304e-13	5.15196260412e-17	5.10704279606e-16	5.26405905049e-21	3.87747304181e-11
0.0028	2.6060143523e-18	1.39748000524e-13	5.97505693016e-17	5.92296033293e-16	6.10506251953e-21	4.49693054276e-11
0.003	3.20528033576e-18	1.71883530645e-13	6.85912114168e-17	6.7993160854e-16	7.00836253119e-21	5.16226924999e-11
0.0032	3.89001911875e-18	2.0860246192e-13	7.80415522977e-17	7.73611003687e-16	7.97395908402e-21	5.8734885378e-11
0.0034	4.66592869736e-18	2.50210331767e-13	8.81015918552e-17	8.73334217069e-16	9.00185217656e-21	6.63058778053e-11
0.0036	5.53870704383e-18	2.97012674773e-13	9.877133e-17	9.79101247026e-16	1.00920418073e-20	7.43356635247e-11
0.0038	6.51405210658e-18	3.49315022686e-13	1.10050766643e-16	1.0909120919e-15	1.12445279749e-20	8.28242362798e-11
0.004	7.59766181018e-18	4.07422904425e-13	1.21939901695e-16	1.20876675001e-15	1.24593106777e-20	9.17715898136e-11
0.0042	8.79523405537e-18	4.71641846071e-13	1.34438735067e-16	1.33266521972e-15	1.37363899143e-20	1.0117771787e-10
0.0044	1.01124667191e-17	5.42277370874e-13	1.4754726667e-16	1.46260749935e-15	1.50757656834e-20	1.11042614192e-10
0.0046	1.15550576543e-17	6.19634999248e-13	1.61265496415e-16	1.59859358725e-15	1.64774379833e-20	1.21366272523e-10
0.0048	1.31287046904e-17	7.04020248773e-13	1.75593424212e-16	1.74062348175e-15	1.79414068127e-20	1.32148686606e-10
0.005	1.48391056327e-17	7.95738634196e-13	1.90531049973e-16	1.88869718118e-15	1.946767217e-20	1.43389850187e-10
0.0052	1.66919582628e-17	8.9509566743e-13	2.06078373608e-16	2.0428146839e-15	2.10562340538e-20	1.55089757007e-10
0.0054	1.86929603384e-17	1.00239685755e-12	2.22235395028e-16	2.20297598823e-15	2.27070924627e-20	1.67248400811e-10
0.0056	2.08478095934e-17	1.11794771081e-12	2.39002114144e-16	2.36918109251e-15	2.44202473951e-20	1.79865775342e-10
0.0058	2.31622037378e-17	1.24205373061e-12	2.56378530868e-16	2.54142999508e-15	2.61956988497e-20	1.92941874345e-10
0.006	2.5641840458e-17	1.37502041753e-12	2.74364645108e-16	2.71972269428e-15	2.80334468248e-20	2.06476691563e-10
0.0062	2.82924174162e-17	1.51715326932e-12	2.92960456778e-16	2.90405918845e-15	2.99334913191e-20	2.20470220741e-10
0.0064	3.11196322512e-17	1.66875778088e-12	3.12165965787e-16	3.09443947592e-15	3.18958323312e-20	2.34922455621e-10
0.0066	3.41291825775e-17	1.83013944429e-12	3.31981172046e-16	3.29086355503e-15	3.39204698594e-20	2.49833389949e-10
0.0068	3.7326765986e-17	2.00160374878e-12	3.52406075466e-16	3.49333142412e-15	3.60074039025e-20	2.65203017469e-10
0.007	4.07180800439e-17	2.18345618078e-12	3.73440675959e-16	3.70184308153e-15	3.81566344588e-20	2.81031331924e-10
0.0072	4.43088222944e-17	2.37600222384e-12	3.95084973434e-16	3.91639852559e-15	4.0368161527e-20	2.97318327059e-10
0.0074	4.81046902568e-17	2.57954735872e-12	4.17338967803e-16	4.13699775465e-15	4.26419851055e-20	3.14063996618e-10
0.0076	5.21113814267e-17	2.79439706331e-12	4.40202658977e-16	4.36364076704e-15	4.49781051929e-20	3.31268334346e-10
0.0078	5.63345932758e-17	3.02085681269e-12	4.63676046866e-16	4.5963275611e-15	4.73765217878e-20	3.48931333986e-10
0.008	6.0780023252e-17	3.2592320791e-12	4.87759131382e-16	4.83505813516e-15	4.98372348886e-20	3.67052989284e-10
0.0082	6.54533687793e-17	3.50982833194e-12	5.12451912435e-16	5.07983248757e-15	5.2360244494e-20	3.85633293984e-10
0.0084	7.0360327258e-17	3.77295103779e-12	5.37754389936e-16	5.33065061666e-15	5.49455506023e-20	4.04672241831e-10
0.0086	7.55065960645e-17	4.04890566037e-12	5.63666563796e-16	5.58751252077e-15	5.75931532123e-20	4.24169826568e-10
0.0088	8.08978725513e-17	4.3379976606e-12	5.90188433926e-16	5.85041819824e-15	6.03030523223e-20	4.44126041942e-10
0.009	8.65398540471e-17	4.64053249654e-12	6.17320000236e-16	6.11936764741e-15	6.3075247931e-20	4.64540881696e-10
0.0092	9.24382378569e-17	4.95681562343e-12	6.45061262638e-16	6.39436086661e-15	6.59097400368e-20	4.85414339575e-10
0.0094	9.85987212616e-17	5.28715249368e-12	6.73412221043e-16	6.67539785418e-15	6.88065286383e-20	5.06746409325e-10
0.0096	1.05027001518e-16	5.63184855685e-12	7.0237287536e-16	6.96247860846e-15	7.17656137341e-20	5.28537084689e-10
0.0098	1.11728775861e-16	5.99120925967e-12	7.31943225502e-16	7.25560312779e-15	7.47869953226e-20	5.50786359414e-10
0.01	1.18709741498e-16	6.36554004606e-12	7.62123271379e-16	7.5547714105e-15	7.78706734025e-20	5.73494227245e-10
0.0102	1.25975595617e-16	6.75514635707e-12	7.92913012902e-16	7.85998345494e-15	8.10166479721e-20	5.96660681925e-10
0.0104	1.33532035378e-16	7.16033363095e-12	8.24312449981e-16	8.17123925943e-15	8.42249190302e-20	6.20285717201e-10
0.0106	1.4138475792e-16	7.58140730309e-12	8.56321582528e-16	8.48853882233e-15	8.74954865751e-20	6.44369326818e-10
0.0108	1.49539460357e-16	8.01867280606e-12	8.88940410454e-16	8.81188214196e-15	9.08283506055e-20	6.6891150452e-10
0.011	1.58001839779e-16	8.4724355696e-12	9.22168933669e-16	9.14126921666e-15	9.42235111198e-20	6.93912244054e-10
0.0112	1.66777593253e-16	8.9430010206e-12	9.56007152084e-16	9.47670004478e-15	9.76809681166e-20	7.19371539164e-10
0.0114	1.75872417822e-16	9.43067458314e-12	9.9045506561e-16	9.81817462465e-15	1.01200721595e-19	7.45289383597e-10
0.0116	1.85292010504e-16	9.93576167844e-12	1.02551267416e-15	1.01656929546e-14	1.04782771552e-19	7.71665771097e-10
0.0118	1.95042068295e-16	1.04585677249e-11	1.06117997764e-15	1.0519255033e-14	1.08427117987e-19	7.9850069541e-10
0.012	2.05128288166e-16	1.09993981381e-11	1.09745697596e-15	1.08788608581e-14	1.121337609e-19	8.25794150282e-10
0.0122	2.15556367064e-16	1.15585583308e-11	1.13434366904e-15	1.12445104284e-14	1.15902700287e-19	8.53546129458e-10
0.0124	2.26332001912e-16	1.21363537128e-11	1.17184005679e-15	1.16162037421e-14	1.19733936148e-19	8.81756626684e-10
0.0126	2.37460889611e-16	1.27330896913e-11	1.20994613911e-15	1.19939407975e-14	1.23627468481e-19	9.10425635706e-10
0.0128	2.48948727037e-16	1.33490716705e-11	1.24866191591e-15	1.23777215931e-14	1.27583297285e-19	9.39553150269e-10
0.013	2.60801211041e-16	1.39846050517e-11	1.28798738712e-15	1.27675461271e-14	1.31601422559e-19	9.69139164121e-10
0.0132	2.73024038451e-16	1.46399952335e-11	1.32792255263e-15	1.3163414398e-14	1.356818443e-19	9.99183671005e-10
0.0134	2.85622906073e-16	1.53155476118e-11	1.36846741237e-15	1.35653264039e-14	1.39824562507e-19	1.02968666467e-09
0.0136	2.98603510686e-16	1.60115675792e-11	1.40962196623e-15	1.39732821433e-14	1.4402957718e-19	1.06064813886e-09
0.0138	3.11971549047e-16	1.67283605261e-11	1.45138621414e-15	1.43872816145e-14	1.48296888316e-19	1.09206808732e-09
0.014	3.2573271789e-16	1.74662318395e-11	1.493760156e-15	1.48073248159e-14	1.52626495914e-19	1.1239465038e-09
0.0142	3.39892713923e-16	1.82254869038e-11	1.53674379172e-15	1.52334117457e-14	1.57018399972e-19	1.15628338204e-09
0.0144	3.54457233832e-16	1.90064311007e-11	1.58033712121e-15	1.56655424024e-14	1.61472600489e-19	1.1890787158e-09
0.0146	3.69431974277e-16	1.98093698089e-11	1.62454014439e-15	1.61037167842e-14	1.65989097464e-19	1.22233249881e-09
0.0148	3.84822631897e-16	2.06346084042e-11	1.66935286117e-15	1.65479348895e-14	1.70567890895e-19	1.25604472482e-09
0.015	4.00634903305e-16	2.14824522598e-11	1.71477527145e-15	1.69981967167e-14	1.75208980781e-19	1.29021538758e-09
0.0152	4.16874485092e-16	2.23532067458e-11	1.76080737515e-15	1.7454502264e-14	1.7991236712e-19	1.32484448084e-09
0.0154	4.33547073822e-16	2.32471772298e-11	1.80744917218e-15	1.79168515298e-14	1.8467804991e-19	1.35993199835e-09
0.0156	4.50658366039e-16	2.41646690761e-11	1.85470066245e-15	1.83852445125e-14	1.89506029151e-19	1.39547793384e-09
0.0158	4.68214058261e-16	2.51059876467e-11	1.90256184586e-15	1.88596812103e-14	1.94396304841e-19	1.43148228106e-09
0.016	4.86219846982e-16	2.60714383003e-11	1.95103272234e-15	1.93401616217e-14	1.99348876978e-19	1.46794503377e-09
0.0162	5.04681428674e-16	2.70613263931e-11	2.00011329179e-15	1.98266857449e-14	2.0436374556e-19	1.50486618571e-09
0.0164	5.23604499783e-16	2.80759572782e-11	2.04980355412e-15	2.03192535783e-14	2.09440910587e-19	1.54224573063e-09
0.0166	5.42994756731e-16	2.91156363061e-11	2.10010350925e-15	2.08178651203e-14	2.14580372057e-19	1.58008366227e-09
0.0168	5.6285789592e-16	3.01806688244e-11	2.15101315708e-15	2.13225203691e-14	2.19782129969e-19	1.61837997438e-09
0.017	5.83199613723e-16	3.12713601778e-11	2.20253249753e-15	2.18332193231e-14	2.2504618432e-19	1.65713466071e-09
0.0172	6.04025606493e-16	3.23880157082e-11	2.2546615305e-15	2.23499619807e-14	2.3037253511e-19	1.696347715e-09
0.0174	6.25341570557e-16	3.35309407547e-11	2.30740025591e-15	2.28727483402e-14	2.35761182337e-19	1.736019131e-09
0.0176	6.47153202219e-16	3.47004406534e-11	2.36074867366e-15	2.34015783999e-14	2.41212125999e-19	1.77614890246e-09
0.0178	6.69466197759e-16	3.58968207379e-11	2.41470678368e-15	2.39364521581e-14	2.46725366096e-19	1.81673702313e-09
0.018	6.92286253434e-16	3.71203863386e-11	2.46927458586e-15	2.44773696133e-14	2.52300902625e-19	1.85778348675e-09
0.0182	7.15619065476e-16	3.83714427834e-11	2.52445208013e-15	2.50243307637e-14	2.57938735586e-19	1.89928828707e-09
0.0184	7.39470330093e-16	3.9650295397e-11	2.58023926638e-15	2.55773356076e-14	2.63638864976e-19	1.94125141784e-09
0.0186	7.63845743471e-16	4.09572495017e-11	2.63663614454e-15	2.61363841435e-14	2.69401290794e-19	1.9836728728e-09
0.0188	7.8875100177e-16	4.22926104166e-11	2.69364271451e-15	2.67014763696e-14	2.75226013039e-19	2.02655264571e-09
0.019	8.14191801128e-16	4.36566834582e-11	2.75125897621e-15	2.72726122843e-14	2.81113031709e-19	2.06989073031e-09
0.0192	8.40173837657e-16	4.504977394e-11	2.80948492954e-15	2.7849791886e-14	2.87062346804e-19	2.11368712035e-09
0.0194	8.66702807448e-16	4.64721871727e-11	2.86832057441e-15	2.84330151729e-14	2.9307395832e-19	2.15794180957e-09
0.0196	8.93784406565e-16	4.79242284644e-11	2.92776591075e-15	2.90222821434e-14	2.99147866258e-19	2.20265479173e-09
0.0198	9.21424331051e-16	4.94062031199e-11	2.98782093845e-15	2.96175927958e-14	3.05284070615e-19	2.24782606056e-09
0.02	9.49628276923e-16	5.09184164417e-11	3.04848565742e-15	3.02189471286e-14	3.11482571389e-19	2.29345560983e-09
0.0202	9.78401940176e-16	5.24611737291e-11	3.10976006759e-15	3.08263451399e-14	3.17743368581e-19	2.33954343328e-09
0.0204	1.00775101678e-15	5.40347802786e-11	3.17164416886e-15	3.14397868282e-14	3.24066462187e-19	2.38608952465e-09
0.0206	1.03768120268e-15	5.56395413841e-11	3.23413796113e-15	3.20592721918e-14	3.30451852207e-19	2.43309387769e-09
0.0208	1.0681981938e-15	5.72757623364e-11	3.29724144433e-15	3.2684801229e-14	3.36899538639e-19	2.48055648616e-09
0.021	1.09930768604e-15	5.89437484236e-11	3.36095461836e-15	3.33163739382e-14	3.43409521482e-19	2.52847734379e-09
0.0212	1.13101537528e-15	6.0643804931e-11	3.42527748314e-15	3.39539903176e-14	3.49981800734e-19	2.57685644435e-09
0.0214	1.16332695736e-15	6.23762371409e-11	3.49021003857e-15	3.45976503658e-14	3.56616376394e-19	2.62569378156e-09
0.0216	1.19624812811e-15	6.4141350333e-11	3.55575228456e-15	3.52473540809e-14	3.63313248459e-19	2.6749893492e-09
0.0218	1.22978458334e-15	6.59394497841e-11	3.62190422103e-15	3.59031014613e-14	3.7007241693e-19	2.724743141e-09
0.022	1.26394201882e-15	6.77708407679e-11	3.68866584789e-15	3.65648925054e-14	3.76893881804e-19	2.7749551507e-09
0.0222	1.29872613032e-15	6.96358285557e-11	3.75603716504e-15	3.72327272115e-14	3.8377764308e-19	2.82562537207e-09
0.0224	1.33414261355e-15	7.15347184156e-11	3.8240181724e-15	3.79066055779e-14	3.90723700756e-19	2.87675379885e-09
0.0226	1.37019716424e-15	7.34678156131e-11	3.89260886989e-15	3.8586527603e-14	3.97732054831e-19	2.92834042478e-09
0.0228	1.40689547807e-15	7.54354254108e-11	3.9618092574e-15	3.9272493285e-14	4.04802705303e-19	2.98038524362e-09
0.023	1.44424325069e-15	7.74378530684e-11	4.03161933485e-15	3.99645026225e-14	4.11935652172e-19	3.03288824912e-09
0.0232	1.48224617775e-15	7.94754038428e-11	4.10203910216e-15	4.06625556136e-14	4.19130895435e-19	3.08584943501e-09
0.0234	1.52090995485e-15	8.15483829882e-11	4.17306855923e-15	4.13666522567e-14	4.26388435091e-19	3.13926879506e-09
0.0236	1.56024027758e-15	8.36570957557e-11	4.24470770597e-15	4.20767925502e-14	4.33708271138e-19	3.19314632301e-09
0.0238	1.60024284152e-15	8.58018473939e-11	4.31695654229e-15	4.27929764924e-14	4.41090403576e-19	3.24748201262e-09
0.024	1.6409233422e-15	8.79829431483e-11	4.38981506812e-15	4.35152040816e-14	4.48534832402e-19	3.30227585761e-09
0.0242	1.68228747514e-15	9.02006882616e-11	4.46328328334e-15	4.42434753162e-14	4.56041557615e-19	3.35752785176e-09
0.0244	1.72434093583e-15	9.24553879738e-11	4.53736118789e-15	4.49777901945e-14	4.63610579214e-19	3.41323798881e-09
0.0246	1.76708941974e-15	9.4747347522e-11	4.61204878166e-15	4.57181487149e-14	4.71241897198e-19	3.4694062625e-09
0.0248	1.81053862232e-15	9.70768721404e-11	4.68734606458e-15	4.64645508756e-14	4.78935511564e-19	3.52603266659e-09
0.025	1.85469423899e-15	9.94442670605e-11	4.76325303654e-15	4.72169966751e-14	4.86691422311e-19	3.58311719482e-09
0.0252	1.89956196516e-15	1.01849837511e-10	4.83976969746e-15	4.79754861116e-14	4.94509629439e-19	3.64065984094e-09
0.0254	1.94514749618e-15	1.04293888717e-10	4.91689604725e-15	4.87400191836e-14	5.02390132944e-19	3.69866059871e-09
0.0256	1.99145652742e-15	1.06776725903e-10	4.99463208583e-15	4.95105958892e-14	5.10332932827e-19	3.75711946188e-09
0.0258	2.03849475421e-15	1.09298654287e-10	5.0729778131e-15	5.0287216227e-14	5.18338029085e-19	3.81603642418e-09
0.026	2.08626787183e-15	1.11859979088e-10	5.15193322897e-15	5.10698801951e-14	5.26405421717e-19	3.87541147938e-09
0.0262	2.13478157558e-15	1.1446100552e-10	5.23149833336e-15	5.1858587792e-14	5.34535110721e-19	3.93524462122e-09
0.0264	2.18404156071e-15	1.17102038793e-10	5.31167312618e-15	5.2653339016e-14	5.42727096097e-19	3.99553584345e-09
0.0266	2.23405352246e-15	1.19783384119e-10	5.39245760733e-15	5.34541338655e-14	5.50981377842e-19	4.05628513982e-09
0.0268	2.28482315602e-15	1.22505346701e-10	5.47385177673e-15	5.42609723387e-14	5.59297955955e-19	4.11749250409e-09
0.027	2.33635615658e-15	1.25268231743e-10	5.55585563428e-15	5.5073854434e-14	5.67676830435e-19	4.17915792999e-09
0.0272	2.38865821931e-15	1.28072344446e-10	5.63846917991e-15	5.58927801497e-14	5.7611800128e-19	4.24128141129e-09
0.0274	2.44173503933e-15	1.30917990007e-10	5.72169241352e-15	5.67177494842e-14	5.84621468488e-19	4.30386294173e-09
0.0276	2.49559231177e-15	1.3380547362e-10	5.80552533501e-15	5.75487624358e-14	5.93187232059e-19	4.36690251505e-09
0.0278	2.55023573171e-15	1.36735100477e-10	5.88996794431e-15	5.83858190029e-14	6.01815291991e-19	4.43040012502e-09
0.028	2.60567099421e-15	1.39707175768e-10	5.97502024133e-15	5.92289191838e-14	6.10505648282e-19	4.49435576538e-09
0.0282	2.66190379432e-15	1.42722004678e-10	6.06068222596e-15	6.00780629768e-14	6.19258300931e-19	4.55876942989e-09
0.0284	2.71893982705e-15	1.45779892391e-10	6.14695389813e-15	6.09332503803e-14	6.28073249936e-19	4.62364111228e-09
0.0286	2.7767847874e-15	1.48881144087e-10	6.23383525775e-15	6.17944813925e-14	6.36950495296e-19	4.68897080632e-09
0.0288	2.83544437033e-15	1.52026064944e-10	6.32132630472e-15	6.2661756012e-14	6.4589003701e-19	4.75475850574e-09
0.029	2.8949242708e-15	1.55214960136e-10	6.40942703896e-15	6.35350742369e-14	6.54891875075e-19	4.82100420431e-09
0.0292	2.95523018372e-15	1.58448134835e-10	6.49813746037e-15	6.44144360656e-14	6.63956009491e-19	4.88770789578e-09
0.0294	3.01636780399e-15	1.61725894212e-10	6.58745756888e-15	6.52998414965e-14	6.73082440256e-19	4.95486957389e-09
0.0296	3.07834282649e-15	1.6504854343e-10	6.67738736438e-15	6.61912905278e-14	6.82271167369e-19	5.02248923239e-09
0.0298	3.14116094606e-15	1.68416387656e-10	6.7679268468e-15	6.7088783158e-14	6.91522190827e-19	5.09056686504e-09
0.03	3.20482785754e-15	1.71829732048e-10	6.85907601603e-15	6.79923193854e-14	7.00835510631e-19	5.15910246558e-09
0.0302	3.26934925572e-15	1.75288881765e-10	6.950834872e-15	6.89018992083e-14	7.10211126777e-19	5.22809602777e-09
0.0304	3.33473083538e-15	1.78794141962e-10	7.04320341462e-15	6.98175226251e-14	7.19649039265e-19	5.29754754536e-09
0.0306	3.40097829129e-15	1.8234581779e-10	7.13618164378e-15	7.0739189634e-14	7.29149248094e-19	5.3674570121e-09
0.0308	3.46809731816e-15	1.859442144e-10	7.22976955941e-15	7.16669002334e-14	7.38711753261e-19	5.43782442173e-09
0.031	3.53609361072e-15	1.89589636937e-10	7.32396716142e-15	7.26006544217e-14	7.48336554766e-19	5.50864976802e-09
0.0312	3.60497286363e-15	1.93282390545e-10	7.41877444971e-15	7.35404521972e-14	7.58023652606e-19	5.57993304471e-09
0.0314	3.67474077157e-15	1.97022780366e-10	7.5141914242e-15	7.44862935582e-14	7.67773046781e-19	5.65167424555e-09
0.0316	3.74540302916e-15	2.00811111536e-10	7.6102180848e-15	7.54381785032e-14	7.77584737288e-19	5.72387336429e-09
0.0318	3.81696533102e-15	2.04647689192e-10	7.70685443142e-15	7.63961070303e-14	7.87458724127e-19	5.79653039469e-09
0.032	3.88943337174e-15	2.08532818465e-10	7.80410046396e-15	7.73600791379e-14	7.97395007296e-19	5.86964533049e-09
0.0322	3.96281284588e-15	2.12466804485e-10	7.90195618235e-15	7.83300948245e-14	8.07393586794e-19	5.94321816546e-09
0.0324	4.03710944799e-15	2.16449952379e-10	8.00042158649e-15	7.93061540883e-14	8.17454462618e-19	6.01724889333e-09
0.0326	4.11232887257e-15	2.2048256727e-10	8.09949667629e-15	8.02882569276e-14	8.27577634769e-19	6.09173750786e-09
0.0328	4.18847681413e-15	2.24564954279e-10	8.19918145167e-15	8.12764033409e-14	8.37763103243e-19	6.1666840028e-09
0.033	4.26555896713e-15	2.28697418525e-10	8.29947591253e-15	8.22705933264e-14	8.4801086804e-19	6.24208837191e-09
0.0332	4.34358102601e-15	2.32880265122e-10	8.40038005879e-15	8.32708268824e-14	8.58320929158e-19	6.31795060893e-09
0.0334	4.4225486852e-15	2.37113799184e-10	8.50189389035e-15	8.42771040074e-14	8.68693286595e-19	6.39427070762e-09
0.0336	4.5024676391e-15	2.4139832582e-10	8.60401740713e-15	8.52894246996e-14	8.79127940351e-19	6.47104866173e-09
0.0338	4.58334358208e-15	2.45734150137e-10	8.70675060903e-15	8.63077889575e-14	8.89624890424e-19	6.54828446501e-09
0.034	4.66518220849e-15	2.50121577238e-10	8.81009349598e-15	8.73321967792e-14	9.00184136812e-19	6.62597811121e-09
0.0342	4.74798921265e-15	2.54560912226e-10	8.91404606787e-15	8.83626481632e-14	9.10805679514e-19	6.70412959408e-09
0.0344	4.83177028888e-15	2.59052460198e-10	9.01860832463e-15	8.93991431078e-14	9.21489518528e-19	6.78273890738e-09
0.0346	4.91653113144e-15	2.63596526249e-10	9.12378026615e-15	9.04416816114e-14	9.32235653854e-19	6.86180604486e-09
0.0348	5.00227743459e-15	2.68193415473e-10	9.22956189236e-15	9.14902636723e-14	9.43044085488e-19	6.94133100027e-09
0.035	5.08901489256e-15	2.72843432959e-10	9.33595320316e-15	9.25448892887e-14	9.53914813431e-19	7.02131376736e-09
0.0352	5.17674919956e-15	2.77546883794e-10	9.44295419847e-15	9.36055584591e-14	9.6484783768e-19	7.10175433989e-09
0.0354	5.26548604978e-15	2.82304073063e-10	9.55056487819e-15	9.46722711818e-14	9.75843158234e-19	7.1826527116e-09
0.0356	5.35523113737e-15	2.87115305847e-10	9.65878524223e-15	9.57450274552e-14	9.86900775092e-19	7.26400887625e-09
0.0358	5.44599015646e-15	2.91980887224e-10	9.76761529051e-15	9.68238272775e-14	9.98020688251e-19	7.3458228276e-09
0.036	5.53776880117e-15	2.96901122269e-10	9.87705502294e-15	9.79086706471e-14	1.00920289771e-18	7.42809455939e-09
0.0362	5.6305727656e-15	3.01876316057e-10	9.98710443943e-15	9.89995575624e-14	1.02044740347e-18	7.51082406537e-09
0.0364	5.72440774379e-15	3.06906773656e-10	1.00977635399e-14	1.00096488022e-13	1.03175420553e-18	7.5940113393e-09
0.0366	5.81927942979e-15	3.11992800135e-10	1.02090323242e-14	1.01199462023e-13	1.04312330388e-18	7.67765637494e-09
0.0368	5.91519351763e-15	3.17134700556e-10	1.03209107923e-14	1.02308479565e-13	1.05455469853e-18	7.76175916603e-09
0.037	6.01215570128e-15	3.22332779983e-10	1.04333989442e-14	1.03423540647e-13	1.06604838947e-18	7.84631970632e-09
0.0372	6.11017167473e-15	3.27587343473e-10	1.05464967796e-14	1.04544645265e-13	1.07760437671e-18	7.93133798958e-09
0.0374	6.2092471319e-15	3.32898696083e-10	1.06602042986e-14	1.05671793419e-13	1.08922266023e-18	8.01681400954e-09
0.0376	6.30938776674e-15	3.38267142865e-10	1.0774521501e-14	1.06804985108e-13	1.10090324004e-18	8.10274775998e-09
0.0378	6.41059927312e-15	3.43692988869e-10	1.08894483867e-14	1.07944220328e-13	1.11264611614e-18	8.18913923463e-09
0.038	6.51288734494e-15	3.49176539144e-10	1.10049849557e-14	1.0908949908e-13	1.12445128853e-18	8.27598842725e-09
0.0382	6.61625767603e-15	3.54718098733e-10	1.11211312079e-14	1.1024082136e-13	1.1363187572e-18	8.3632953316e-09
0.0384	6.72071596022e-15	3.60317972678e-10	1.12378871431e-14	1.11398187167e-13	1.14824852215e-18	8.45105994142e-09
0.0386	6.82626789131e-15	3.65976466018e-10	1.13552527614e-14	1.12561596501e-13	1.16024058339e-18	8.53928225048e-09
0.0388	6.93291916309e-15	3.71693883789e-10	1.14732280625e-14	1.13731049358e-13	1.1722949409e-18	8.62796225252e-09
0.039	7.04067546931e-15	3.77470531025e-10	1.15918130464e-14	1.14906545738e-13	1.1844115947e-18	8.71709994129e-09
0.0392	7.14954250369e-15	3.83306712755e-10	1.17110077131e-14	1.16088085638e-13	1.19659054477e-18	8.80669531056e-09
0.0394	7.25952595995e-15	3.89202734008e-10	1.18308120624e-14	1.17275669058e-13	1.20883179112e-18	8.89674835407e-09
0.0396	7.37063153176e-15	3.95158899807e-10	1.19512260942e-14	1.18469295995e-13	1.22113533374e-18	8.98725906558e-09
0.0398	7.48286491279e-15	4.01175515176e-10	1.20722498085e-14	1.19668966448e-13	1.23350117263e-18	9.07822743884e-09
0.04	7.59623179667e-15	4.07252885132e-10	1.21938832052e-14	1.20874680414e-13	1.2459293078e-18	9.1696534676e-09
0.0402	7.71073787701e-15	4.13391314692e-10	1.23161262841e-14	1.22086437893e-13	1.25841973923e-18	9.26153714562e-09
0.0404	7.8263888474e-15	4.1959110887e-10	1.24389790452e-14	1.23304238883e-13	1.27097246693e-18	9.35387846665e-09
0.0406	7.94319040141e-15	4.25852572676e-10	1.25624414884e-14	1.24528083382e-13	1.2835874909e-18	9.44667742445e-09
0.0408	8.06114823257e-15	4.32176011118e-10	1.26865136137e-14	1.25757971389e-13	1.29626481114e-18	9.53993401277e-09
0.041	8.1802680344e-15	4.385617292e-10	1.28111954208e-14	1.26993902901e-13	1.30900442764e-18	9.63364822536e-09
0.0412	8.3005555004e-15	4.45010031925e-10	1.29364869098e-14	1.28235877917e-13	1.3218063404e-18	9.72782005598e-09
0.0414	8.42201632402e-15	4.51521224292e-10	1.30623880805e-14	1.29483896435e-13	1.33467054943e-18	9.82244949837e-09
0.0416	8.54465619872e-15	4.58095611297e-10	1.31888989328e-14	1.30737958455e-13	1.34759705471e-18	9.91753654631e-09
0.0418	8.66848081792e-15	4.64733497934e-10	1.33160194668e-14	1.31998063973e-13	1.36058585625e-18	1.00130811935e-08
0.042	8.79349587501e-15	4.71435189194e-10	1.34437496822e-14	1.33264212989e-13	1.37363695405e-18	1.01090834338e-08
0.0422	8.91970706337e-15	4.78200990064e-10	1.35720895789e-14	1.34536405501e-13	1.3867503481e-18	1.02055432609e-08
0.0424	9.04712007634e-15	4.8503120553e-10	1.3701039157e-14	1.35814641507e-13	1.39992603841e-18	1.03024606685e-08
0.0426	9.17574060725e-15	4.91926140574e-10	1.38305984163e-14	1.37098921005e-13	1.41316402496e-18	1.03998356504e-08
0.0428	9.30557434941e-15	4.98886100175e-10	1.39607673567e-14	1.38389243994e-13	1.42646430777e-18	1.04976682004e-08
0.043	9.43662699609e-15	5.0591138931e-10	1.40915459781e-14	1.39685610473e-13	1.43982688683e-18	1.05959583122e-08
0.0432	9.56890424055e-15	5.13002312953e-10	1.42229342805e-14	1.40988020438e-13	1.45325176214e-18	1.06947059795e-08
0.0434	9.70241177601e-15	5.20159176074e-10	1.43549322637e-14	1.4229647389e-13	1.46673893369e-18	1.07939111962e-08
0.0436	9.83715529568e-15	5.27382283642e-10	1.44875399277e-14	1.43610970825e-13	1.48028840149e-18	1.0893573956e-08
0.0438	9.97314049275e-15	5.34671940622e-10	1.46207572723e-14	1.44931511244e-13	1.49390016553e-18	1.09936942526e-08
0.044	1.01103730604e-14	5.42028451976e-10	1.47545842976e-14	1.46258095143e-13	1.50757422581e-18	1.10942720798e-08
0.0442	1.02488586917e-14	5.49452122665e-10	1.48890210033e-14	1.47590722521e-13	1.52131058234e-18	1.11953074313e-08
0.0444	1.03886030798e-14	5.56943257644e-10	1.50240673894e-14	1.48929393376e-13	1.5351092351e-18	1.12968003009e-08
0.0446	1.05296119178e-14	5.64502161867e-10	1.51597234558e-14	1.50274107708e-13	1.5489701841e-18	1.13987506824e-08
0.0448	1.06718908987e-14	5.72129140286e-10	1.52959892025e-14	1.51624865513e-13	1.56289342934e-18	1.15011585695e-08
0.045	1.08154457157e-14	5.7982449785e-10	1.54328646293e-14	1.52981666792e-13	1.57687897081e-18	1.16040239559e-08
0.0452	1.09602820616e-14	5.87588539503e-10	1.55703497362e-14	1.54344511541e-13	1.59092680851e-18	1.17073468355e-08
0.0454	1.11064056295e-14	5.95421570188e-10	1.5708444523e-14	1.55713399759e-13	1.60503694245e-18	1.18111272019e-08
0.0456	1.12538221125e-14	6.03323894844e-10	1.58471489896e-14	1.57088331445e-13	1.61920937262e-18	1.1915365049e-08
0.0458	1.14025372033e-14	6.1129581841e-10	1.59864631361e-14	1.58469306596e-13	1.63344409901e-18	1.20200603704e-08
0.046	1.15525565949e-14	6.19337645819e-10	1.61263869622e-14	1.59856325212e-13	1.64774112163e-18	1.212521316e-08
0.0462	1.17038859803e-14	6.27449682002e-10	1.6266920468e-14	1.6124938729e-13	1.66210044048e-18	1.22308234115e-08
0.0464	1.18565310523e-14	6.35632231887e-10	1.64080636532e-14	1.62648492829e-13	1.67652205555e-18	1.23368911186e-08
0.0466	1.20104975037e-14	6.43885600401e-10	1.65498165179e-14	1.64053641828e-13	1.69100596685e-18	1.24434162751e-08
0.0468	1.21657910274e-14	6.52210092466e-10	1.66921790619e-14	1.65464834284e-13	1.70555217437e-18	1.25503988748e-08
0.047	1.23224173162e-14	6.60606013002e-10	1.68351512852e-14	1.66882070196e-13	1.7201606781e-18	1.26578389114e-08
0.0472	1.24803820628e-14	6.69073666927e-10	1.69787331876e-14	1.68305349562e-13	1.73483147806e-18	1.27657363787e-08
0.0474	1.26396909601e-14	6.77613359154e-10	1.71229247691e-14	1.6973467238e-13	1.74956457423e-18	1.28740912704e-08
0.0476	1.28003497006e-14	6.86225394595e-10	1.72677260295e-14	1.7117003865e-13	1.76435996662e-18	1.29829035803e-08
0.0478	1.29623639773e-14	6.94910078159e-10	1.74131369689e-14	1.72611448369e-13	1.77921765522e-18	1.30921733021e-08
0.048	1.31257394826e-14	7.03667714751e-10	1.7559157587e-14	1.74058901535e-13	1.79413764004e-18	1.32019004296e-08
0.0482	1.32904819094e-14	7.12498609275e-10	1.77057878839e-14	1.75512398147e-13	1.80911992106e-18	1.33120849565e-08
0.0484	1.34565969501e-14	7.2140306663e-10	1.78530278594e-14	1.76971938204e-13	1.8241644983e-18	1.34227268767e-08
0.0486	1.36240902975e-14	7.30381391715e-10	1.80008775134e-14	1.78437521703e-13	1.83927137174e-18	1.35338261838e-08
0.0488	1.37929676441e-14	7.39433889423e-10	1.81493368458e-14	1.79909148643e-13	1.85444054139e-18	1.36453828717e-08
0.049	1.39632346825e-14	7.48560864646e-10	1.82984058566e-14	1.81386819023e-13	1.86967200725e-18	1.3757396934e-08
0.0492	1.41348971052e-14	7.57762622273e-10	1.84480845457e-14	1.8287053284e-13	1.88496576931e-18	1.38698683645e-08
0.0494	1.43079606047e-14	7.6703946719e-10	1.85983729129e-14	1.84360290092e-13	1.90032182757e-18	1.39827971571e-08
0.0496	1.44824308736e-14	7.7639170428e-10	1.87492709583e-14	1.8585609078e-13	1.91574018203e-18	1.40961833053e-08
0.0498	1.46583136043e-14	7.85819638424e-10	1.89007786816e-14	1.87357934899e-13	1.93122083269e-18	1.42100268031e-08
0.05	1.48356144892e-14	7.95323574499e-10	1.90528960828e-14	1.8886582245e-13	1.94676377955e-18	1.43243276441e-08
0.0502	1.50143392207e-14	8.04903817379e-10	1.92056231619e-14	1.9037975343e-13	1.96236902261e-18	1.44390858222e-08
0.0504	1.51944934914e-14	8.14560671937e-10	1.93589599187e-14	1.91899727838e-13	1.97803656186e-18	1.4554301331e-08
0.0506	1.53760829934e-14	8.24294443042e-10	1.95129063531e-14	1.93425745672e-13	1.99376639731e-18	1.46699741643e-08
0.0508	1.55591134193e-14	8.34105435559e-10	1.96674624651e-14	1.9495780693e-13	2.00955852895e-18	1.47861043159e-08
0.051	1.57435904612e-14	8.43993954353e-10	1.98226282545e-14	1.9649591161e-13	2.02541295677e-18	1.49026917796e-08
0.0512	1.59295198115e-14	8.53960304283e-10	1.99784037213e-14	1.98040059712e-13	2.04132968079e-18	1.5019736549e-08
0.0514	1.61169071626e-14	8.64004790208e-10	2.01347888654e-14	1.99590251233e-13	2.057308701e-18	1.5137238618e-08
0.0516	1.63057582065e-14	8.74127716982e-10	2.02917836867e-14	2.01146486171e-13	2.07335001739e-18	1.52551979803e-08
0.0518	1.64960786356e-14	8.84329389457e-10	2.04493881851e-14	2.02708764526e-13	2.08945362996e-18	1.53736146297e-08
0.052	1.66878741421e-14	8.94610112482e-10	2.06076023605e-14	2.04277086295e-13	2.10561953872e-18	1.54924885599e-08
0.0522	1.68811504182e-14	9.04970190905e-10	2.07664262128e-14	2.05851451477e-13	2.12184774367e-18	1.56118197646e-08
0.0524	1.70759131559e-14	9.15409929568e-10	2.0925859742e-14	2.07431860069e-13	2.13813824479e-18	1.57316082377e-08
0.0526	1.72721680475e-14	9.25929633312e-10	2.10859029479e-14	2.09018312071e-13	2.15449104209e-18	1.58518539729e-08
0.0528	1.74699207851e-14	9.36529606975e-10	2.12465558305e-14	2.10610807481e-13	2.17090613557e-18	1.5972556964e-08
0.053	1.76691770607e-14	9.47210155392e-10	2.14078183897e-14	2.12209346297e-13	2.18738352522e-18	1.60937172046e-08
0.0532	1.78699425664e-14	9.57971583396e-10	2.15696906253e-14	2.13813928517e-13	2.20392321105e-18	1.62153346887e-08
0.0534	1.80722229943e-14	9.68814195815e-10	2.17321725373e-14	2.1542455414e-13	2.22052519305e-18	1.63374094098e-08
0.0536	1.82760240363e-14	9.79738297477e-10	2.18952641257e-14	2.17041223163e-13	2.23718947122e-18	1.64599413618e-08
0.0538	1.84813513845e-14	9.90744193204e-10	2.20589653902e-14	2.18663935587e-13	2.25391604557e-18	1.65829305385e-08
0.054	1.86882107308e-14	1.00183218782e-09	2.22232763309e-14	2.20292691408e-13	2.27070491608e-18	1.67063769335e-08
0.0542	1.88966077671e-14	1.01300258614e-09	2.23881969476e-14	2.21927490625e-13	2.28755608276e-18	1.68302805408e-08
0.0544	1.91065481855e-14	1.02425569298e-09	2.25537272403e-14	2.23568333236e-13	2.3044695456e-18	1.69546413539e-08
0.0546	1.93180376777e-14	1.03559181315e-09	2.27198672088e-14	2.2521521924e-13	2.32144530461e-18	1.70794593667e-08
0.0548	1.95310819357e-14	1.04701125147e-09	2.2886616853e-14	2.26868148635e-13	2.33848335978e-18	1.72047345729e-08
0.055	1.97456866512e-14	1.05851431273e-09	2.3053976173e-14	2.2852712142e-13	2.35558371112e-18	1.73304669663e-08
0.0552	1.99618575163e-14	1.07010130175e-09	2.32219451686e-14	2.30192137592e-13	2.37274635861e-18	1.74566565406e-08
0.0554	2.01796002225e-14	1.08177252332e-09	2.33905238396e-14	2.31863197151e-13	2.38997130226e-18	1.75833032896e-08
0.0556	2.03989204617e-14	1.09352828224e-09	2.35597121861e-14	2.33540300093e-13	2.40725854207e-18	1.77104072071e-08
0.0558	2.06198239257e-14	1.10536888331e-09	2.37295102079e-14	2.35223446419e-13	2.42460807803e-18	1.78379682868e-08
0.056	2.08423163062e-14	1.11729463133e-09	2.38999179049e-14	2.36912636126e-13	2.44201991015e-18	1.79659865225e-08
0.0562	2.10664032949e-14	1.12930583107e-09	2.4070935277e-14	2.38607869212e-13	2.45949403842e-18	1.80944619079e-08
0.0564	2.12920905834e-14	1.14140278733e-09	2.42425623243e-14	2.40309145676e-13	2.47703046284e-18	1.82233944368e-08
0.0566	2.15193838635e-14	1.15358580489e-09	2.44147990465e-14	2.42016465516e-13	2.49462918341e-18	1.8352784103e-08
0.0568	2.17482888268e-14	1.16585518853e-09	2.45876454435e-14	2.4372982873e-13	2.51229020013e-18	1.84826309001e-08
0.057	2.19788111648e-14	1.17821124304e-09	2.47611015154e-14	2.45449235317e-13	2.530013513e-18	1.8612934822e-08
0.0572	2.22109565692e-14	1.19065427318e-09	2.49351672619e-14	2.47174685276e-13	2.54779912201e-18	1.87436958625e-08
0.0574	2.24447307315e-14	1.20318458373e-09	2.51098426831e-14	2.48906178604e-13	2.56564702716e-18	1.88749140152e-08
0.0576	2.26801393433e-14	1.21580247946e-09	2.52851277788e-14	2.50643715299e-13	2.58355722846e-18	1.9006589274e-08
0.0578	2.29171880961e-14	1.22850826513e-09	2.54610225489e-14	2.52387295361e-13	2.60152972589e-18	1.91387216325e-08
0.058	2.31558826814e-14	1.24130224552e-09	2.56375269933e-14	2.54136918787e-13	2.61956451947e-18	1.92713110847e-08
0.0582	2.33962287905e-14	1.25418472538e-09	2.5814641112e-14	2.55892585576e-13	2.63766160919e-18	1.94043576241e-08
0.0584	2.36382321151e-14	1.26715600947e-09	2.59923649049e-14	2.57654295726e-13	2.65582099504e-18	1.95378612446e-08
0.0586	2.38818983465e-14	1.28021640255e-09	2.61706983719e-14	2.59422049236e-13	2.67404267702e-18	1.967182194e-08
0.0588	2.41272331761e-14	1.29336620937e-09	2.63496415128e-14	2.61195846104e-13	2.69232665514e-18	1.98062397039e-08
0.059	2.43742422952e-14	1.30660573467e-09	2.65291943276e-14	2.62975686327e-13	2.71067292939e-18	1.99411145302e-08
0.0592	2.46229313953e-14	1.31993528322e-09	2.67093568163e-14	2.64761569906e-13	2.72908149977e-18	2.00764464126e-08
0.0594	2.48733061676e-14	1.33335515975e-09	2.68901289786e-14	2.66553496837e-13	2.74755236629e-18	2.02122353448e-08
0.0596	2.51253723035e-14	1.346865669e-09	2.70715108146e-14	2.68351467119e-13	2.76608552892e-18	2.03484813207e-08
0.0598	2.53791354942e-14	1.36046711571e-09	2.72535023241e-14	2.70155480751e-13	2.78468098769e-18	2.0485184334e-08
0.06	2.56346014309e-14	1.37415980462e-09	2.74361035071e-14	2.7196553773e-13	2.80333874258e-18	2.06223443785e-08
0.0602	2.5891775805e-14	1.38794404046e-09	2.76193143634e-14	2.73781638056e-13	2.82205879359e-18	2.07599614478e-08
0.0604	2.61506643076e-14	1.40182012797e-09	2.7803134893e-14	2.75603781726e-13	2.84084114072e-18	2.08980355358e-08
0.0606	2.64112726299e-14	1.41578837186e-09	2.79875650958e-14	2.77431968739e-13	2.85968578398e-18	2.10365666362e-08
0.0608	2.6673606463e-14	1.42984907687e-09	2.81726049717e-14	2.79266199094e-13	2.87859272335e-18	2.11755547429e-08
0.061	2.69376714981e-14	1.44400254772e-09	2.83582545206e-14	2.81106472788e-13	2.89756195884e-18	2.13149998494e-08
0.0612	2.72034734263e-14	1.45824908912e-09	2.85445137424e-14	2.8295278982e-13	2.91659349045e-18	2.14549019497e-08
0.0614	2.74710179387e-14	1.47258900579e-09	2.87313826371e-14	2.84805150188e-13	2.93568731817e-18	2.15952610374e-08
0.0616	2.77403107264e-14	1.48702260245e-09	2.89188612044e-14	2.8666355389e-13	2.954843442e-18	2.17360771064e-08
0.0618	2.80113574803e-14	1.5015501838e-09	2.91069494445e-14	2.88528000926e-13	2.97406186195e-18	2.18773501503e-08
0.062	2.82841638915e-14	1.51617205455e-09	2.92956473571e-14	2.90398491292e-13	2.993342578e-18	2.2019080163e-08
0.0622	2.8558735651e-14	1.53088851942e-09	2.94849549421e-14	2.92275024989e-13	3.01268559016e-18	2.21612671382e-08
0.0624	2.88350784498e-14	1.54569988309e-09	2.96748721995e-14	2.94157602013e-13	3.03209089843e-18	2.23039110696e-08
0.0626	2.91131979787e-14	1.56060645027e-09	2.98653991293e-14	2.96046222363e-13	3.05155850281e-18	2.24470119511e-08
0.0628	2.93930999288e-14	1.57560852566e-09	3.00565357312e-14	2.97940886038e-13	3.07108840329e-18	2.25905697763e-08
0.063	2.96747899909e-14	1.59070641394e-09	3.02482820052e-14	2.99841593036e-13	3.09068059987e-18	2.27345845391e-08
0.0632	2.99582738559e-14	1.60590041982e-09	3.04406379513e-14	3.01748343356e-13	3.11033509256e-18	2.28790562332e-08
0.0634	3.02435572147e-14	1.62119084798e-09	3.06336035693e-14	3.03661136994e-13	3.13005188134e-18	2.30239848524e-08
0.0636	3.0530645758e-14	1.63657800309e-09	3.08271788592e-14	3.05579973951e-13	3.14983096622e-18	2.31693703903e-08
0.0638	3.08195451766e-14	1.65206218986e-09	3.10213638208e-14	3.07504854224e-13	3.1696723472e-18	2.33152128409e-08
0.064	3.11102611614e-14	1.66764371294e-09	3.12161584541e-14	3.09435777812e-13	3.18957602427e-18	2.34615121978e-08
0.0642	3.14027994031e-14	1.68332287703e-09	3.14115627589e-14	3.11372744713e-13	3.20954199744e-18	2.36082684548e-08
0.0644	3.16971655924e-14	1.6990999868e-09	3.16075767353e-14	3.13315754924e-13	3.2295702667e-18	2.37554816057e-08
0.0646	3.199336542e-14	1.71497534691e-09	3.1804200383e-14	3.15264808446e-13	3.24966083205e-18	2.39031516442e-08
0.0648	3.22914045767e-14	1.73094926203e-09	3.20014337021e-14	3.17219905275e-13	3.26981369349e-18	2.40512785641e-08
0.065	3.2591288753e-14	1.74702203683e-09	3.21992766924e-14	3.19181045411e-13	3.29002885102e-18	2.41998623591e-08
0.0652	3.28930236396e-14	1.76319397598e-09	3.23977293538e-14	3.21148228852e-13	3.31030630464e-18	2.43489030231e-08
0.0654	3.31966149271e-14	1.77946538413e-09	3.25967916862e-14	3.23121455595e-13	3.33064605434e-18	2.44984005497e-08
0.0656	3.35020683061e-14	1.79583656593e-09	3.27964636896e-14	3.2510072564e-13	3.35104810012e-18	2.46483549327e-08
0.0658	3.38093894672e-14	1.81230782605e-09	3.29967453639e-14	3.27086038984e-13	3.37151244199e-18	2.47987661659e-08
0.066	3.41185841008e-14	1.82887946913e-09	3.3197636709e-14	3.29077395627e-13	3.39203907993e-18	2.49496342431e-08
0.0662	3.44296578976e-14	1.84555179982e-09	3.33991377247e-14	3.31074795565e-13	3.41262801396e-18	2.5100959158e-08
0.0664	3.4742616548e-14	1.86232512277e-09	3.36012484111e-14	3.33078238799e-13	3.43327924406e-18	2.52527409044e-08
0.0666	3.50574657425e-14	1.87919974262e-09	3.38039687679e-14	3.35087725325e-13	3.45399277024e-18	2.5404979476e-08
0.0668	3.53742111714e-14	1.89617596401e-09	3.40072987952e-14	3.37103255143e-13	3.47476859249e-18	2.55576748666e-08
0.067	3.56928585253e-14	1.91325409158e-09	3.42112384928e-14	3.3912482825e-13	3.49560671082e-18	2.57108270699e-08
0.0672	3.60134134946e-14	1.93043442995e-09	3.44157878607e-14	3.41152444646e-13	3.51650712522e-18	2.58644360798e-08
0.0674	3.63358817695e-14	1.94771728377e-09	3.46209468987e-14	3.43186104327e-13	3.53746983569e-18	2.60185018899e-08
0.0676	3.66602690405e-14	1.96510295766e-09	3.48267156067e-14	3.45225807294e-13	3.55849484223e-18	2.61730244941e-08
0.0678	3.69865809978e-14	1.98259175625e-09	3.50330939848e-14	3.47271553543e-13	3.57958214484e-18	2.63280038861e-08
0.068	3.73148233318e-14	2.00018398415e-09	3.52400820327e-14	3.49323343074e-13	3.60073174351e-18	2.64834400597e-08
0.0682	3.76450017328e-14	2.017879946e-09	3.54476797504e-14	3.51381175885e-13	3.62194363824e-18	2.66393330085e-08
0.0684	3.7977121891e-14	2.0356799464e-09	3.56558871379e-14	3.53445051974e-13	3.64321782904e-18	2.67956827265e-08
0.0686	3.83111894966e-14	2.05358428997e-09	3.58647041949e-14	3.55514971339e-13	3.6645543159e-18	2.69524892073e-08
0.0688	3.86472102399e-14	2.07159328133e-09	3.60741309215e-14	3.57590933978e-13	3.68595309883e-18	2.71097524447e-08
0.069	3.8985189811e-14	2.08970722507e-09	3.62841673175e-14	3.59672939891e-13	3.70741417781e-18	2.72674724325e-08
0.0692	3.93251339e-14	2.10792642581e-09	3.64948133829e-14	3.61760989075e-13	3.72893755284e-18	2.74256491645e-08
0.0694	3.96670481972e-14	2.12625118816e-09	3.67060691175e-14	3.63855081529e-13	3.75052322394e-18	2.75842826343e-08
0.0696	4.00109383925e-14	2.1446818167e-09	3.69179345213e-14	3.65955217251e-13	3.77217119108e-18	2.77433728358e-08
0.0698	4.03568101762e-14	2.16321861604e-09	3.71304095942e-14	3.6806139624e-13	3.79388145428e-18	2.79029197627e-08
0.07	4.07046692383e-14	2.18186189077e-09	3.73434943361e-14	3.70173618493e-13	3.81565401353e-18	2.80629234087e-08
0.0702	4.10545212688e-14	2.20061194549e-09	3.75571887469e-14	3.72291884009e-13	3.83748886883e-18	2.82233837678e-08
0.0704	4.14063719577e-14	2.21946908478e-09	3.77714928265e-14	3.74416192787e-13	3.85938602018e-18	2.83843008335e-08
0.0706	4.1760226995e-14	2.23843361323e-09	3.79864065748e-14	3.76546544825e-13	3.88134546758e-18	2.85456745997e-08
0.0708	4.21160920706e-14	2.25750583542e-09	3.82019299917e-14	3.7868294012e-13	3.90336721102e-18	2.87075050601e-08
0.071	4.24739728746e-14	2.27668605593e-09	3.84180630773e-14	3.80825378672e-13	3.92545125051e-18	2.88697922085e-08
0.0712	4.28338750969e-14	2.29597457934e-09	3.86348058312e-14	3.82973860479e-13	3.94759758604e-18	2.90325360387e-08
0.0714	4.31958044273e-14	2.31537171023e-09	3.88521582536e-14	3.85128385539e-13	3.9698062176e-18	2.91957365444e-08
0.0716	4.35597665557e-14	2.33487775317e-09	3.90701203442e-14	3.8728895385e-13	3.99207714521e-18	2.93593937194e-08
0.0718	4.3925767172e-14	2.35449301272e-09	3.9288692103e-14	3.89455565411e-13	4.01441036886e-18	2.95235075574e-08
0.072	4.42938119659e-14	2.37421779345e-09	3.95078735299e-14	3.91628220221e-13	4.03680588854e-18	2.96880780522e-08
0.0722	4.46639066273e-14	2.39405239993e-09	3.97276646249e-14	3.93806918276e-13	4.05926370426e-18	2.98531051976e-08
0.0724	4.5036056846e-14	2.41399713672e-09	3.99480653877e-14	3.95991659577e-13	4.08178381601e-18	3.00185889873e-08
0.0726	4.54102683117e-14	2.43405230837e-09	4.01690758184e-14	3.98182444121e-13	4.1043662238e-18	3.01845294152e-08
0.0728	4.57865467142e-14	2.45421821944e-09	4.03906959169e-14	4.00379271906e-13	4.12701092762e-18	3.03509264748e-08
0.073	4.61648977431e-14	2.47449517448e-09	4.0612925683e-14	4.02582142931e-13	4.14971792746e-18	3.05177801601e-08
0.0732	4.65453270881e-14	2.49488347804e-09	4.08357651166e-14	4.04791057194e-13	4.17248722333e-18	3.06850904648e-08
0.0734	4.69278404389e-14	2.51538343467e-09	4.10592142178e-14	4.07006014694e-13	4.19531881523e-18	3.08528573826e-08
0.0736	4.73124434851e-14	2.5359953489e-09	4.12832729863e-14	4.09227015428e-13	4.21821270316e-18	3.10210809074e-08
0.0738	4.76991419164e-14	2.5567195253e-09	4.15079414222e-14	4.11454059396e-13	4.2411688871e-18	3.11897610328e-08
0.074	4.80879414223e-14	2.57755626838e-09	4.17332195252e-14	4.13687146595e-13	4.26418736707e-18	3.13588977526e-08
0.0742	4.84788476923e-14	2.59850588268e-09	4.19591072954e-14	4.15926277024e-13	4.28726814306e-18	3.15284910606e-08
0.0744	4.88718664161e-14	2.61956867274e-09	4.21856047326e-14	4.18171450682e-13	4.31041121507e-18	3.16985409506e-08
0.0746	4.92670032831e-14	2.64074494309e-09	4.24127118367e-14	4.20422667565e-13	4.3336165831e-18	3.18690474163e-08
0.0748	4.96642639828e-14	2.66203499825e-09	4.26404286077e-14	4.22679927674e-13	4.35688424714e-18	3.20400104516e-08
0.075	5.00636542047e-14	2.68343914275e-09	4.28687550455e-14	4.24943231006e-13	4.3802142072e-18	3.221143005e-08
0.0752	5.04651796383e-14	2.70495768111e-09	4.30976911499e-14	4.27212577559e-13	4.40360646327e-18	3.23833062055e-08
0.0754	5.08688459729e-14	2.72659091784e-09	4.3327236921e-14	4.29487967332e-13	4.42706101535e-18	3.25556389118e-08
0.0756	5.12746588979e-14	2.74833915746e-09	4.35573923585e-14	4.31769400324e-13	4.45057786344e-18	3.27284281626e-08
0.0758	5.16826241028e-14	2.77020270449e-09	4.37881574625e-14	4.34056876532e-13	4.47415700754e-18	3.29016739517e-08
0.076	5.20927472768e-14	2.79218186344e-09	4.40195322327e-14	4.36350395955e-13	4.49779844765e-18	3.30753762728e-08
0.0762	5.25050341093e-14	2.8142769388e-09	4.42515166692e-14	4.38649958591e-13	4.52150218376e-18	3.32495351198e-08
0.0764	5.29194902896e-14	2.83648823509e-09	4.44841107718e-14	4.40955564438e-13	4.54526821588e-18	3.34241504865e-08
0.0766	5.3336121507e-14	2.8588160568e-09	4.47173145405e-14	4.43267213496e-13	4.569096544e-18	3.35992223664e-08
0.0768	5.37549334507e-14	2.88126070844e-09	4.49511279752e-14	4.45584905762e-13	4.59298716813e-18	3.37747507535e-08
0.077	5.417593181e-14	2.9038224945e-09	4.51855510757e-14	4.47908641234e-13	4.61694008825e-18	3.39507356415e-08
0.0772	5.4599122274e-14	2.92650171948e-09	4.5420583842e-14	4.50238419912e-13	4.64095530437e-18	3.41271770241e-08
0.0774	5.50245105319e-14	2.94929868785e-09	4.5656226274e-14	4.52574241792e-13	4.66503281649e-18	3.43040748952e-08
0.0776	5.54521022729e-14	2.97221370412e-09	4.58924783716e-14	4.54916106874e-13	4.6891726246e-18	3.44814292484e-08
0.0778	5.58819031862e-14	2.99524707275e-09	4.61293401348e-14	4.57264015156e-13	4.71337472871e-18	3.46592400776e-08
0.078	5.63139189608e-14	3.01839909825e-09	4.63668115633e-14	4.59617966637e-13	4.73763912881e-18	3.48375073765e-08
0.0782	5.67481552858e-14	3.04167008508e-09	4.66048926572e-14	4.61977961314e-13	4.76196582491e-18	3.50162311389e-08
0.0784	5.71846178503e-14	3.06506033772e-09	4.68435834164e-14	4.64343999186e-13	4.78635481699e-18	3.51954113585e-08
0.0786	5.76233123434e-14	3.08857016064e-09	4.70828838407e-14	4.66716080251e-13	4.81080610506e-18	3.53750480291e-08
0.0788	5.80642444539e-14	3.11219985831e-09	4.73227939301e-14	4.69094204508e-13	4.83531968911e-18	3.55551411445e-08
0.079	5.8507419871e-14	3.13594973521e-09	4.75633136845e-14	4.71478371954e-13	4.85989556916e-18	3.57356906984e-08
0.0792	5.89528442836e-14	3.15982009579e-09	4.78044431037e-14	4.7386858259e-13	4.88453374518e-18	3.59166966847e-08
0.0794	5.94005233807e-14	3.18381124451e-09	4.80461821878e-14	4.76264836411e-13	4.90923421719e-18	3.6098159097e-08
0.0796	5.98504628511e-14	3.20792348585e-09	4.82885309366e-14	4.78667133418e-13	4.93399698518e-18	3.62800779291e-08
0.0798	6.03026683837e-14	3.23215712424e-09	4.853148935e-14	4.81075473608e-13	4.95882204915e-18	3.64624531748e-08
0.08	6.07571456675e-14	3.25651246415e-09	4.87750574279e-14	4.8348985698e-13	4.98370940909e-18	3.66452848278e-08
0.0802	6.12139003912e-14	3.28098981002e-09	4.90192351703e-14	4.85910283531e-13	5.00865906502e-18	3.6828572882e-08
0.0804	6.16729382438e-14	3.3055894663e-09	4.92640225771e-14	4.88336753261e-13	5.03367101692e-18	3.70123173311e-08
0.0806	6.21342649139e-14	3.33031173744e-09	4.95094196481e-14	4.90769266168e-13	5.05874526479e-18	3.71965181688e-08
0.0808	6.25978860905e-14	3.35515692788e-09	4.97554263833e-14	4.93207822249e-13	5.08388180863e-18	3.7381175389e-08
0.081	6.30638074621e-14	3.38012534206e-09	5.00020427826e-14	4.95652421504e-13	5.10908064845e-18	3.75662889853e-08
0.0812	6.35320347176e-14	3.40521728441e-09	5.02492688459e-14	4.98103063931e-13	5.13434178423e-18	3.77518589516e-08
0.0814	6.40025735457e-14	3.43043305937e-09	5.04971045731e-14	5.00559749528e-13	5.15966521598e-18	3.79378852815e-08
0.0816	6.4475429635e-14	3.45577297136e-09	5.07455499642e-14	5.03022478293e-13	5.1850509437e-18	3.8124367969e-08
0.0818	6.49506086742e-14	3.48123732483e-09	5.0994605019e-14	5.05491250224e-13	5.21049896738e-18	3.83113070077e-08
0.082	6.54281163519e-14	3.50682642418e-09	5.12442697374e-14	5.07966065321e-13	5.23600928703e-18	3.84987023915e-08
0.0822	6.59079583568e-14	3.53254057384e-09	5.14945441194e-14	5.10446923581e-13	5.26158190263e-18	3.86865541139e-08
0.0824	6.63901403774e-14	3.55838007824e-09	5.17454281648e-14	5.12933825003e-13	5.2872168142e-18	3.8874862169e-08
0.0826	6.68746681023e-14	3.58434524178e-09	5.19969218736e-14	5.15426769585e-13	5.31291402173e-18	3.90636265503e-08
0.0828	6.736154722e-14	3.61043636889e-09	5.22490252457e-14	5.17925757325e-13	5.33867352521e-18	3.92528472518e-08
0.083	6.78507834191e-14	3.63665376396e-09	5.25017382811e-14	5.20430788222e-13	5.36449532465e-18	3.9442524267e-08
0.0832	6.8342382388e-14	3.66299773142e-09	5.27550609795e-14	5.22941862274e-13	5.39037942005e-18	3.96326575899e-08
0.0834	6.88363498152e-14	3.68946857567e-09	5.30089933409e-14	5.25458979479e-13	5.41632581139e-18	3.98232472141e-08
0.0836	6.93326913892e-14	3.7160666011e-09	5.32635353653e-14	5.27982139836e-13	5.44233449869e-18	4.00142931335e-08
0.0838	6.98314127983e-14	3.74279211212e-09	5.35186870525e-14	5.30511343344e-13	5.46840548194e-18	4.02057953417e-08
0.084	7.0332519731e-14	3.76964541312e-09	5.37744484025e-14	5.33046589999e-13	5.49453876114e-18	4.03977538327e-08
0.0842	7.08360178756e-14	3.7966268085e-09	5.40308194152e-14	5.35587879801e-13	5.52073433629e-18	4.05901686e-08
0.0844	7.13419129205e-14	3.82373660264e-09	5.42878000904e-14	5.38135212749e-13	5.54699220738e-18	4.07830396376e-08
0.0846	7.1850210554e-14	3.85097509995e-09	5.45453904281e-14	5.4068858884e-13	5.57331237441e-18	4.09763669391e-08
0.0848	7.23609164644e-14	3.87834260479e-09	5.48035904282e-14	5.43248008072e-13	5.59969483739e-18	4.11701504984e-08
0.085	7.287403634e-14	3.90583942156e-09	5.50624000906e-14	5.45813470445e-13	5.62613959631e-18	4.13643903092e-08
0.0852	7.3389575869e-14	3.93346585464e-09	5.53218194153e-14	5.48384975956e-13	5.65264665117e-18	4.15590863652e-08
0.0854	7.39075407397e-14	3.96122220839e-09	5.5581848402e-14	5.50962524604e-13	5.67921600197e-18	4.17542386603e-08
0.0856	7.44279366402e-14	3.9891087872e-09	5.58424870509e-14	5.53546116387e-13	5.7058476487e-18	4.19498471882e-08
0.0858	7.49507692588e-14	4.01712589544e-09	5.61037353616e-14	5.56135751304e-13	5.73254159137e-18	4.21459119426e-08
0.086	7.54760442836e-14	4.04527383746e-09	5.63655933343e-14	5.58731429352e-13	5.75929782998e-18	4.23424329173e-08
0.0862	7.60037674027e-14	4.07355291765e-09	5.66280609687e-14	5.6133315053e-13	5.78611636451e-18	4.25394101062e-08
0.0864	7.65339443043e-14	4.10196344036e-09	5.68911382647e-14	5.63940914837e-13	5.81299719498e-18	4.27368435029e-08
0.0866	7.70665806764e-14	4.13050570996e-09	5.71548252224e-14	5.66554722271e-13	5.83994032138e-18	4.29347331013e-08
0.0868	7.76016822072e-14	4.15918003079e-09	5.74191218416e-14	5.69174572829e-13	5.8669457437e-18	4.3133078895e-08
0.087	7.81392545845e-14	4.18798670721e-09	5.76840281222e-14	5.71800466512e-13	5.89401346195e-18	4.3331880878e-08
0.0872	7.86793034965e-14	4.21692604358e-09	5.79495440642e-14	5.74432403316e-13	5.92114347613e-18	4.35311390438e-08
0.0874	7.92218346312e-14	4.24599834425e-09	5.82156696673e-14	5.7707038324e-13	5.94833578623e-18	4.37308533864e-08
0.0876	7.97668536764e-14	4.27520391355e-09	5.84824049317e-14	5.79714406283e-13	5.97559039225e-18	4.39310238994e-08
0.0878	8.03143663202e-14	4.30454305583e-09	5.87497498571e-14	5.82364472442e-13	6.0029072942e-18	4.41316505766e-08
0.088	8.08643782505e-14	4.33401607544e-09	5.90177044434e-14	5.85020581717e-13	6.03028649206e-18	4.43327334119e-08
0.0882	8.14168951551e-14	4.36362327671e-09	5.92862686907e-14	5.87682734105e-13	6.05772798584e-18	4.45342723989e-08
0.0884	8.1971922722e-14	4.39336496396e-09	5.95554425987e-14	5.90350929605e-13	6.08523177554e-18	4.47362675315e-08
0.0886	8.25294666389e-14	4.42324144155e-09	5.98252261675e-14	5.93025168215e-13	6.11279786115e-18	4.49387188033e-08
0.0888	8.30895325938e-14	4.45325301379e-09	6.00956193968e-14	5.95705449934e-13	6.14042624268e-18	4.51416262082e-08
0.089	8.36521262744e-14	4.483399985e-09	6.03666222867e-14	5.9839177476e-13	6.16811692011e-18	4.534498974e-08
0.0892	8.42172533684e-14	4.51368265952e-09	6.0638234837e-14	6.01084142691e-13	6.19586989346e-18	4.55488093924e-08
0.0894	8.47849195637e-14	4.54410134167e-09	6.09104570477e-14	6.03782553725e-13	6.22368516272e-18	4.57530851591e-08
0.0896	8.5355130548e-14	4.57465633575e-09	6.11832889186e-14	6.06487007861e-13	6.25156272788e-18	4.5957817034e-08
0.0898	8.59278920089e-14	4.60534794609e-09	6.14567304497e-14	6.09197505098e-13	6.27950258895e-18	4.61630050108e-08
0.09	8.65032096342e-14	4.63617647699e-09	6.17307816409e-14	6.11914045433e-13	6.30750474593e-18	4.63686490833e-08
0.0902	8.70810891115e-14	4.66714223278e-09	6.20054424921e-14	6.14636628864e-13	6.33556919881e-18	4.65747492452e-08
0.0904	8.76615361285e-14	4.69824551774e-09	6.22807130032e-14	6.17365255391e-13	6.36369594759e-18	4.67813054903e-08
0.0906	8.82445563727e-14	4.72948663619e-09	6.2556593174e-14	6.20099925012e-13	6.39188499227e-18	4.69883178124e-08
0.0908	8.88301555317e-14	4.76086589242e-09	6.28330830047e-14	6.22840637725e-13	6.42013633285e-18	4.71957862052e-08
0.091	8.94183392931e-14	4.79238359074e-09	6.31101824949e-14	6.25587393527e-13	6.44844996933e-18	4.74037106626e-08
0.0912	9.00091133445e-14	4.82404003544e-09	6.33878916447e-14	6.28340192419e-13	6.4768259017e-18	4.76120911783e-08
0.0914	9.06024833734e-14	4.8558355308e-09	6.3666210454e-14	6.31099034397e-13	6.50526412996e-18	4.7820927746e-08
0.0916	9.11984550672e-14	4.88777038113e-09	6.39451389226e-14	6.3386391946e-13	6.53376465412e-18	4.80302203595e-08
0.0918	9.17970341134e-14	4.9198448907e-09	6.42246770505e-14	6.36634847608e-13	6.56232747418e-18	4.82399690126e-08
0.092	9.23982261994e-14	4.9520593638e-09	6.45048248376e-14	6.39411818837e-13	6.59095259012e-18	4.8450173699e-08
0.0922	9.30020370127e-14	4.98441410471e-09	6.47855822838e-14	6.42194833146e-13	6.61964000195e-18	4.86608344126e-08
0.0924	9.36084722407e-14	5.01690941771e-09	6.5066949389e-14	6.44983890534e-13	6.64838970966e-18	4.88719511471e-08
0.0926	9.42175375708e-14	5.04954560708e-09	6.53489261531e-14	6.47778990999e-13	6.67720171327e-18	4.90835238963e-08
0.0928	9.48292386902e-14	5.08232297707e-09	6.5631512576e-14	6.50580134539e-13	6.70607601275e-18	4.92955526538e-08
0.093	9.54435812864e-14	5.11524183197e-09	6.59147086577e-14	6.53387321152e-13	6.73501260812e-18	4.95080374136e-08
0.0932	9.60605710465e-14	5.14830247605e-09	6.61985143981e-14	6.56200550838e-13	6.76401149937e-18	4.97209781693e-08
0.0934	9.6680213658e-14	5.18150521355e-09	6.6482929797e-14	6.59019823594e-13	6.7930726865e-18	4.99343749148e-08
0.0936	9.7302514808e-14	5.21485034876e-09	6.67679548544e-14	6.61845139419e-13	6.82219616951e-18	5.01482276438e-08
0.0938	9.79274801838e-14	5.24833818591e-09	6.70535895702e-14	6.6467649831e-13	6.85138194839e-18	5.036253635e-08
0.094	9.85551154725e-14	5.28196902928e-09	6.73398339443e-14	6.67513900267e-13	6.88063002315e-18	5.05773010273e-08
0.0942	9.91854263614e-14	5.3157431831e-09	6.76266879766e-14	6.70357345288e-13	6.90994039379e-18	5.07925216694e-08
0.0944	9.98184185377e-14	5.34966095164e-09	6.7914151667e-14	6.7320683337e-13	6.9393130603e-18	5.10081982701e-08
0.0946	1.00454097688e-13	5.38372263914e-09	6.82022250154e-14	6.76062364513e-13	6.96874802267e-18	5.12243308232e-08
0.0948	1.01092469501e-13	5.41792854983e-09	6.84909080218e-14	6.78923938714e-13	6.99824528092e-18	5.14409193223e-08
0.095	1.01733539661e-13	5.45227898797e-09	6.8780200686e-14	6.81791555973e-13	7.02780483503e-18	5.16579637614e-08
0.0952	1.02377313858e-13	5.48677425779e-09	6.9070103008e-14	6.84665216287e-13	7.05742668502e-18	5.18754641341e-08
0.0954	1.03023797777e-13	5.52141466353e-09	6.93606149877e-14	6.87544919654e-13	7.08711083086e-18	5.20934204342e-08
0.0956	1.03672997107e-13	5.55620050942e-09	6.9651736625e-14	6.90430666074e-13	7.11685727257e-18	5.23118326555e-08
0.0958	1.04324917532e-13	5.59113209968e-09	6.99434679197e-14	6.93322455543e-13	7.14666601014e-18	5.25307007918e-08
0.096	1.04979564742e-13	5.62620973855e-09	7.02358088719e-14	6.96220288062e-13	7.17653704358e-18	5.27500248368e-08
0.0962	1.05636944422e-13	5.66143373026e-09	7.05287594814e-14	6.99124163627e-13	7.20647037287e-18	5.29698047844e-08
0.0964	1.0629706226e-13	5.69680437901e-09	7.08223197481e-14	7.02034082238e-13	7.23646599802e-18	5.31900406282e-08
0.0966	1.06959923942e-13	5.73232198903e-09	7.11164896719e-14	7.04950043893e-13	7.26652391903e-18	5.3410732362e-08
0.0968	1.07625535156e-13	5.76798686454e-09	7.14112692528e-14	7.0787204859e-13	7.29664413589e-18	5.36318799797e-08
0.097	1.08293901588e-13	5.80379930975e-09	7.17066584907e-14	7.10800096327e-13	7.3268266486e-18	5.38534834749e-08
0.0972	1.08965028925e-13	5.83975962886e-09	7.20026573854e-14	7.13734187102e-13	7.35707145717e-18	5.40755428415e-08
0.0974	1.09638922853e-13	5.87586812609e-09	7.22992659369e-14	7.16674320915e-13	7.38737856158e-18	5.42980580732e-08
0.0976	1.10315589061e-13	5.91212510564e-09	7.25964841451e-14	7.19620497763e-13	7.41774796185e-18	5.45210291638e-08
0.0978	1.10995033233e-13	5.94853087172e-09	7.28943120099e-14	7.22572717645e-13	7.44817965796e-18	5.47444561071e-08
0.098	1.11677261058e-13	5.98508572851e-09	7.31927495313e-14	7.25530980559e-13	7.47867364992e-18	5.49683388968e-08
0.0982	1.12362278222e-13	6.02178998022e-09	7.3491796709e-14	7.28495286503e-13	7.50922993772e-18	5.51926775267e-08
0.0984	1.1305009041e-13	6.05864393103e-09	7.37914535431e-14	7.31465635476e-13	7.53984852137e-18	5.54174719906e-08
0.0986	1.13740703312e-13	6.09564788515e-09	7.40917200334e-14	7.34442027477e-13	7.57052940086e-18	5.56427222822e-08
0.0988	1.14434122611e-13	6.13280214676e-09	7.43925961799e-14	7.37424462502e-13	7.60127257618e-18	5.58684283953e-08
0.099	1.15130353997e-13	6.17010702003e-09	7.46940819825e-14	7.40412940552e-13	7.63207804735e-18	5.60945903237e-08
0.0992	1.15829403154e-13	6.20756280916e-09	7.49961774411e-14	7.43407461623e-13	7.66294581435e-18	5.63212080612e-08
0.0994	1.1653127577e-13	6.24516981832e-09	7.52988825555e-14	7.46408025715e-13	7.69387587719e-18	5.65482816015e-08
0.0996	1.1723597753e-13	6.28292835169e-09	7.56021973257e-14	7.49414632826e-13	7.72486823587e-18	5.67758109384e-08
0.0998	1.17943514123e-13	6.32083871344e-09	7.59061217517e-14	7.52427282953e-13	7.75592289037e-18	5.70037960656e-08
0.1	1.18653891233e-13	6.35890120775e-09	7.62106558333e-14	7.55445976096e-13	7.78703984071e-18	5.7232236977e-08
