0	0.0	0.0	0.0	0.0	0.0	0.0
0.0002	7.38676241699e-22	3.96123053518e-17	2.3710558395e-19	2.35038388556e-18	2.42264410411e-23	1.78460169775e-13
0.0004	5.90940375382e-21	3.16897707978e-16	9.48422289579e-19	9.40153468038e-18	9.6905763404e-23	7.13837434376e-13
0.0006	1.99442168124e-20	1.06952728436e-15	2.13395004756e-18	2.11534510917e-17	2.18037965948e-22	1.60612692675e-12
0.0008	4.72751311543e-20	2.53516990649e-15	3.79368878856e-18	3.76061318266e-17	3.87623047532e-22	2.8553237799e-12
0.001	9.23341439772e-20	4.95149224187e-15	5.92763844325e-18	5.87595755924e-17	6.05661007016e-22	4.46142312685e-12
0.0012	1.59553233939e-19	8.55615875357e-15	8.53579894231e-18	8.46137810962e-17	8.72151843259e-22	6.42442010068e-12
0.0014	2.5336436116e-19	1.35868317002e-14	1.16181702164e-17	1.15168747045e-16	1.18709555512e-21	8.74430983453e-12
0.0016	3.78199467221e-19	2.02811711358e-14	1.51747521962e-17	1.50424472147e-16	1.55049214146e-21	1.14210874616e-11
0.0018	5.38490475161e-19	2.88768349103e-14	1.92055448124e-17	1.90380955108e-16	1.96234160113e-21	1.4454748115e-11
0.002	7.38669289484e-19	3.96114786688e-14	2.37105479956e-17	2.35038194636e-16	2.422643933e-21	1.78452869281e-11
0.0022	9.83167796154e-19	5.27227558524e-14	2.86897616765e-17	2.84396189438e-16	2.93139913593e-21	2.15926990341e-11
0.0024	1.27641786259e-18	6.84483176975e-14	3.41431857858e-17	3.38454938222e-16	3.48860720877e-21	2.56969795665e-11
0.0026	1.62285133769e-18	8.70258132363e-14	4.00708202542e-17	3.97214439693e-16	4.09426815038e-21	3.01581236585e-11
0.0028	2.02690005179e-18	1.08692889297e-13	4.64726650124e-17	4.60674692561e-16	4.74838195963e-21	3.49761264437e-11
0.003	2.4929958167e-18	1.33687190502e-13	5.33487199909e-17	5.28835695531e-16	5.45094863537e-21	4.01509830554e-11
0.0032	3.0255704257e-18	1.62246359271e-13	6.06989851205e-17	6.01697447312e-16	6.20196817646e-21	4.56826886274e-11
0.0034	3.6290556535e-18	1.94608035819e-13	6.85234603318e-17	6.79259946609e-16	7.00144058177e-21	5.1571238293e-11
0.0036	4.30788325631e-18	2.31009858156e-13	7.68221455555e-17	7.61523192132e-16	7.84936585014e-21	5.78166271859e-11
0.0038	5.06648497178e-18	2.71689462089e-13	8.55950407224e-17	8.48487182585e-16	8.74574398044e-21	6.44188504398e-11
0.004	5.90929251903e-18	3.16884481219e-13	9.4842145763e-17	9.40151916678e-16	9.69057497153e-21	7.13779031884e-11
0.0042	6.84073759862e-18	3.66832546944e-13	1.04563460608e-16	1.03651739312e-15	1.06838588223e-20	7.86937805654e-11
0.0044	7.86525189261e-18	4.21771288458e-13	1.14758985188e-16	1.13758361061e-15	1.17255955315e-20	8.63664777046e-11
0.0046	8.98726706448e-18	4.81938332748e-13	1.25428719434e-16	1.24335056786e-15	1.28157850981e-20	9.43959897398e-11
0.0048	1.02112147592e-17	5.47571304601e-13	1.36572663276e-16	1.35381826358e-15	1.3954427521e-20	1.02782311805e-10
0.005	1.15415266032e-17	6.18907826597e-13	1.48190816646e-16	1.46898669648e-15	1.51415227989e-20	1.11525439034e-10
0.0052	1.29826342044e-17	6.96185519112e-13	1.60283179473e-16	1.58885586525e-15	1.63770709308e-20	1.20625366561e-10
0.0054	1.45389691521e-17	7.79642000319e-13	1.72849751689e-16	1.71342576862e-15	1.76610719154e-20	1.30082089519e-10
0.0056	1.62149630171e-17	8.69514886185e-13	1.85890533223e-16	1.84269640528e-15	1.89935257518e-20	1.39895603044e-10
0.0058	1.80150473516e-17	9.66041790475e-13	1.99405524008e-16	1.97666777395e-15	2.03744324386e-20	1.50065902268e-10
0.006	1.99436536895e-17	1.06946032475e-12	2.13394723973e-16	2.11533987333e-15	2.18037919749e-20	1.60592982327e-10
0.0062	2.2005213546e-17	1.18000809836e-12	2.27858133049e-16	2.25871270212e-15	2.32816043593e-20	1.71476838354e-10
0.0064	2.42041584176e-17	1.29792271846e-12	2.42795751167e-16	2.40678625905e-15	2.48078695909e-20	1.82717465483e-10
0.0066	2.65449197825e-17	1.42344179e-12	2.58207578258e-16	2.5595605428e-15	2.63825876685e-20	1.94314858849e-10
0.0068	2.90319291003e-17	1.55680291572e-12	2.74093614251e-16	2.71703555209e-15	2.80057585908e-20	2.06269013587e-10
0.007	3.1669617812e-17	1.69824369616e-12	2.90453859079e-16	2.87921128563e-15	2.96773823568e-20	2.1857992483e-10
0.0072	3.44624173401e-17	1.84800172966e-12	3.07288312671e-16	3.04608774213e-15	3.13974589654e-20	2.31247587712e-10
0.0074	3.74147590886e-17	2.00631461234e-12	3.24596974958e-16	3.21766492028e-15	3.31659884154e-20	2.4427199737e-10
0.0076	4.0531074443e-17	2.17341993813e-12	3.42379845871e-16	3.39394281881e-15	3.49829707056e-20	2.57653148935e-10
0.0078	4.381579477e-17	2.34955529876e-12	3.6063692534e-16	3.57492143641e-15	3.68484058349e-20	2.71391037545e-10
0.008	4.72733514182e-17	2.53495828375e-12	3.79368213297e-16	3.76060077179e-15	3.87622938023e-20	2.85485658332e-10
0.0082	5.09081757172e-17	2.7298664804e-12	3.98573709672e-16	3.95098082367e-15	4.07246346064e-20	2.99937006432e-10
0.0084	5.47246989785e-17	2.93451747383e-12	4.18253414395e-16	4.14606159074e-15	4.27354282462e-20	3.14745076979e-10
0.0086	5.87273524946e-17	3.14914884695e-12	4.38407327397e-16	4.34584307171e-15	4.47946747206e-20	3.29909865109e-10
0.0088	6.29205675399e-17	3.37399818046e-12	4.59035448609e-16	4.5503252653e-15	4.69023740284e-20	3.45431365955e-10
0.009	6.730877537e-17	3.60930305286e-12	4.80137777961e-16	4.75950817021e-15	4.90585261685e-20	3.61309574652e-10
0.0092	7.1896407222e-17	3.85530104045e-12	5.01714315385e-16	4.97339178514e-15	5.12631311397e-20	3.77544486336e-10
0.0094	7.66878943146e-17	4.11222971731e-12	5.23765060811e-16	5.19197610881e-15	5.35161889409e-20	3.94136096141e-10
0.0096	8.16876678477e-17	4.38032665532e-12	5.46290014169e-16	5.41526113991e-15	5.5817699571e-20	4.11084399203e-10
0.0098	8.69001590029e-17	4.65982942419e-12	5.69289175391e-16	5.64324687717e-15	5.81676630287e-20	4.28389390656e-10
0.01	9.23297989432e-17	4.95097559138e-12	5.92762544406e-16	5.87593331928e-15	6.0566079313e-20	4.46051065635e-10
0.0102	9.79810188131e-17	5.25400272217e-12	6.16710121146e-16	6.11332046495e-15	6.30129484228e-20	4.64069419275e-10
0.0104	1.03858249738e-16	5.56914837963e-12	6.41131905541e-16	6.35540831289e-15	6.55082703568e-20	4.82444446712e-10
0.0106	1.09965922827e-16	5.89665012462e-12	6.66027897522e-16	6.60219686181e-15	6.8052045114e-20	5.01176143081e-10
0.0108	1.16308469166e-16	6.23674551582e-12	6.9139809702e-16	6.85368611041e-15	7.06442726931e-20	5.20264503516e-10
0.011	1.22890319828e-16	6.58967210969e-12	7.17242503965e-16	7.10987605741e-15	7.32849530932e-20	5.39709523153e-10
0.0112	1.29715905863e-16	6.95566746047e-12	7.43561118287e-16	7.3707667015e-15	7.59740863129e-20	5.59511197128e-10
0.0114	1.36789658306e-16	7.33496912022e-12	7.70353939919e-16	7.6363580414e-15	7.87116723513e-20	5.79669520575e-10
0.0116	1.4411600817e-16	7.72781463879e-12	7.97620968789e-16	7.90665007581e-15	8.14977112071e-20	6.00184488631e-10
0.0118	1.51699386452e-16	8.13444156382e-12	8.2536220483e-16	8.18164280344e-15	8.43322028792e-20	6.2105609643e-10
0.012	1.59544224129e-16	8.55508744076e-12	8.53577647971e-16	8.46133622299e-15	8.72151473664e-20	6.42284339108e-10
0.0122	1.67654952161e-16	8.98998981284e-12	8.82267298143e-16	8.74573033318e-15	9.01465446677e-20	6.638692118e-10
0.0124	1.76036001487e-16	9.4393862211e-12	9.11431155278e-16	9.03482513272e-15	9.31263947818e-20	6.85810709643e-10
0.0126	1.84691803031e-16	9.90351420436e-12	9.41069219305e-16	9.3286206203e-15	9.61546977077e-20	7.08108827771e-10
0.0128	1.93626787695e-16	1.03826112993e-11	9.71181490155e-16	9.62711679464e-15	9.92314534442e-20	7.30763561321e-10
0.013	2.02845386365e-16	1.08769150402e-11	1.00176796776e-15	9.93031365444e-15	1.0235666199e-19	7.53774905427e-10
0.0132	2.12352029906e-16	1.13866629594e-11	1.03282865205e-15	1.02382111984e-14	1.05530323344e-19	7.77142855226e-10
0.0134	2.22151149168e-16	1.19120925869e-11	1.06436354295e-15	1.05508094253e-14	1.08752437506e-19	8.00867405854e-10
0.0136	2.32247174978e-16	1.24534414505e-11	1.0963726404e-15	1.08681083337e-14	1.12023004473e-19	8.24948552446e-10
0.0138	2.42644538148e-16	1.30109470758e-11	1.12885594433e-15	1.11901079224e-14	1.15342024246e-19	8.49386290138e-10
0.014	2.5334766947e-16	1.35848469862e-11	1.16181345466e-15	1.15168081902e-14	1.18709496822e-19	8.74180614067e-10
0.0142	2.64360999718e-16	1.4175378703e-11	1.19524517134e-15	1.18482091356e-14	1.221254222e-19	8.99331519367e-10
0.0144	2.75688959647e-16	1.4782779745e-11	1.22915109428e-15	1.21843107574e-14	1.25589800381e-19	9.24839001176e-10
0.0146	2.87335979993e-16	1.54072876291e-11	1.26353122342e-15	1.25251130544e-14	1.29102631361e-19	9.50703054628e-10
0.0148	2.99306491475e-16	1.60491398699e-11	1.29838555869e-15	1.28706160252e-14	1.32663915141e-19	9.76923674861e-10
0.015	3.11604924793e-16	1.67085739798e-11	1.33371410002e-15	1.32208196685e-14	1.36273651719e-19	1.00350085701e-09
0.0152	3.24235710627e-16	1.7385827469e-11	1.36951684734e-15	1.35757239831e-14	1.39931841093e-19	1.03043459621e-09
0.0154	3.37203279639e-16	1.80811378454e-11	1.40579380058e-15	1.39353289676e-14	1.43638483264e-19	1.0577248876e-09
0.0156	3.50512062475e-16	1.87947426148e-11	1.44254495968e-15	1.42996346208e-14	1.47393578229e-19	1.08537172632e-09
0.0158	3.64166489759e-16	1.95268792807e-11	1.47977032456e-15	1.46686409413e-14	1.51197125987e-19	1.11337510749e-09
0.016	3.78170992097e-16	2.02777853447e-11	1.51746989515e-15	1.5042347928e-14	1.55049126538e-19	1.14173502627e-09
0.0162	3.9253000008e-16	2.10476983057e-11	1.55564367139e-15	1.54207555794e-14	1.5894957988e-19	1.17045147778e-09
0.0164	4.07247944275e-16	2.18368556608e-11	1.59429165321e-15	1.58038638942e-14	1.62898486012e-19	1.19952445716e-09
0.0166	4.22329255236e-16	2.26454949048e-11	1.63341384053e-15	1.61916728713e-14	1.66895844934e-19	1.22895395954e-09
0.0168	4.37778363493e-16	2.34738535301e-11	1.67301023328e-15	1.65841825093e-14	1.70941656642e-19	1.25873998007e-09
0.017	4.53599699562e-16	2.43221690272e-11	1.71308083141e-15	1.69813928069e-14	1.75035921138e-19	1.28888251388e-09
0.0172	4.69797693939e-16	2.51906788842e-11	1.75362563483e-15	1.73833037628e-14	1.79178638419e-19	1.31938155611e-09
0.0174	4.863767771e-16	2.6079620587e-11	1.79464464348e-15	1.77899153757e-14	1.83369808484e-19	1.35023710189e-09
0.0176	5.03341379503e-16	2.69892316193e-11	1.83613785729e-15	1.82012276443e-14	1.87609431333e-19	1.38144914636e-09
0.0178	5.2069593159e-16	2.79197494628e-11	1.87810527619e-15	1.86172405674e-14	1.91897506964e-19	1.41301768465e-09
0.018	5.38444863782e-16	2.88714115967e-11	1.92054690012e-15	1.90379541437e-14	1.96234035375e-19	1.44494271192e-09
0.0182	5.56592606481e-16	2.98444554982e-11	1.96346272899e-15	1.94633683717e-14	2.00619016567e-19	1.47722422328e-09
0.0184	5.75143590073e-16	3.08391186421e-11	2.00685276274e-15	1.98934832504e-14	2.05052450537e-19	1.50986221387e-09
0.0186	5.94102244922e-16	3.18556385013e-11	2.05071700131e-15	2.03282987783e-14	2.09534337284e-19	1.54285667885e-09
0.0188	6.13473001377e-16	3.28942525463e-11	2.09505544462e-15	2.07678149541e-14	2.14064676808e-19	1.57620761333e-09
0.019	6.33260289766e-16	3.39551982453e-11	2.13986809261e-15	2.12120317767e-14	2.18643469107e-19	1.60991501246e-09
0.0192	6.534685404e-16	3.50387130644e-11	2.1851549452e-15	2.16609492446e-14	2.23270714181e-19	1.64397887138e-09
0.0194	6.7410218357e-16	3.61450344677e-11	2.23091600232e-15	2.21145673567e-14	2.27946412027e-19	1.67839918522e-09
0.0196	6.95165649551e-16	3.72743999167e-11	2.27715126391e-15	2.25728861115e-14	2.32670562645e-19	1.71317594912e-09
0.0198	7.16663368595e-16	3.84270468711e-11	2.3238607299e-15	2.30359055079e-14	2.37443166034e-19	1.74830915822e-09
0.02	7.3859977094e-16	3.9603212788e-11	2.37104440022e-15	2.35036255444e-14	2.42264222192e-19	1.78379880765e-09
0.0202	7.60979286804e-16	4.08031351226e-11	2.41870227479e-15	2.39760462199e-14	2.47133731118e-19	1.81964489255e-09
0.0204	7.83806346385e-16	4.20270513278e-11	2.46683435355e-15	2.4453167533e-14	2.52051692812e-19	1.85584740806e-09
0.0206	8.07085379864e-16	4.32751988543e-11	2.51544063644e-15	2.49349894825e-14	2.57018107272e-19	1.89240634932e-09
0.0208	8.30820817403e-16	4.45478151505e-11	2.56452112337e-15	2.5421512067e-14	2.62032974497e-19	1.92932171146e-09
0.021	8.55017089145e-16	4.58451376628e-11	2.61407581428e-15	2.59127352852e-14	2.67096294486e-19	1.96659348962e-09
0.0212	8.79678625217e-16	4.71674038352e-11	2.66410470911e-15	2.64086591359e-14	2.72208067238e-19	2.00422167894e-09
0.0214	9.04809855723e-16	4.85148511096e-11	2.71460780777e-15	2.69092836178e-14	2.77368292751e-19	2.04220627455e-09
0.0216	9.30415210752e-16	4.98877169257e-11	2.76558511021e-15	2.74146087296e-14	2.82576971024e-19	2.0805472716e-09
0.0218	9.56499120374e-16	5.12862387209e-11	2.81703661636e-15	2.79246344699e-14	2.87834102057e-19	2.11924466522e-09
0.022	9.83066014639e-16	5.27106539306e-11	2.86896232613e-15	2.84393608375e-14	2.93139685848e-19	2.15829845055e-09
0.0222	1.01012032358e-15	5.41611999878e-11	2.92136223948e-15	2.89587878311e-14	2.98493722395e-19	2.19770862272e-09
0.0224	1.03766647721e-15	5.56381143233e-11	2.97423635631e-15	2.94829154495e-14	3.03896211699e-19	2.23747517688e-09
0.0226	1.06570890552e-15	5.71416343658e-11	3.02758467658e-15	3.00117436912e-14	3.09347153757e-19	2.27759810816e-09
0.0228	1.0942520385e-15	5.86719975417e-11	3.0814072002e-15	3.0545272555e-14	3.14846548569e-19	2.31807741171e-09
0.023	1.12330030609e-15	6.02294412754e-11	3.13570392711e-15	3.10835020397e-14	3.20394396134e-19	2.35891308265e-09
0.0232	1.15285813825e-15	6.18142029889e-11	3.19047485723e-15	3.16264321439e-14	3.25990696449e-19	2.40010511612e-09
0.0234	1.18292996488e-15	6.34265201019e-11	3.24571999051e-15	3.21740628663e-14	3.31635449515e-19	2.44165350727e-09
0.0236	1.2135202159e-15	6.50666300322e-11	3.30143932686e-15	3.27263942057e-14	3.3732865533e-19	2.48355825123e-09
0.0238	1.24463332118e-15	6.67347701952e-11	3.35763286623e-15	3.32834261608e-14	3.43070313892e-19	2.52581934315e-09
0.024	1.2762737106e-15	6.84311780042e-11	3.41430060853e-15	3.38451587302e-14	3.48860425202e-19	2.56843677814e-09
0.0242	1.30844581399e-15	7.01560908701e-11	3.47144255371e-15	3.44115919126e-14	3.54698989256e-19	2.61141055137e-09
0.0244	1.3411540612e-15	7.19097462018e-11	3.52905870169e-15	3.49827257069e-14	3.60586006056e-19	2.65474065796e-09
0.0246	1.37440288202e-15	7.3692381406e-11	3.5871490524e-15	3.55585601116e-14	3.66521475598e-19	2.69842709305e-09
0.0248	1.40819670625e-15	7.5504233887e-11	3.64571360578e-15	3.61390951255e-14	3.72505397883e-19	2.74246985179e-09
0.025	1.44253996366e-15	7.73455410471e-11	3.70475236175e-15	3.67243307473e-14	3.78537772909e-19	2.7868689293e-09
0.0252	1.47743708401e-15	7.92165402863e-11	3.76426532025e-15	3.73142669757e-14	3.84618600675e-19	2.83162432073e-09
0.0254	1.51289249703e-15	8.11174690024e-11	3.8242524812e-15	3.79089038094e-14	3.90747881179e-19	2.87673602122e-09
0.0256	1.54891063244e-15	8.3048564591e-11	3.88471384454e-15	3.85082412472e-14	3.96925614421e-19	2.9222040259e-09
0.0258	1.58549591994e-15	8.50100644456e-11	3.94564941019e-15	3.91122792877e-14	4.03151800399e-19	2.96802832992e-09
0.026	1.6226527892e-15	8.70022059573e-11	4.00705917809e-15	3.97210179296e-14	4.09426439113e-19	3.01420892841e-09
0.0262	1.6603856699e-15	8.90252265152e-11	4.06894314817e-15	4.03344571716e-14	4.15749530561e-19	3.0607458165e-09
0.0264	1.69869899167e-15	9.1079363506e-11	4.13130132036e-15	4.09525970125e-14	4.22121074742e-19	3.10763898935e-09
0.0266	1.73759718413e-15	9.31648543144e-11	4.19413369459e-15	4.15754374509e-14	4.28541071655e-19	3.15488844209e-09
0.0268	1.7770846769e-15	9.52819363228e-11	4.25744027079e-15	4.22029784856e-14	4.35009521298e-19	3.20249416985e-09
0.027	1.81716589956e-15	9.74308469113e-11	4.32122104889e-15	4.28352201153e-14	4.41526423671e-19	3.25045616777e-09
0.0272	1.85784528168e-15	9.96118234579e-11	4.38547602882e-15	4.34721623386e-14	4.48091778773e-19	3.298774431e-09
0.0274	1.89912725281e-15	1.01825103339e-10	4.45020521051e-15	4.41138051544e-14	4.54705586602e-19	3.34744895468e-09
0.0276	1.94101624249e-15	1.04070923927e-10	4.5154085939e-15	4.47601485612e-14	4.61367847157e-19	3.39647973393e-09
0.0278	1.98351668022e-15	1.06349522594e-10	4.58108617891e-15	4.54111925578e-14	4.68078560437e-19	3.44586676391e-09
0.028	2.0266329955e-15	1.08661136709e-10	4.64723796548e-15	4.60669371429e-14	4.74837726441e-19	3.49561003974e-09
0.0282	2.0703696178e-15	1.11006003639e-10	4.71386395353e-15	4.67273823153e-14	4.81645345168e-19	3.54570955658e-09
0.0284	2.11473097659e-15	1.13384360749e-10	4.78096414299e-15	4.73925280735e-14	4.88501416617e-19	3.59616530955e-09
0.0286	2.15972150131e-15	1.15796445401e-10	4.8485385338e-15	4.80623744164e-14	4.95405940786e-19	3.6469772938e-09
0.0288	2.20534562137e-15	1.18242494956e-10	4.91658712589e-15	4.87369213426e-14	5.02358917674e-19	3.69814550447e-09
0.029	2.25160776618e-15	1.20722746772e-10	4.98510991919e-15	4.94161688509e-14	5.09360347281e-19	3.74966993669e-09
0.0292	2.29851236511e-15	1.23237438205e-10	5.05410691362e-15	5.01001169399e-14	5.16410229604e-19	3.80155058561e-09
0.0294	2.34606384755e-15	1.25786806609e-10	5.12357810913e-15	5.07887656084e-14	5.23508564644e-19	3.85378744636e-09
0.0296	2.39426664282e-15	1.28371089335e-10	5.19352350563e-15	5.1482114855e-14	5.30655352398e-19	3.90638051408e-09
0.0298	2.44312518027e-15	1.30990523732e-10	5.26394310307e-15	5.21801646785e-14	5.37850592866e-19	3.95932978392e-09
0.03	2.4926438892e-15	1.33645347148e-10	5.33483690136e-15	5.28829150776e-14	5.45094286046e-19	4.01263525101e-09
0.0302	2.54282719889e-15	1.36335796928e-10	5.40620490045e-15	5.35903660509e-14	5.52386431938e-19	4.06629691049e-09
0.0304	2.59367953863e-15	1.39062110415e-10	5.47804710026e-15	5.43025175973e-14	5.5972703054e-19	4.1203147575e-09
0.0306	2.64520533767e-15	1.41824524948e-10	5.55036350072e-15	5.50193697153e-14	5.67116081851e-19	4.17468878719e-09
0.0308	2.69740902524e-15	1.44623277866e-10	5.62315410176e-15	5.57409224038e-14	5.7455358587e-19	4.22941899468e-09
0.031	2.75029503056e-15	1.47458606507e-10	5.69641890332e-15	5.64671756613e-14	5.82039542595e-19	4.28450537513e-09
0.0312	2.80386778282e-15	1.50330748202e-10	5.77015790533e-15	5.71981294867e-14	5.89573952027e-19	4.33994792366e-09
0.0314	2.85813171122e-15	1.53239940285e-10	5.84437110771e-15	5.79337838786e-14	5.97156814163e-19	4.39574663542e-09
0.0316	2.9130912449e-15	1.56186420084e-10	5.9190585104e-15	5.86741388358e-14	6.04788129002e-19	4.45190150556e-09
0.0318	2.96875081302e-15	1.59170424927e-10	5.99422011332e-15	5.94191943569e-14	6.12467896543e-19	4.5084125292e-09
0.032	3.02511484469e-15	1.6219219214e-10	6.06985591642e-15	6.01689504406e-14	6.20196116786e-19	4.56527970149e-09
0.0322	3.08218776902e-15	1.65251959044e-10	6.14596591961e-15	6.09234070857e-14	6.27972789729e-19	4.62250301758e-09
0.0324	3.1399740151e-15	1.68349962961e-10	6.22255012283e-15	6.16825642909e-14	6.3579791537e-19	4.68008247259e-09
0.0326	3.198478012e-15	1.7148644121e-10	6.29960852601e-15	6.24464220548e-14	6.43671493709e-19	4.73801806167e-09
0.0328	3.25770418877e-15	1.74661631106e-10	6.37714112908e-15	6.32149803762e-14	6.51593524744e-19	4.79630977996e-09
0.033	3.31765697443e-15	1.77875769964e-10	6.45514793197e-15	6.39882392538e-14	6.59564008475e-19	4.8549576226e-09
0.0332	3.37834079801e-15	1.81129095095e-10	6.53362893461e-15	6.47661986863e-14	6.675829449e-19	4.91396158472e-09
0.0334	3.43976008849e-15	1.8442184381e-10	6.61258413694e-15	6.55488586724e-14	6.75650334019e-19	4.97332166148e-09
0.0336	3.50191927486e-15	1.87754253416e-10	6.69201353888e-15	6.63362192108e-14	6.83766175829e-19	5.03303784801e-09
0.0338	3.56482278606e-15	1.91126561218e-10	6.77191714036e-15	6.71282803002e-14	6.9193047033e-19	5.09311013945e-09
0.034	3.62847505105e-15	1.94539004519e-10	6.85229494132e-15	6.79250419394e-14	7.00143217521e-19	5.15353853094e-09
0.0342	3.69288049873e-15	1.9799182062e-10	6.93314694168e-15	6.8726504127e-14	7.084044174e-19	5.21432301762e-09
0.0344	3.75804355802e-15	2.0148524682e-10	7.01447314138e-15	6.95326668617e-14	7.16714069967e-19	5.27546359463e-09
0.0346	3.82396865778e-15	2.05019520416e-10	7.09627354034e-15	7.03435301422e-14	7.25072175219e-19	5.33696025712e-09
0.0348	3.8906602269e-15	2.08594878701e-10	7.1785481385e-15	7.11590939673e-14	7.33478733158e-19	5.39881300021e-09
0.035	3.95812269421e-15	2.12211558968e-10	7.26129693579e-15	7.19793583357e-14	7.4193374378e-19	5.46102181906e-09
0.0352	4.02636048855e-15	2.15869798507e-10	7.34451993214e-15	7.2804323246e-14	7.50437207084e-19	5.5235867088e-09
0.0354	4.09537803872e-15	2.19569834605e-10	7.42821712748e-15	7.3633988697e-14	7.58989123071e-19	5.58650766458e-09
0.0356	4.16517977351e-15	2.23311904547e-10	7.51238852173e-15	7.44683546874e-14	7.67589491738e-19	5.64978468153e-09
0.0358	4.23577012169e-15	2.27096245618e-10	7.59703411484e-15	7.53074212158e-14	7.76238313084e-19	5.7134177548e-09
0.036	4.30715351202e-15	2.30923095098e-10	7.68215390673e-15	7.61511882811e-14	7.84935587109e-19	5.77740687952e-09
0.0362	4.37933437324e-15	2.34792690267e-10	7.76774789733e-15	7.69996558818e-14	7.93681313811e-19	5.84175205084e-09
0.0364	4.45231713406e-15	2.38705268399e-10	7.85381608658e-15	7.78528240168e-14	8.02475493189e-19	5.9064532639e-09
0.0366	4.52610622317e-15	2.42661066771e-10	7.94035847439e-15	7.87106926847e-14	8.11318125242e-19	5.97151051384e-09
0.0368	4.60070606927e-15	2.46660322655e-10	8.02737506071e-15	7.95732618842e-14	8.20209209968e-19	6.0369237958e-09
0.037	4.676121101e-15	2.5070327332e-10	8.11486584547e-15	8.0440531614e-14	8.29148747367e-19	6.10269310492e-09
0.0372	4.75235574701e-15	2.54790156035e-10	8.20283082859e-15	8.13125018729e-14	8.38136737438e-19	6.16881843634e-09
0.0374	4.82941443592e-15	2.58921208064e-10	8.29127001e-15	8.21891726595e-14	8.47173180179e-19	6.2352997852e-09
0.0376	4.90730159635e-15	2.63096666672e-10	8.38018338965e-15	8.30705439726e-14	8.56258075588e-19	6.30213714665e-09
0.0378	4.98602165687e-15	2.6731676912e-10	8.46957096745e-15	8.39566158108e-14	8.65391423666e-19	6.36933051582e-09
0.038	5.06557904606e-15	2.71581752667e-10	8.55943274333e-15	8.48473881729e-14	8.74573224411e-19	6.43687988786e-09
0.0382	5.14597819247e-15	2.7589185457e-10	8.64976871724e-15	8.57428610576e-14	8.83803477822e-19	6.50478525791e-09
0.0384	5.22722352461e-15	2.80247312083e-10	8.7405788891e-15	8.66430344636e-14	8.93082183897e-19	6.57304662111e-09
0.0386	5.30931947102e-15	2.84648362458e-10	8.83186325883e-15	8.75479083895e-14	9.02409342635e-19	6.64166397259e-09
0.0388	5.39227046018e-15	2.89095242947e-10	8.92362182638e-15	8.84574828342e-14	9.11784954036e-19	6.71063730751e-09
0.039	5.47608092057e-15	2.93588190797e-10	9.01585459167e-15	8.93717577962e-14	9.21209018098e-19	6.77996662101e-09
0.0392	5.56075528065e-15	2.98127443254e-10	9.10856155463e-15	9.02907332744e-14	9.3068153482e-19	6.84965190821e-09
0.0394	5.64629796885e-15	3.02713237562e-10	9.20174271519e-15	9.12144092673e-14	9.40202504201e-19	6.91969316428e-09
0.0396	5.73271341359e-15	3.07345810961e-10	9.29539807328e-15	9.21427857738e-14	9.4977192624e-19	6.99009038434e-09
0.0398	5.82000604328e-15	3.12025400692e-10	9.38952762884e-15	9.30758627926e-14	9.59389800935e-19	7.06084356354e-09
0.04	5.9081802863e-15	3.16752243992e-10	9.4841313818e-15	9.40136403222e-14	9.69056128286e-19	7.13195269702e-09
0.0402	5.99724057101e-15	3.21526578094e-10	9.57920933208e-15	9.49561183615e-14	9.78770908291e-19	7.20341777993e-09
0.0404	6.08719132576e-15	3.26348640232e-10	9.67476147961e-15	9.59032969092e-14	9.88534140949e-19	7.2752388074e-09
0.0406	6.17803697887e-15	3.31218667637e-10	9.77078782433e-15	9.68551759639e-14	9.98345826259e-19	7.34741577457e-09
0.0408	6.26978195867e-15	3.36136897536e-10	9.86728836617e-15	9.78117555244e-14	1.00820596422e-18	7.4199486766e-09
0.041	6.36243069342e-15	3.41103567155e-10	9.96426310506e-15	9.87730355894e-14	1.01811455483e-18	7.49283750861e-09
0.0412	6.45598761142e-15	3.46118913719e-10	1.00617120409e-14	9.97390161576e-14	1.02807159809e-18	7.56608226576e-09
0.0414	6.55045714091e-15	3.51183174449e-10	1.01596351737e-14	1.00709697228e-13	1.038077094e-18	7.63968294318e-09
0.0416	6.64584371012e-15	3.56296586564e-10	1.02580325033e-14	1.01685078798e-13	1.04813104255e-18	7.71363953602e-09
0.0418	6.74215174727e-15	3.61459387282e-10	1.03569040297e-14	1.02665160868e-13	1.05823344375e-18	7.78795203941e-09
0.042	6.83938568056e-15	3.66671813817e-10	1.04562497528e-14	1.03649943436e-13	1.06838429759e-18	7.86262044851e-09
0.0422	6.93754993817e-15	3.71934103383e-10	1.05560696725e-14	1.04639426501e-13	1.07858360408e-18	7.93764475844e-09
0.0424	7.03664894826e-15	3.7724649319e-10	1.06563637888e-14	1.05633610061e-13	1.0888313632e-18	8.01302496436e-09
0.0426	7.13668713898e-15	3.82609220447e-10	1.07571321016e-14	1.06632494115e-13	1.09912757497e-18	8.08876106141e-09
0.0428	7.23766893843e-15	3.88022522359e-10	1.08583746108e-14	1.07636078662e-13	1.10947223938e-18	8.16485304473e-09
0.043	7.33959877474e-15	3.9348663613e-10	1.09600913163e-14	1.08644363701e-13	1.11986535643e-18	8.24130090946e-09
0.0432	7.44248107598e-15	3.99001798964e-10	1.10622822182e-14	1.0965734923e-13	1.13030692611e-18	8.31810465074e-09
0.0434	7.54632027023e-15	4.04568248058e-10	1.11649473162e-14	1.10675035248e-13	1.14079694843e-18	8.39526426372e-09
0.0436	7.65112078553e-15	4.10186220611e-10	1.12680866104e-14	1.11697421753e-13	1.15133542338e-18	8.47277974354e-09
0.0438	7.75688704992e-15	4.15855953817e-10	1.13717001007e-14	1.12724508745e-13	1.16192235097e-18	8.55065108534e-09
0.044	7.8636234914e-15	4.21577684871e-10	1.1475787787e-14	1.13756296222e-13	1.17255773119e-18	8.62887828426e-09
0.0442	7.97133453797e-15	4.27351650961e-10	1.15803496692e-14	1.14792784183e-13	1.18324156404e-18	8.70746133545e-09
0.0444	8.08002461761e-15	4.33178089278e-10	1.16853857473e-14	1.15833972626e-13	1.19397384952e-18	8.78640023404e-09
0.0446	8.18969815828e-15	4.39057237008e-10	1.17908960212e-14	1.16879861551e-13	1.20475458763e-18	8.86569497519e-09
0.0448	8.3003595879e-15	4.44989331334e-10	1.18968804908e-14	1.17930450955e-13	1.21558377837e-18	8.94534555404e-09
0.045	8.41201333441e-15	4.50974609439e-10	1.20033391561e-14	1.18985740838e-13	1.22646142174e-18	9.02535196572e-09
0.0452	8.5246638257e-15	4.57013308502e-10	1.2110272017e-14	1.20045731198e-13	1.23738751773e-18	9.10571420537e-09
0.0454	8.63831548965e-15	4.63105665701e-10	1.22176790734e-14	1.21110422035e-13	1.24836206635e-18	9.18643226816e-09
0.0456	8.75297275413e-15	4.69251918212e-10	1.23255603253e-14	1.22179813346e-13	1.25938506759e-18	9.2675061492e-09
0.0458	8.86864004699e-15	4.75452303208e-10	1.24339157725e-14	1.2325390513e-13	1.27045652145e-18	9.34893584366e-09
0.046	8.98532179605e-15	4.81707057859e-10	1.25427454151e-14	1.24332697387e-13	1.28157642794e-18	9.43072134667e-09
0.0462	9.10302242912e-15	4.88016419335e-10	1.26520492529e-14	1.25416190115e-13	1.29274478704e-18	9.51286265337e-09
0.0464	9.22174637399e-15	4.94380624801e-10	1.27618272858e-14	1.26504383312e-13	1.30396159876e-18	9.59535975891e-09
0.0466	9.34149805844e-15	5.00799911423e-10	1.28720795139e-14	1.27597276977e-13	1.3152268631e-18	9.67821265843e-09
0.0468	9.46228191021e-15	5.07274516363e-10	1.29828059371e-14	1.2869487111e-13	1.32654058006e-18	9.76142134708e-09
0.047	9.58410235703e-15	5.1380467678e-10	1.30940065551e-14	1.29797165708e-13	1.33790274964e-18	9.84498581999e-09
0.0472	9.70696382664e-15	5.20390629832e-10	1.32056813681e-14	1.3090416077e-13	1.34931337182e-18	9.92890607231e-09
0.0474	9.83087074671e-15	5.27032612675e-10	1.3317830376e-14	1.32015856296e-13	1.36077244662e-18	1.00131820992e-08
0.0476	9.95582754494e-15	5.33730862463e-10	1.34304535785e-14	1.33132252283e-13	1.37227997404e-18	1.00978138958e-08
0.0478	1.0081838649e-14	5.40485616346e-10	1.35435509758e-14	1.34253348731e-13	1.38383595406e-18	1.01828014572e-08
0.048	1.02089084865e-14	5.47297111473e-10	1.36571225677e-14	1.35379145638e-13	1.39544038669e-18	1.02681447786e-08
0.0482	1.03370414851e-14	5.54165584992e-10	1.37711683541e-14	1.36509643004e-13	1.40709327194e-18	1.03538438551e-08
0.0484	1.04662420723e-14	5.61091274046e-10	1.38856883351e-14	1.37644840825e-13	1.41879460979e-18	1.04398986819e-08
0.0486	1.05965146758e-14	5.68074415778e-10	1.40006825104e-14	1.38784739102e-13	1.43054440024e-18	1.05263092541e-08
0.0488	1.07278637232e-14	5.75115247329e-10	1.41161508801e-14	1.39929337834e-13	1.4423426433e-18	1.06130755669e-08
0.049	1.08602936419e-14	5.82214005836e-10	1.4232093444e-14	1.41078637018e-13	1.45418933897e-18	1.07001976153e-08
0.0492	1.09938088596e-14	5.89370928435e-10	1.43485102022e-14	1.42232636653e-13	1.46608448724e-18	1.07876753946e-08
0.0494	1.11284138037e-14	5.96586252259e-10	1.44654011545e-14	1.43391336739e-13	1.47802808811e-18	1.08755088999e-08
0.0496	1.12641129017e-14	6.0386021444e-10	1.45827663009e-14	1.44554737273e-13	1.49002014158e-18	1.09636981264e-08
0.0498	1.14009105811e-14	6.11193052108e-10	1.47006056412e-14	1.45722838255e-13	1.50206064765e-18	1.10522430691e-08
0.05	1.15388112694e-14	6.18585002388e-10	1.48189191755e-14	1.46895639683e-13	1.51414960632e-18	1.11411437232e-08
0.0502	1.16778193939e-14	6.26036302406e-10	1.49377069037e-14	1.48073141557e-13	1.52628701759e-18	1.12304000839e-08
0.0504	1.18179393822e-14	6.33547189285e-10	1.50569688256e-14	1.49255343874e-13	1.53847288145e-18	1.13200121463e-08
0.0506	1.19591756616e-14	6.41117900144e-10	1.51767049413e-14	1.50442246634e-13	1.55070719791e-18	1.14099799056e-08
0.0508	1.21015326594e-14	6.48748672102e-10	1.52969152506e-14	1.51633849834e-13	1.56298996696e-18	1.15003033568e-08
0.051	1.22450148031e-14	6.56439742274e-10	1.54175997535e-14	1.52830153475e-13	1.5753211886e-18	1.15909824952e-08
0.0512	1.23896265201e-14	6.64191347776e-10	1.55387584499e-14	1.54031157554e-13	1.58770086284e-18	1.16820173159e-08
0.0514	1.25353722375e-14	6.72003725717e-10	1.56603913398e-14	1.5523686207e-13	1.60012898966e-18	1.1773407814e-08
0.0516	1.26822563828e-14	6.79877113208e-10	1.5782498423e-14	1.56447267022e-13	1.61260556908e-18	1.18651539847e-08
0.0518	1.28302833833e-14	6.87811747355e-10	1.59050796995e-14	1.57662372409e-13	1.62513060108e-18	1.19572558231e-08
0.052	1.29794576661e-14	6.95807865264e-10	1.60281351693e-14	1.58882178229e-13	1.63770408567e-18	1.20497133243e-08
0.0522	1.31297836586e-14	7.03865704037e-10	1.61516648322e-14	1.60106684482e-13	1.65032602285e-18	1.21425264836e-08
0.0524	1.32812657879e-14	7.11985500775e-10	1.62756686882e-14	1.61335891165e-13	1.66299641261e-18	1.2235695296e-08
0.0526	1.34339084814e-14	7.20167492576e-10	1.64001467373e-14	1.62569798278e-13	1.67571525496e-18	1.23292197567e-08
0.0528	1.35877161662e-14	7.28411916536e-10	1.65250989793e-14	1.63808405819e-13	1.68848254988e-18	1.24230998609e-08
0.053	1.37426932694e-14	7.36719009749e-10	1.66505254142e-14	1.65051713786e-13	1.70129829739e-18	1.25173356036e-08
0.0532	1.38988442183e-14	7.45089009308e-10	1.67764260419e-14	1.6629972218e-13	1.71416249748e-18	1.26119269801e-08
0.0534	1.405617344e-14	7.53522152301e-10	1.69028008624e-14	1.67552430997e-13	1.72707515015e-18	1.27068739854e-08
0.0536	1.42146853616e-14	7.62018675815e-10	1.70296498755e-14	1.68809840238e-13	1.7400362554e-18	1.28021766148e-08
0.0538	1.43743844101e-14	7.70578816937e-10	1.71569730813e-14	1.70071949901e-13	1.75304581322e-18	1.28978348633e-08
0.054	1.45352750128e-14	7.79202812748e-10	1.72847704796e-14	1.71338759984e-13	1.76610382362e-18	1.29938487261e-08
0.0542	1.46973615967e-14	7.8789090033e-10	1.74130420704e-14	1.72610270486e-13	1.77921028659e-18	1.30902181984e-08
0.0544	1.48606485887e-14	7.96643316761e-10	1.75417878535e-14	1.73886481406e-13	1.79236520213e-18	1.31869432752e-08
0.0546	1.5025140416e-14	8.05460299118e-10	1.7671007829e-14	1.75167392742e-13	1.80556857025e-18	1.32840239518e-08
0.0548	1.51908415055e-14	8.14342084474e-10	1.78007019968e-14	1.76453004494e-13	1.81882039094e-18	1.33814602233e-08
0.055	1.53577562843e-14	8.23288909902e-10	1.79308703568e-14	1.7774331666e-13	1.8321206642e-18	1.34792520849e-08
0.0552	1.55258891793e-14	8.32301012471e-10	1.80615129089e-14	1.79038329238e-13	1.84546939003e-18	1.35773995316e-08
0.0554	1.56952446175e-14	8.41378629248e-10	1.8192629653e-14	1.80338042228e-13	1.85886656842e-18	1.36759025586e-08
0.0556	1.58658270258e-14	8.505219973e-10	1.83242205892e-14	1.81642455628e-13	1.87231219939e-18	1.37747611611e-08
0.0558	1.60376408311e-14	8.59731353689e-10	1.84562857172e-14	1.82951569437e-13	1.88580628291e-18	1.38739753342e-08
0.056	1.62106904604e-14	8.69006935476e-10	1.85888250371e-14	1.84265383653e-13	1.89934881901e-18	1.39735450731e-08
0.0562	1.63849803405e-14	8.7834897972e-10	1.87218385488e-14	1.85583898276e-13	1.91293980766e-18	1.40734703728e-08
0.0564	1.65605148982e-14	8.87757723477e-10	1.88553262522e-14	1.86907113303e-13	1.92657924888e-18	1.41737512286e-08
0.0566	1.67372985605e-14	8.97233403802e-10	1.89892881472e-14	1.88235028734e-13	1.94026714265e-18	1.42743876356e-08
0.0568	1.69153357542e-14	9.06776257746e-10	1.91237242338e-14	1.89567644568e-13	1.95400348899e-18	1.4375379589e-08
0.057	1.7094630906e-14	9.16386522361e-10	1.9258634512e-14	1.90904960802e-13	1.96778828789e-18	1.44767270838e-08
0.0572	1.72751884427e-14	9.26064434693e-10	1.93940189815e-14	1.92246977437e-13	1.98162153934e-18	1.45784301153e-08
0.0574	1.74570127912e-14	9.35810231787e-10	1.95298776424e-14	1.93593694469e-13	1.99550324335e-18	1.46804886785e-08
0.0576	1.76401083781e-14	9.45624150688e-10	1.96662104946e-14	1.94945111899e-13	2.00943339991e-18	1.47829027686e-08
0.0578	1.78244796303e-14	9.55506428437e-10	1.9803017538e-14	1.96301229725e-13	2.02341200903e-18	1.48856723809e-08
0.058	1.80101309744e-14	9.65457302071e-10	1.99402987726e-14	1.97662047946e-13	2.0374390707e-18	1.49887975103e-08
0.0582	1.81970668371e-14	9.75477008629e-10	2.00780541982e-14	1.99027566559e-13	2.05151458492e-18	1.50922781521e-08
0.0584	1.83852916451e-14	9.85565785144e-10	2.02162838149e-14	2.00397785565e-13	2.0656385517e-18	1.51961143014e-08
0.0586	1.85748098251e-14	9.95723868649e-10	2.03549876226e-14	2.01772704961e-13	2.07981097102e-18	1.53003059533e-08
0.0588	1.87656258036e-14	1.00595149617e-09	2.04941656211e-14	2.03152324747e-13	2.09403184289e-18	1.5404853103e-08
0.059	1.89577440074e-14	1.01624890475e-09	2.06338178104e-14	2.04536644921e-13	2.10830116731e-18	1.55097557457e-08
0.0592	1.9151168863e-14	1.02661633139e-09	2.07739441904e-14	2.05925665482e-13	2.12261894427e-18	1.56150138765e-08
0.0594	1.9345904797e-14	1.03705401314e-09	2.09145447611e-14	2.07319386428e-13	2.13698517378e-18	1.57206274904e-08
0.0596	1.9541956236e-14	1.047562187e-09	2.10556195225e-14	2.08717807759e-13	2.15139985583e-18	1.58265965828e-08
0.0598	1.97393276066e-14	1.05814109e-09	2.11971684743e-14	2.10120929473e-13	2.16586299042e-18	1.59329211487e-08
0.06	1.99380233352e-14	1.06879095915e-09	2.13391916166e-14	2.11528751568e-13	2.18037457756e-18	1.60396011833e-08
0.0602	2.01380478483e-14	1.07951203147e-09	2.14816889493e-14	2.12941274044e-13	2.19493461724e-18	1.61466366816e-08
0.0604	2.03394055726e-14	1.09030454398e-09	2.16246604724e-14	2.14358496898e-13	2.20954310945e-18	1.6254027639e-08
0.0606	2.05421009343e-14	1.10116873367e-09	2.17681061857e-14	2.15780420131e-13	2.2242000542e-18	1.63617740504e-08
0.0608	2.07461383601e-14	1.11210483757e-09	2.19120260891e-14	2.1720704374e-13	2.23890545149e-18	1.64698759111e-08
0.061	2.09515222763e-14	1.12311309267e-09	2.20564201827e-14	2.18638367724e-13	2.25365930132e-18	1.65783332162e-08
0.0612	2.11582571094e-14	1.13419373598e-09	2.22012884663e-14	2.20074392082e-13	2.26846160368e-18	1.66871459609e-08
0.0614	2.13663472857e-14	1.1453470045e-09	2.23466309399e-14	2.21515116813e-13	2.28331235857e-18	1.67963141402e-08
0.0616	2.15757972316e-14	1.15657313524e-09	2.24924476035e-14	2.22960541915e-13	2.298211566e-18	1.69058377494e-08
0.0618	2.17866113736e-14	1.16787236518e-09	2.26387384568e-14	2.24410667387e-13	2.31315922596e-18	1.70157167836e-08
0.062	2.19987941378e-14	1.17924493132e-09	2.27855034999e-14	2.25865493227e-13	2.32815533844e-18	1.71259512379e-08
0.0622	2.22123499508e-14	1.19069107066e-09	2.29327427327e-14	2.27325019436e-13	2.34319990346e-18	1.72365411075e-08
0.0624	2.24272832387e-14	1.20221102018e-09	2.30804561552e-14	2.2878924601e-13	2.358292921e-18	1.73474863875e-08
0.0626	2.26435984279e-14	1.21380501688e-09	2.32286437672e-14	2.30258172949e-13	2.37343439107e-18	1.74587870731e-08
0.0628	2.28612999447e-14	1.22547329773e-09	2.33773055687e-14	2.31731800252e-13	2.38862431367e-18	1.75704431594e-08
0.063	2.30803922152e-14	1.23721609973e-09	2.35264415596e-14	2.33210127917e-13	2.40386268879e-18	1.76824546415e-08
0.0632	2.33008796657e-14	1.24903365986e-09	2.36760517399e-14	2.34693155943e-13	2.41914951643e-18	1.77948215147e-08
0.0634	2.35227667225e-14	1.26092621509e-09	2.38261361095e-14	2.36180884329e-13	2.4344847966e-18	1.79075437741e-08
0.0636	2.37460578117e-14	1.27289400241e-09	2.39766946682e-14	2.37673313073e-13	2.44986852928e-18	1.80206214147e-08
0.0638	2.39707573596e-14	1.28493725878e-09	2.41277274162e-14	2.39170442174e-13	2.46530071449e-18	1.81340544318e-08
0.064	2.41968697922e-14	1.29705622118e-09	2.42792343532e-14	2.40672271631e-13	2.48078135221e-18	1.82478428205e-08
0.0642	2.44243995357e-14	1.30925112658e-09	2.44312154792e-14	2.42178801443e-13	2.49631044245e-18	1.8361986576e-08
0.0644	2.46533510163e-14	1.32152221195e-09	2.45836707941e-14	2.43690031608e-13	2.51188798521e-18	1.84764856933e-08
0.0646	2.488372866e-14	1.33386971426e-09	2.47366002979e-14	2.45205962125e-13	2.52751398049e-18	1.85913401677e-08
0.0648	2.5115536893e-14	1.34629387047e-09	2.48900039905e-14	2.46726592992e-13	2.54318842827e-18	1.87065499943e-08
0.065	2.53487801412e-14	1.35879491754e-09	2.50438818718e-14	2.48251924209e-13	2.55891132857e-18	1.88221151682e-08
0.0652	2.55834628308e-14	1.37137309243e-09	2.51982339418e-14	2.49781955774e-13	2.57468268138e-18	1.89380356846e-08
0.0654	2.58195893877e-14	1.3840286321e-09	2.53530602004e-14	2.51316687685e-13	2.59050248671e-18	1.90543115386e-08
0.0656	2.60571642381e-14	1.3967617735e-09	2.55083606475e-14	2.52856119942e-13	2.60637074454e-18	1.91709427254e-08
0.0658	2.62961918078e-14	1.40957275359e-09	2.56641352831e-14	2.54400252543e-13	2.62228745488e-18	1.92879292402e-08
0.066	2.65366765229e-14	1.42246180932e-09	2.5820384107e-14	2.55949085487e-13	2.63825261772e-18	1.9405271078e-08
0.0662	2.67786228093e-14	1.43542917764e-09	2.59771071192e-14	2.57502618773e-13	2.65426623308e-18	1.9522968234e-08
0.0664	2.70220350929e-14	1.44847509549e-09	2.61343043197e-14	2.59060852399e-13	2.67032830094e-18	1.96410207034e-08
0.0666	2.72669177997e-14	1.46159979982e-09	2.62919757084e-14	2.60623786364e-13	2.6864388213e-18	1.97594284813e-08
0.0668	2.75132753556e-14	1.47480352756e-09	2.64501212852e-14	2.62191420667e-13	2.70259779416e-18	1.98781915629e-08
0.067	2.77611121864e-14	1.48808651567e-09	2.660874105e-14	2.63763755306e-13	2.71880521953e-18	1.99973099433e-08
0.0672	2.8010432718e-14	1.50144900107e-09	2.67678350027e-14	2.6534079028e-13	2.73506109739e-18	2.01167836176e-08
0.0674	2.82612413763e-14	1.51489122071e-09	2.69274031434e-14	2.66922525588e-13	2.75136542776e-18	2.02366125811e-08
0.0676	2.8513542587e-14	1.52841341151e-09	2.70874454719e-14	2.68508961229e-13	2.76771821062e-18	2.03567968288e-08
0.0678	2.87673407761e-14	1.54201581041e-09	2.72479619882e-14	2.701000972e-13	2.78411944598e-18	2.04773363559e-08
0.068	2.90226403692e-14	1.55569865434e-09	2.74089526921e-14	2.71695933502e-13	2.80056913384e-18	2.05982311575e-08
0.0682	2.92794457922e-14	1.56946218022e-09	2.75704175837e-14	2.73296470133e-13	2.81706727419e-18	2.07194812289e-08
0.0684	2.95377614708e-14	1.58330662498e-09	2.77323566628e-14	2.74901707091e-13	2.83361386703e-18	2.08410865651e-08
0.0686	2.97975918307e-14	1.59723222553e-09	2.78947699294e-14	2.76511644374e-13	2.85020891237e-18	2.09630471612e-08
0.0688	3.00589412977e-14	1.61123921881e-09	2.80576573834e-14	2.78126281983e-13	2.8668524102e-18	2.10853630126e-08
0.069	3.03218142974e-14	1.62532784172e-09	2.82210190247e-14	2.79745619915e-13	2.88354436052e-18	2.12080341142e-08
0.0692	3.05862152556e-14	1.63949833119e-09	2.83848548533e-14	2.8136965817e-13	2.90028476332e-18	2.13310604612e-08
0.0694	3.08521485978e-14	1.65375092412e-09	2.85491648692e-14	2.82998396745e-13	2.91707361862e-18	2.14544420489e-08
0.0696	3.11196187498e-14	1.66808585743e-09	2.87139490721e-14	2.8463183564e-13	2.9339109264e-18	2.15781788723e-08
0.0698	3.13886301371e-14	1.68250336803e-09	2.88792074621e-14	2.86269974853e-13	2.95079668666e-18	2.17022709265e-08
0.07	3.16591871853e-14	1.69700369282e-09	2.90449400392e-14	2.87912814383e-13	2.96773089941e-18	2.18267182068e-08
0.0702	3.19312943201e-14	1.71158706871e-09	2.92111468031e-14	2.89560354229e-13	2.98471356465e-18	2.19515207083e-08
0.0704	3.22049559671e-14	1.7262537326e-09	2.93778277539e-14	2.9121259439e-13	3.00174468237e-18	2.2076678426e-08
0.0706	3.24801765516e-14	1.7410039214e-09	2.95449828915e-14	2.92869534864e-13	3.01882425256e-18	2.22021913553e-08
0.0708	3.27569604994e-14	1.75583787199e-09	2.97126122158e-14	2.94531175649e-13	3.03595227524e-18	2.23280594912e-08
0.071	3.30353122358e-14	1.77075582128e-09	2.98807157268e-14	2.96197516745e-13	3.05312875039e-18	2.24542828289e-08
0.0712	3.33152361865e-14	1.78575800616e-09	3.00492934243e-14	2.9786855815e-13	3.07035367803e-18	2.25808613634e-08
0.0714	3.35967367768e-14	1.80084466351e-09	3.02183453083e-14	2.99544299864e-13	3.08762705814e-18	2.27077950901e-08
0.0716	3.38798184322e-14	1.81601603024e-09	3.03878713788e-14	3.01224741884e-13	3.10494889072e-18	2.2835084004e-08
0.0718	3.41644855782e-14	1.83127234323e-09	3.05578716357e-14	3.02909884209e-13	3.12231917578e-18	2.29627281002e-08
0.072	3.44507426401e-14	1.84661383935e-09	3.07283460788e-14	3.04599726838e-13	3.13973791331e-18	2.3090727374e-08
0.0722	3.47385940435e-14	1.8620407555e-09	3.08992947082e-14	3.06294269771e-13	3.15720510332e-18	2.32190818204e-08
0.0724	3.50280442136e-14	1.87755332856e-09	3.10707175238e-14	3.07993513004e-13	3.17472074579e-18	2.33477914346e-08
0.0726	3.53190975758e-14	1.8931517954e-09	3.12426145255e-14	3.09697456538e-13	3.19228484073e-18	2.34768562118e-08
0.0728	3.56117585555e-14	1.9088363929e-09	3.14149857131e-14	3.11406100371e-13	3.20989738815e-18	2.36062761471e-08
0.073	3.59060315779e-14	1.92460735793e-09	3.15878310868e-14	3.13119444502e-13	3.22755838802e-18	2.37360512357e-08
0.0732	3.62019210685e-14	1.94046492736e-09	3.17611506463e-14	3.14837488929e-13	3.24526784037e-18	2.38661814726e-08
0.0734	3.64994314525e-14	1.95640933807e-09	3.19349443916e-14	3.16560233651e-13	3.26302574518e-18	2.39966668532e-08
0.0736	3.67985671551e-14	1.97244082693e-09	3.21092123227e-14	3.18287678667e-13	3.28083210245e-18	2.41275073724e-08
0.0738	3.70993326016e-14	1.98855963079e-09	3.22839544395e-14	3.20019823975e-13	3.29868691219e-18	2.42587030255e-08
0.074	3.74017322173e-14	2.00476598651e-09	3.24591707418e-14	3.21756669574e-13	3.31659017439e-18	2.43902538076e-08
0.0742	3.77057704274e-14	2.02106013097e-09	3.26348612297e-14	3.23498215463e-13	3.33454188905e-18	2.45221597138e-08
0.0744	3.80114516569e-14	2.03744230102e-09	3.28110259031e-14	3.25244461641e-13	3.35254205617e-18	2.46544207394e-08
0.0746	3.83187803313e-14	2.05391273351e-09	3.29876647619e-14	3.26995408106e-13	3.37059067574e-18	2.47870368794e-08
0.0748	3.86277608755e-14	2.07047166531e-09	3.3164777806e-14	3.28751054857e-13	3.38868774777e-18	2.4920008129e-08
0.075	3.89383977148e-14	2.08711933325e-09	3.33423650354e-14	3.30511401893e-13	3.40683327226e-18	2.50533344833e-08
0.0752	3.92506952742e-14	2.10385597419e-09	3.352042645e-14	3.32276449213e-13	3.42502724921e-18	2.51870159376e-08
0.0754	3.95646579789e-14	2.12068182499e-09	3.36989620497e-14	3.34046196814e-13	3.4432696786e-18	2.53210524869e-08
0.0756	3.98802902539e-14	2.13759712247e-09	3.38779718344e-14	3.35820644696e-13	3.46156056045e-18	2.54554441264e-08
0.0758	4.01975965244e-14	2.15460210349e-09	3.40574558041e-14	3.37599792858e-13	3.47989989475e-18	2.55901908513e-08
0.076	4.05165812153e-14	2.17169700489e-09	3.42374139588e-14	3.39383641298e-13	3.49828768151e-18	2.57252926566e-08
0.0762	4.08372487517e-14	2.18888206351e-09	3.44178462983e-14	3.41172190015e-13	3.51672392071e-18	2.58607495377e-08
0.0764	4.11596035586e-14	2.20615751618e-09	3.45987528225e-14	3.42965439008e-13	3.53520861235e-18	2.59965614895e-08
0.0766	4.1483650061e-14	2.22352359974e-09	3.47801335315e-14	3.44763388275e-13	3.55374175645e-18	2.61327285072e-08
0.0768	4.18093926839e-14	2.24098055101e-09	3.49619884251e-14	3.46566037815e-13	3.57232335299e-18	2.62692505861e-08
0.077	4.21368358522e-14	2.25852860684e-09	3.51443175033e-14	3.48373387627e-13	3.59095340197e-18	2.64061277212e-08
0.0772	4.24659839909e-14	2.27616800404e-09	3.5327120766e-14	3.50185437709e-13	3.6096319034e-18	2.65433599077e-08
0.0774	4.27968415248e-14	2.29389897944e-09	3.55103982131e-14	3.52002188061e-13	3.62835885727e-18	2.66809471407e-08
0.0776	4.3129412879e-14	2.31172176987e-09	3.56941498446e-14	3.5382363868e-13	3.64713426358e-18	2.68188894155e-08
0.0778	4.34637024782e-14	2.32963661214e-09	3.58783756604e-14	3.55649789566e-13	3.66595812233e-18	2.6957186727e-08
0.078	4.37997147473e-14	2.34764374308e-09	3.60630756604e-14	3.57480640717e-13	3.68483043352e-18	2.70958390706e-08
0.0782	4.41374541112e-14	2.36574339951e-09	3.62482498445e-14	3.59316192133e-13	3.70375119715e-18	2.72348464414e-08
0.0784	4.44769249947e-14	2.38393581822e-09	3.64338982127e-14	3.61156443811e-13	3.72272041321e-18	2.73742088344e-08
0.0786	4.48181318226e-14	2.40222123605e-09	3.6620020765e-14	3.63001395751e-13	3.74173808171e-18	2.75139262449e-08
0.0788	4.51610790197e-14	2.4205998898e-09	3.68066175012e-14	3.6485104795e-13	3.76080420264e-18	2.7653998668e-08
0.079	4.55057710108e-14	2.43907201627e-09	3.69936884212e-14	3.66705400409e-13	3.77991877601e-18	2.77944260988e-08
0.0792	4.58522122206e-14	2.45763785228e-09	3.71812335251e-14	3.68564453125e-13	3.79908180181e-18	2.79352085325e-08
0.0794	4.62004070739e-14	2.47629763462e-09	3.73692528127e-14	3.70428206098e-13	3.81829328004e-18	2.80763459643e-08
0.0796	4.65503599953e-14	2.4950516001e-09	3.7557746284e-14	3.72296659325e-13	3.83755321069e-18	2.82178383893e-08
0.0798	4.69020754096e-14	2.51389998552e-09	3.77467139389e-14	3.74169812806e-13	3.85686159378e-18	2.83596858026e-08
0.08	4.72555577414e-14	2.53284302767e-09	3.79361557773e-14	3.7604766654e-13	3.8762184293e-18	2.85018881994e-08
0.0802	4.76108114154e-14	2.55188096335e-09	3.81260717991e-14	3.77930220524e-13	3.89562371724e-18	2.86444455749e-08
0.0804	4.79678408563e-14	2.57101402935e-09	3.83164620044e-14	3.79817474759e-13	3.9150774576e-18	2.87873579242e-08
0.0806	4.83266504886e-14	2.59024246245e-09	3.8507326393e-14	3.81709429242e-13	3.93457965039e-18	2.89306252424e-08
0.0808	4.8687244737e-14	2.60956649946e-09	3.86986649648e-14	3.83606083972e-13	3.9541302956e-18	2.90742475247e-08
0.081	4.90496280261e-14	2.62898637716e-09	3.88904777198e-14	3.85507438948e-13	3.97372939324e-18	2.92182247663e-08
0.0812	4.94138047804e-14	2.64850233232e-09	3.90827646579e-14	3.87413494169e-13	3.99337694329e-18	2.93625569623e-08
0.0814	4.97797794244e-14	2.66811460173e-09	3.92755257791e-14	3.89324249633e-13	4.01307294576e-18	2.95072441079e-08
0.0816	5.01475563828e-14	2.68782342217e-09	3.94687610832e-14	3.91239705339e-13	4.03281740065e-18	2.96522861981e-08
0.0818	5.05171400799e-14	2.70762903042e-09	3.96624705703e-14	3.93159861286e-13	4.05261030796e-18	2.97976832282e-08
0.082	5.08885349404e-14	2.72753166325e-09	3.98566542402e-14	3.95084717472e-13	4.07245166769e-18	2.99434351934e-08
0.0822	5.12617453886e-14	2.74753155743e-09	4.00513120928e-14	3.97014273896e-13	4.09234147983e-18	3.00895420886e-08
0.0824	5.16367758491e-14	2.76762894974e-09	4.02464441282e-14	3.98948530558e-13	4.11227974438e-18	3.02360039092e-08
0.0826	5.20136307462e-14	2.78782407694e-09	4.04420503462e-14	4.00887487455e-13	4.13226646134e-18	3.03828206503e-08
0.0828	5.23923145045e-14	2.8081171758e-09	4.06381307467e-14	4.02831144586e-13	4.15230163072e-18	3.05299923069e-08
0.083	5.27728315482e-14	2.82850848308e-09	4.08346853297e-14	4.0477950195e-13	4.17238525251e-18	3.06775188743e-08
0.0832	5.31551863018e-14	2.84899823555e-09	4.10317140952e-14	4.06732559546e-13	4.1925173267e-18	3.08254003477e-08
0.0834	5.35393831896e-14	2.86958666996e-09	4.12292170429e-14	4.08690317373e-13	4.21269785331e-18	3.09736367221e-08
0.0836	5.3925426636e-14	2.89027402308e-09	4.1427194173e-14	4.10652775428e-13	4.23292683232e-18	3.11222279927e-08
0.0838	5.43133210654e-14	2.91106053165e-09	4.16256454853e-14	4.12619933712e-13	4.25320426373e-18	3.12711741547e-08
0.084	5.47030709019e-14	2.93194643242e-09	4.18245709797e-14	4.14591792222e-13	4.27353014755e-18	3.14204752032e-08
0.0842	5.50946805699e-14	2.95293196216e-09	4.20239706562e-14	4.16568350957e-13	4.29390448378e-18	3.15701311334e-08
0.0844	5.54881544937e-14	2.97401735761e-09	4.22238445148e-14	4.18549609916e-13	4.31432727241e-18	3.17201419404e-08
0.0846	5.58834970976e-14	2.99520285552e-09	4.24241925552e-14	4.20535569098e-13	4.33479851343e-18	3.18705076193e-08
0.0848	5.62807128057e-14	3.01648869262e-09	4.26250147775e-14	4.22526228501e-13	4.35531820686e-18	3.20212281654e-08
0.085	5.66798060422e-14	3.03787510566e-09	4.28263111816e-14	4.24521588124e-13	4.37588635269e-18	3.21723035738e-08
0.0852	5.70807812314e-14	3.05936233138e-09	4.30280817674e-14	4.26521647966e-13	4.39650295091e-18	3.23237338396e-08
0.0854	5.74836427975e-14	3.08095060653e-09	4.32303265349e-14	4.28526408025e-13	4.41716800153e-18	3.2475518958e-08
0.0856	5.78883951646e-14	3.10264016782e-09	4.3433045484e-14	4.30535868301e-13	4.43788150455e-18	3.26276589241e-08
0.0858	5.82950427569e-14	3.12443125201e-09	4.36362386146e-14	4.32550028792e-13	4.45864345996e-18	3.27801537331e-08
0.086	5.87035899984e-14	3.14632409581e-09	4.38399059266e-14	4.34568889496e-13	4.47945386776e-18	3.29330033802e-08
0.0862	5.91140413132e-14	3.16831893595e-09	4.40440474201e-14	4.36592450412e-13	4.50031272795e-18	3.30862078604e-08
0.0864	5.95264011256e-14	3.19041600917e-09	4.42486630948e-14	4.3862071154e-13	4.52122004054e-18	3.32397671689e-08
0.0866	5.99406738595e-14	3.21261555219e-09	4.44537529508e-14	4.40653672877e-13	4.54217580551e-18	3.3393681301e-08
0.0868	6.03568639389e-14	3.23491780172e-09	4.46593169879e-14	4.42691334423e-13	4.56318002288e-18	3.35479502517e-08
0.087	6.0774975788e-14	3.2573229945e-09	4.48653552062e-14	4.44733696176e-13	4.58423269263e-18	3.37025740162e-08
0.0872	6.11950138306e-14	3.27983136723e-09	4.50718676055e-14	4.46780758134e-13	4.60533381477e-18	3.38575525896e-08
0.0874	6.16169824909e-14	3.30244315664e-09	4.52788541857e-14	4.48832520298e-13	4.62648338929e-18	3.40128859672e-08
0.0876	6.20408861928e-14	3.32515859943e-09	4.54863149469e-14	4.50888982664e-13	4.6476814162e-18	3.4168574144e-08
0.0878	6.24667293602e-14	3.34797793232e-09	4.56942498888e-14	4.52950145233e-13	4.66892789549e-18	3.43246171152e-08
0.088	6.2894516417e-14	3.37090139201e-09	4.59026590116e-14	4.55016008002e-13	4.69022282716e-18	3.44810148759e-08
0.0882	6.33242517873e-14	3.39392921522e-09	4.6111542315e-14	4.57086570971e-13	4.71156621121e-18	3.46377674214e-08
0.0884	6.37559398949e-14	3.41706163864e-09	4.6320899799e-14	4.59161834137e-13	4.73295804764e-18	3.47948747467e-08
0.0886	6.41895851636e-14	3.44029889898e-09	4.65307314636e-14	4.61241797501e-13	4.75439833645e-18	3.4952336847e-08
0.0888	6.46251920174e-14	3.46364123294e-09	4.67410373086e-14	4.6332646106e-13	4.77588707764e-18	3.51101537175e-08
0.089	6.50627648801e-14	3.48708887722e-09	4.69518173341e-14	4.65415824813e-13	4.7974242712e-18	3.52683253533e-08
0.0892	6.55023081754e-14	3.51064206852e-09	4.71630715399e-14	4.67509888759e-13	4.81900991714e-18	3.54268517496e-08
0.0894	6.59438263273e-14	3.53430104352e-09	4.7374799926e-14	4.69608652897e-13	4.84064401545e-18	3.55857329015e-08
0.0896	6.63873237595e-14	3.55806603892e-09	4.75870024923e-14	4.71712117225e-13	4.86232656613e-18	3.57449688042e-08
0.0898	6.68328048958e-14	3.5819372914e-09	4.77996792387e-14	4.73820281743e-13	4.88405756919e-18	3.59045594528e-08
0.09	6.72802741599e-14	3.60591503766e-09	4.80128301652e-14	4.75933146448e-13	4.90583702461e-18	3.60645048425e-08
0.0902	6.77297359756e-14	3.62999951438e-09	4.82264552716e-14	4.78050711339e-13	4.92766493241e-18	3.62248049685e-08
0.0904	6.81811947666e-14	3.65419095824e-09	4.8440554558e-14	4.80172976416e-13	4.94954129257e-18	3.63854598258e-08
0.0906	6.86346549565e-14	3.67848960592e-09	4.86551280243e-14	4.82299941676e-13	4.9714661051e-18	3.65464694096e-08
0.0908	6.90901209691e-14	3.70289569411e-09	4.88701756703e-14	4.84431607119e-13	4.99343936999e-18	3.67078337152e-08
0.091	6.9547597228e-14	3.72740945947e-09	4.9085697496e-14	4.86567972744e-13	5.01546108725e-18	3.68695527376e-08
0.0912	7.00070881569e-14	3.75203113867e-09	4.93016935014e-14	4.88709038548e-13	5.03753125688e-18	3.7031626472e-08
0.0914	7.04685981793e-14	3.7767609684e-09	4.95181636864e-14	4.90854804531e-13	5.05964987886e-18	3.71940549135e-08
0.0916	7.09321317189e-14	3.80159918532e-09	4.97351080509e-14	4.93005270691e-13	5.08181695321e-18	3.73568380574e-08
0.0918	7.13976931993e-14	3.8265460261e-09	4.99525265948e-14	4.95160437028e-13	5.10403247991e-18	3.75199758987e-08
0.092	7.1865287044e-14	3.8516017274e-09	5.01704193181e-14	4.9732030354e-13	5.12629645898e-18	3.76834684326e-08
0.0922	7.23349176766e-14	3.87676652589e-09	5.03887862207e-14	4.99484870225e-13	5.1486088904e-18	3.78473156543e-08
0.0924	7.28065895206e-14	3.90204065822e-09	5.06076273025e-14	5.01654137082e-13	5.17096977418e-18	3.80115175589e-08
0.0926	7.32803069995e-14	3.92742436106e-09	5.08269425635e-14	5.0382810411e-13	5.19337911032e-18	3.81760741415e-08
0.0928	7.37560745368e-14	3.95291787106e-09	5.10467320036e-14	5.06006771308e-13	5.21583689881e-18	3.83409853974e-08
0.093	7.42338965561e-14	3.97852142487e-09	5.12669956227e-14	5.08190138674e-13	5.23834313965e-18	3.85062513217e-08
0.0932	7.47137774806e-14	4.00423525915e-09	5.14877334207e-14	5.10378206207e-13	5.26089783284e-18	3.86718719095e-08
0.0934	7.5195721734e-14	4.03005961054e-09	5.17089453977e-14	5.12570973906e-13	5.28350097839e-18	3.8837847156e-08
0.0936	7.56797337395e-14	4.0559947157e-09	5.19306315534e-14	5.1476844177e-13	5.30615257629e-18	3.90041770563e-08
0.0938	7.61658179207e-14	4.08204081127e-09	5.21527918879e-14	5.16970609797e-13	5.32885262653e-18	3.91708616056e-08
0.094	7.66539787008e-14	4.10819813388e-09	5.23754264011e-14	5.19177477985e-13	5.35160112912e-18	3.9337900799e-08
0.0942	7.71442205033e-14	4.13446692019e-09	5.25985350929e-14	5.21389046335e-13	5.37439808406e-18	3.95052946318e-08
0.0944	7.76365477515e-14	4.16084740683e-09	5.28221179632e-14	5.23605314843e-13	5.39724349134e-18	3.9673043099e-08
0.0946	7.81309648687e-14	4.18733983044e-09	5.3046175012e-14	5.2582628351e-13	5.42013735097e-18	3.98411461958e-08
0.0948	7.86274762782e-14	4.21394442765e-09	5.32707062392e-14	5.28051952333e-13	5.44307966294e-18	4.00096039174e-08
0.095	7.91260864034e-14	4.24066143509e-09	5.34957116447e-14	5.30282321312e-13	5.46607042725e-18	4.01784162588e-08
0.0952	7.96267996674e-14	4.2674910894e-09	5.37211912285e-14	5.32517390445e-13	5.4891096439e-18	4.03475832154e-08
0.0954	8.01296204935e-14	4.29443362719e-09	5.39471449904e-14	5.34757159731e-13	5.51219731289e-18	4.05171047822e-08
0.0956	8.06345533051e-14	4.3214892851e-09	5.41735729305e-14	5.37001629168e-13	5.53533343422e-18	4.06869809543e-08
0.0958	8.11416025252e-14	4.34865829975e-09	5.44004750487e-14	5.39250798756e-13	5.55851800789e-18	4.0857211727e-08
0.096	8.16507725771e-14	4.37594090776e-09	5.46278513448e-14	5.41504668493e-13	5.58175103389e-18	4.10277970953e-08
0.0962	8.21620678839e-14	4.40333734575e-09	5.48557018188e-14	5.43763238377e-13	5.60503251223e-18	4.11987370545e-08
0.0964	8.26754928689e-14	4.43084785034e-09	5.50840264707e-14	5.46026508408e-13	5.6283624429e-18	4.13700315997e-08
0.0966	8.31910519551e-14	4.45847265814e-09	5.53128253004e-14	5.48294478583e-13	5.65174082591e-18	4.1541680726e-08
0.0968	8.37087495657e-14	4.48621200575e-09	5.55420983077e-14	5.50567148903e-13	5.67516766124e-18	4.17136844286e-08
0.097	8.42285901238e-14	4.5140661298e-09	5.57718454927e-14	5.52844519365e-13	5.69864294891e-18	4.18860427027e-08
0.0972	8.47505780525e-14	4.54203526689e-09	5.60020668553e-14	5.55126589968e-13	5.72216668891e-18	4.20587555434e-08
0.0974	8.52747177748e-14	4.57011965363e-09	5.62327623954e-14	5.57413360712e-13	5.74573888123e-18	4.22318229458e-08
0.0976	8.58010137138e-14	4.59831952661e-09	5.64639321129e-14	5.59704831594e-13	5.76935952588e-18	4.24052449052e-08
0.0978	8.63294702925e-14	4.62663512245e-09	5.66955760077e-14	5.62001002613e-13	5.79302862286e-18	4.25790214166e-08
0.098	8.6860091934e-14	4.65506667773e-09	5.69276940799e-14	5.64301873768e-13	5.81674617216e-18	4.27531524753e-08
0.0982	8.73928830612e-14	4.68361442906e-09	5.71602863292e-14	5.66607445058e-13	5.84051217378e-18	4.29276380763e-08
0.0984	8.7927848097e-14	4.71227861303e-09	5.73933527557e-14	5.68917716482e-13	5.86432662773e-18	4.31024782149e-08
0.0986	8.84649914646e-14	4.74105946623e-09	5.76268933593e-14	5.71232688037e-13	5.888189534e-18	4.32776728861e-08
0.0988	8.90043175867e-14	4.76995722525e-09	5.786090814e-14	5.73552359724e-13	5.91210089259e-18	4.34532220852e-08
0.099	8.95458308863e-14	4.79897212669e-09	5.80953970975e-14	5.7587673154e-13	5.93606070349e-18	4.36291258073e-08
0.0992	9.00895357863e-14	4.82810440713e-09	5.83303602319e-14	5.78205803485e-13	5.96006896672e-18	4.38053840476e-08
0.0994	9.06354367096e-14	4.85735430314e-09	5.85657975432e-14	5.80539575556e-13	5.98412568226e-18	4.39819968012e-08
0.0996	9.11835380791e-14	4.88672205132e-09	5.88017090311e-14	5.82878047753e-13	6.00823085012e-18	4.41589640632e-08
0.0998	9.17338443176e-14	4.91620788823e-09	5.90380946958e-14	5.85221220075e-13	6.03238447029e-18	4.43362858288e-08
0.1	9.22863598478e-14	4.94581205047e-09	5.9274954537e-14	5.87569092519e-13	6.05658654277e-18	4.45139620932e-08
