0	0.0	0.0	0.0	0.0	0.0	0.0
0.0002	1.37182730601e-21	7.3565709939e-17	4.40338941621e-19	4.36499864461e-18	4.49919619335e-23	3.31426029582e-13
0.0004	1.09746069714e-20	5.88524314816e-16	1.76135568065e-18	1.74599929778e-17	1.79967846322e-22	1.32569809241e-12
0.0006	3.70392597945e-20	1.98626495667e-15	3.96305008832e-18	3.92849805988e-17	4.04927651046e-22	2.98280714968e-12
0.0008	8.77966721438e-20	4.70817268348e-15	7.0454220359e-18	6.98399591065e-17	7.19871373988e-22	5.30274416266e-12
0.001	1.71477695958e-19	9.19562844919e-15	1.10084713946e-17	1.091249261e-16	1.12479901303e-21	8.28550009271e-12
0.0012	2.96313148745e-19	1.58900091138e-14	1.58521980357e-17	1.57139879179e-16	1.61971056605e-21	1.19310659013e-11
0.0014	4.70533813584e-19	2.52326874432e-14	2.15766018305e-17	2.13884815941e-16	2.20460603094e-21	1.62394325498e-11
0.0016	7.02370439124e-19	3.76650321094e-14	2.81816826501e-17	2.79359733987e-16	2.87948540556e-21	2.1210591e-11
0.0018	1.00005373958e-18	5.36284076905e-14	3.56674403658e-17	3.53564630915e-16	3.64434868782e-21	2.68445322135e-11
0.002	1.37181439476e-18	7.35641746706e-14	4.40338748489e-17	4.36499504324e-16	4.49919587558e-21	3.31412471521e-11
0.0022	1.82588305e-18	9.79136894401e-14	5.32809859707e-17	5.28164351814e-16	5.44402696673e-21	4.01007267776e-11
0.0024	2.37049031625e-18	1.27118304295e-13	6.34087736023e-17	6.28559170983e-16	6.47884195914e-21	4.7722962052e-11
0.0026	3.01386677e-18	1.61619367439e-13	7.4417237615e-17	7.37683959431e-16	7.60364085071e-21	5.60079439372e-11
0.0028	3.76424295333e-18	2.01858222979e-13	8.63063778801e-17	8.55538714756e-16	8.81842363932e-21	6.49556633954e-11
0.003	4.62984937388e-18	2.48276210932e-13	9.90761942688e-17	9.82123434558e-16	1.01231903228e-20	7.45661113887e-11
0.0032	5.61891650487e-18	3.01314667218e-13	1.12726686652e-16	1.11743811644e-15	1.15179408991e-20	8.48392788794e-11
0.0034	6.73967478508e-18	3.61414923664e-13	1.27257854902e-16	1.26148275799e-15	1.30026753661e-20	9.57751568298e-11
0.0036	8.00035461887e-18	4.29018308005e-13	1.42669698889e-16	1.41425735682e-15	1.45773937217e-20	1.07373736202e-10
0.0038	9.40918637617e-18	5.0456614388e-13	1.58962218484e-16	1.57576191052e-15	1.62420959637e-20	1.1963500796e-10
0.004	1.09744003925e-17	5.88499750836e-13	1.7613541356e-16	1.74599641669e-15	1.799678209e-20	1.32558963064e-10
0.0042	1.27042269689e-17	6.81260444325e-13	1.94189283986e-16	1.92496087293e-15	1.98414520985e-20	1.46145592479e-10
0.0044	1.4606896372e-17	7.83289535707e-13	2.13123829635e-16	2.11265527685e-15	2.17761059871e-20	1.60394887166e-10
0.0046	1.6690638834e-17	8.95028332247e-13	2.32939050377e-16	2.30907962603e-15	2.38007437537e-20	1.75306838088e-10
0.0048	1.89636845528e-17	1.01691813712e-12	2.53634946085e-16	2.51423391808e-15	2.59153653961e-20	1.90881436209e-10
0.005	2.14342636917e-17	1.14940024939e-12	2.75211516628e-16	2.7281181506e-15	2.81199709122e-20	2.07118672492e-10
0.0052	2.41106063796e-17	1.29291596407e-12	2.97668761878e-16	2.95073232119e-15	3.04145603e-20	2.24018537899e-10
0.0054	2.7000942711e-17	1.44790657202e-12	3.21006681708e-16	3.18207642744e-15	3.27991335572e-20	2.41581023393e-10
0.0056	3.0113502746e-17	1.61481336006e-12	3.45225275986e-16	3.42215046696e-15	3.52736906818e-20	2.59806119939e-10
0.0058	3.34565165102e-17	1.79407761088e-12	3.70324544586e-16	3.67095443734e-15	3.78382316717e-20	2.78693818498e-10
0.006	3.70382139949e-17	1.9861406031e-12	3.96304487379e-16	3.92848833618e-15	4.04927565247e-20	2.98244110036e-10
0.0062	4.08668251568e-17	2.19144361124e-12	4.23165104234e-16	4.19475216109e-15	4.32372652388e-20	3.18456985514e-10
0.0064	4.49505799184e-17	2.41042790571e-12	4.50906395025e-16	4.46974590966e-15	4.60717578117e-20	3.39332435897e-10
0.0066	4.92977081675e-17	2.64353475286e-12	4.79528359622e-16	4.75346957949e-15	4.89962342414e-20	3.60870452149e-10
0.0068	5.39164397576e-17	2.89120541491e-12	5.09030997896e-16	5.04592316817e-15	5.20106945258e-20	3.83071025233e-10
0.007	5.88150045079e-17	3.15388115001e-12	5.39414309718e-16	5.34710667332e-15	5.51151386627e-20	4.05934146112e-10
0.0072	6.4001632203e-17	3.43200321222e-12	5.7067829496e-16	5.65702009252e-15	5.83095666501e-20	4.29459805752e-10
0.0074	6.94845525931e-17	3.72601285148e-12	6.02822953493e-16	5.97566342339e-15	6.15939784857e-20	4.53647995115e-10
0.0076	7.52719953941e-17	4.03635131367e-12	6.35848285189e-16	6.3030366635e-15	6.49683741676e-20	4.78498705166e-10
0.0078	8.13721902872e-17	4.36345984056e-12	6.69754289918e-16	6.63913981047e-15	6.84327536935e-20	5.04011926869e-10
0.008	8.77933669195e-17	4.70777966981e-12	7.04540967552e-16	6.9839728619e-15	7.19871170613e-20	5.30187651188e-10
0.0082	9.45437549035e-17	5.06975203503e-12	7.40208317962e-16	7.33753581538e-15	7.5631464269e-20	5.57025869088e-10
0.0084	1.01631583817e-16	5.44981816569e-12	7.76756341019e-16	7.69982866851e-15	7.93657953145e-20	5.84526571533e-10
0.0086	1.09065083204e-16	5.8484192872e-12	8.14185036594e-16	8.0708514189e-15	8.31901101955e-20	6.12689749487e-10
0.0088	1.16852482574e-16	6.26599662086e-12	8.52494404559e-16	8.45060406413e-15	8.710440891e-20	6.41515393916e-10
0.009	1.25002011401e-16	6.70299138389e-12	8.91684444786e-16	8.83908660181e-15	9.11086914558e-20	6.71003495782e-10
0.0092	1.33521899127e-16	7.1598447894e-12	9.31755157144e-16	9.23629902955e-15	9.52029578309e-20	7.01154046053e-10
0.0094	1.42420375156e-16	7.63699804642e-12	9.72706541506e-16	9.64224134493e-15	9.93872080331e-20	7.31967035691e-10
0.0096	1.5170566886e-16	8.13489235989e-12	1.01453859774e-15	1.00569135456e-14	1.0366144206e-19	7.63442455663e-10
0.0098	1.61386009577e-16	8.65396893064e-12	1.05725132573e-15	1.0480315629e-14	1.0802565991e-19	7.95580296932e-10
0.01	1.71469626609e-16	9.19466895542e-12	1.10084472533e-15	1.09124475929e-14	1.12479861581e-19	8.28380550465e-10
0.0102	1.81964749224e-16	9.75743362688e-12	1.14531879641e-15	1.13533094349e-14	1.17024047071e-19	8.61843207225e-10
0.0104	1.92879606657e-16	1.03427041336e-11	1.19067353886e-15	1.18029011525e-14	1.21658216377e-19	8.95968258179e-10
0.0106	2.04222428106e-16	1.095092166e-11	1.23690895254e-15	1.22612227434e-14	1.26382369497e-19	9.30755694292e-10
0.0108	2.16001442737e-16	1.15825273865e-11	1.28402503732e-15	1.27282742051e-14	1.3119650643e-19	9.66205506529e-10
0.011	2.28224879681e-16	1.22379624894e-11	1.33202179308e-15	1.32040555352e-14	1.36100627173e-19	1.00231768586e-09
0.0112	2.40900968032e-16	1.29176681409e-11	1.38089921968e-15	1.36885667314e-14	1.41094731724e-19	1.03909222324e-09
0.0114	2.54037936854e-16	1.3622085509e-11	1.43065731699e-15	1.41818077912e-14	1.46178820081e-19	1.07652910964e-09
0.0116	2.67644015173e-16	1.43516557578e-11	1.48129608489e-15	1.46837787122e-14	1.51352892242e-19	1.11462833603e-09
0.0118	2.81727431982e-16	1.51068200471e-11	1.53281552326e-15	1.51944794921e-14	1.56616948204e-19	1.15338989337e-09
0.012	2.96296416239e-16	1.58880195328e-11	1.58521563195e-15	1.57139101284e-14	1.61970987966e-19	1.19281377263e-09
0.0122	3.1135919687e-16	1.66956953667e-11	1.63849641084e-15	1.62420706188e-14	1.67415011526e-19	1.23289996477e-09
0.0124	3.26924002762e-16	1.75302886963e-11	1.6926578598e-15	1.67789609608e-14	1.72949018881e-19	1.27364846077e-09
0.0126	3.42999062772e-16	1.83922406652e-11	1.74769997871e-15	1.7324581152e-14	1.78573010029e-19	1.31505925157e-09
0.0128	3.5959260572e-16	1.92819924129e-11	1.80362276743e-15	1.787893119e-14	1.84286984968e-19	1.35713232817e-09
0.013	3.76712860392e-16	2.01999850747e-11	1.86042622584e-15	1.84420110725e-14	1.90090943696e-19	1.39986768151e-09
0.0132	3.94368055541e-16	2.11466597818e-11	1.9181103538e-15	1.90138207971e-14	1.95984886211e-19	1.44326530256e-09
0.0134	4.12566419883e-16	2.21224576614e-11	1.9766751512e-15	1.95943603612e-14	2.01968812511e-19	1.4873251823e-09
0.0136	4.31316182102e-16	2.31278198367e-11	2.03612061789e-15	2.01836297626e-14	2.08042722593e-19	1.53204731169e-09
0.0138	4.50625570846e-16	2.41631874265e-11	2.09644675375e-15	2.07816289988e-14	2.14206616456e-19	1.57743168169e-09
0.014	4.7050281473e-16	2.52290015459e-11	2.15765355866e-15	2.13883580674e-14	2.20460494097e-19	1.62347828327e-09
0.0142	4.90956142333e-16	2.63257033055e-11	2.21974103248e-15	2.20038169661e-14	2.26804355515e-19	1.6701871074e-09
0.0144	5.11993782201e-16	2.74537338121e-11	2.28270917508e-15	2.26280056924e-14	2.33238200707e-19	1.71755814504e-09
0.0146	5.33623962845e-16	2.86135341684e-11	2.34655798634e-15	2.32609242439e-14	2.39762029671e-19	1.76559138717e-09
0.0148	5.5585491274e-16	2.98055454728e-11	2.41128746613e-15	2.39025726182e-14	2.46375842404e-19	1.81428682474e-09
0.015	5.7869486033e-16	3.10302088197e-11	2.47689761432e-15	2.4552950813e-14	2.53079638906e-19	1.86364444873e-09
0.0152	6.02152034021e-16	3.22879652996e-11	2.54338843077e-15	2.52120588258e-14	2.59873419173e-19	1.91366425011e-09
0.0154	6.26234662187e-16	3.35792559986e-11	2.61075991537e-15	2.58798966542e-14	2.66757183204e-19	1.96434621983e-09
0.0156	6.50950973168e-16	3.49045219989e-11	2.67901206798e-15	2.65564642958e-14	2.73730930996e-19	2.01569034888e-09
0.0158	6.76309195266e-16	3.62642043785e-11	2.74814488847e-15	2.72417617482e-14	2.80794662548e-19	2.0676966282e-09
0.016	7.02317556752e-16	3.76587442115e-11	2.81815837672e-15	2.79357890091e-14	2.87948377857e-19	2.12036504879e-09
0.0162	7.28984285862e-16	3.90885825678e-11	2.88905253259e-15	2.8638546076e-14	2.95192076921e-19	2.17369560159e-09
0.0164	7.56317610797e-16	4.0554160513e-11	2.96082735596e-15	2.93500329464e-14	3.02525759737e-19	2.22768827758e-09
0.0166	7.84325759723e-16	4.20559191089e-11	3.03348284669e-15	3.00702496182e-14	3.09949426305e-19	2.28234306772e-09
0.0168	8.13016960773e-16	4.35942994131e-11	3.10701900467e-15	3.07991960887e-14	3.17463076622e-19	2.33765996299e-09
0.017	8.42399442044e-16	4.51697424791e-11	3.18143582976e-15	3.15368723556e-14	3.25066710685e-19	2.39363895435e-09
0.0172	8.72481431601e-16	4.67826893563e-11	3.25673332183e-15	3.22832784166e-14	3.32760328492e-19	2.45028003277e-09
0.0174	9.03271157471e-16	4.84335810901e-11	3.33291148075e-15	3.30384142691e-14	3.40543930042e-19	2.50758318922e-09
0.0176	9.34776847649e-16	5.01228587216e-11	3.4099703064e-15	3.38022799109e-14	3.48417515332e-19	2.56554841467e-09
0.0178	9.67006730096e-16	5.1850963288e-11	3.48790979865e-15	3.45748753395e-14	3.56381084361e-19	2.62417570007e-09
0.018	9.99969032738e-16	5.36183358224e-11	3.56672995736e-15	3.53562005525e-14	3.64434637125e-19	2.68346503641e-09
0.0182	1.03367198347e-15	5.54254173537e-11	3.64643078241e-15	3.61462555475e-14	3.72578173624e-19	2.74341641466e-09
0.0184	1.06812381013e-15	5.72726489068e-11	3.72701227367e-15	3.69450403221e-14	3.80811693854e-19	2.80402982577e-09
0.0186	1.10333274057e-15	5.91604715025e-11	3.80847443101e-15	3.77525548739e-14	3.89135197813e-19	2.86530526072e-09
0.0188	1.13930700256e-15	6.10893261574e-11	3.8908172543e-15	3.85687992006e-14	3.97548685501e-19	2.92724271047e-09
0.019	1.17605482385e-15	6.30596538841e-11	3.97404074341e-15	3.93937732996e-14	4.06052156914e-19	2.989842166e-09
0.0192	1.21358443217e-15	6.50718956911e-11	4.05814489822e-15	4.02274771686e-14	4.1464561205e-19	3.05310361828e-09
0.0194	1.2519040552e-15	6.71264925829e-11	4.1431297186e-15	4.10699108053e-14	4.23329050907e-19	3.11702705827e-09
0.0196	1.29102192059e-15	6.92238855596e-11	4.22899520441e-15	4.19210742071e-14	4.32102473483e-19	3.18161247694e-09
0.0198	1.33094625596e-15	7.13645156177e-11	4.31574135553e-15	4.27809673718e-14	4.40965879777e-19	3.24685986526e-09
0.02	1.37168528889e-15	7.35488237491e-11	4.40336817183e-15	4.36495902968e-14	4.49919269785e-19	3.3127692142e-09
0.0202	1.41324724692e-15	7.5777250942e-11	4.49187565319e-15	4.45269429798e-14	4.58962643506e-19	3.37934051473e-09
0.0204	1.45564035757e-15	7.80502381802e-11	4.58126379946e-15	4.54130254185e-14	4.68096000937e-19	3.44657375782e-09
0.0206	1.49887284832e-15	8.03682264436e-11	4.67153261053e-15	4.63078376103e-14	4.77319342077e-19	3.51446893444e-09
0.0208	1.54295294661e-15	8.27316567081e-11	4.76268208626e-15	4.7211379553e-14	4.86632666924e-19	3.58302603556e-09
0.021	1.58788887984e-15	8.51409699452e-11	4.85471222652e-15	4.8123651244e-14	4.96035975474e-19	3.65224505214e-09
0.0212	1.6336888754e-15	8.75966071225e-11	4.9476230312e-15	4.9044652681e-14	5.05529267727e-19	3.72212597517e-09
0.0214	1.68036116063e-15	9.00990092036e-11	5.04141450015e-15	4.99743838617e-14	5.1511254368e-19	3.79266879559e-09
0.0216	1.72791396283e-15	9.26486171477e-11	5.13608663325e-15	5.09128447835e-14	5.2478580333e-19	3.8638735044e-09
0.0218	1.77635550927e-15	9.52458719103e-11	5.23163943038e-15	5.18600354441e-14	5.34549046677e-19	3.93574009255e-09
0.022	1.82569402719e-15	9.78912144426e-11	5.32807289139e-15	5.28159558411e-14	5.44402273717e-19	4.00826855102e-09
0.0222	1.87593774379e-15	1.00585085692e-10	5.42538701617e-15	5.37806059721e-14	5.54345484448e-19	4.08145887077e-09
0.0224	1.92709488625e-15	1.033279266e-10	5.52358180458e-15	5.47539858347e-14	5.64378678869e-19	4.15531104278e-09
0.0226	1.97917368169e-15	1.06120178108e-10	5.6226572565e-15	5.57360954265e-14	5.74501856978e-19	4.22982505802e-09
0.0228	2.03218235721e-15	1.08962281149e-10	5.7226133718e-15	5.67269347451e-14	5.84715018771e-19	4.30500090746e-09
0.023	2.08612913989e-15	1.11854676654e-10	5.82345015034e-15	5.7726503788e-14	5.95018164248e-19	4.38083858206e-09
0.0232	2.14102225675e-15	1.14797805551e-10	5.925167592e-15	5.8734802553e-14	6.05411293406e-19	4.4573380728e-09
0.0234	2.19686993478e-15	1.17792108761e-10	6.02776569666e-15	5.97518310375e-14	6.15894406242e-19	4.53449937065e-09
0.0236	2.25368040096e-15	1.20838027203e-10	6.13124446417e-15	6.07775892392e-14	6.26467502755e-19	4.61232246658e-09
0.0238	2.3114618822e-15	1.23936001791e-10	6.23560389442e-15	6.18120771557e-14	6.37130582943e-19	4.69080735156e-09
0.024	2.3702226054e-15	1.27086473436e-10	6.34084398728e-15	6.28552947846e-14	6.47883646803e-19	4.76995401655e-09
0.0242	2.42997079742e-15	1.30289883045e-10	6.44696474261e-15	6.39072421234e-14	6.58726694333e-19	4.84976245255e-09
0.0244	2.49071468508e-15	1.33546671518e-10	6.55396616028e-15	6.49679191699e-14	6.69659725532e-19	4.9302326505e-09
0.0246	2.55246249518e-15	1.36857279754e-10	6.66184824018e-15	6.60373259215e-14	6.80682740397e-19	5.01136460139e-09
0.0248	2.61522245446e-15	1.40222148647e-10	6.77061098216e-15	6.71154623759e-14	6.91795738926e-19	5.09315829618e-09
0.025	2.67900278966e-15	1.43641719087e-10	6.88025438611e-15	6.82023285307e-14	7.02998721117e-19	5.17561372585e-09
0.0252	2.74381172745e-15	1.4711643196e-10	6.99077845189e-15	6.92979243835e-14	7.14291686967e-19	5.25873088136e-09
0.0254	2.80965749448e-15	1.50646728147e-10	7.10218317937e-15	7.04022499318e-14	7.25674636475e-19	5.3425097537e-09
0.0256	2.87654831739e-15	1.54233048526e-10	7.21446856842e-15	7.15153051733e-14	7.37147569639e-19	5.42695033382e-09
0.0258	2.94449242274e-15	1.5787583397e-10	7.32763461892e-15	7.26370901056e-14	7.48710486456e-19	5.51205261271e-09
0.026	3.01349803709e-15	1.61575525349e-10	7.44168133074e-15	7.37676047263e-14	7.60363386924e-19	5.59781658133e-09
0.0262	3.08357338695e-15	1.65332563528e-10	7.55660870375e-15	7.4906849033e-14	7.72106271042e-19	5.68424223065e-09
0.0264	3.15472669881e-15	1.69147389368e-10	7.67241673781e-15	7.60548230232e-14	7.83939138806e-19	5.77132955165e-09
0.0266	3.2269661991e-15	1.73020443727e-10	7.78910543281e-15	7.72115266946e-14	7.95861990216e-19	5.8590785353e-09
0.0268	3.30030011425e-15	1.76952167457e-10	7.90667478861e-15	7.83769600447e-14	8.07874825268e-19	5.94748917257e-09
0.027	3.37473667062e-15	1.80943001407e-10	8.02512480508e-15	7.95511230713e-14	8.19977643961e-19	6.03656145443e-09
0.0272	3.45028409455e-15	1.84993386422e-10	8.14445548209e-15	8.07340157718e-14	8.32170446293e-19	6.12629537186e-09
0.0274	3.52695061237e-15	1.89103763343e-10	8.26466681953e-15	8.19256381438e-14	8.44453232261e-19	6.21669091583e-09
0.0276	3.60474445033e-15	1.93274573007e-10	8.38575881724e-15	8.31259901851e-14	8.56826001863e-19	6.3077480773e-09
0.0278	3.68367383469e-15	1.97506256245e-10	8.50773147512e-15	8.43350718931e-14	8.69288755098e-19	6.39946684726e-09
0.028	3.76374699164e-15	2.01799253888e-10	8.63058479303e-15	8.55528832655e-14	8.81841491963e-19	6.49184721667e-09
0.0282	3.84497214735e-15	2.06154006758e-10	8.75431877083e-15	8.67794242998e-14	8.94484212455e-19	6.5848891765e-09
0.0284	3.92735752796e-15	2.10570955676e-10	8.87893340841e-15	8.80146949937e-14	9.07216916574e-19	6.67859271774e-09
0.0286	4.01091135958e-15	2.15050541459e-10	9.00442870563e-15	8.92586953448e-14	9.20039604316e-19	6.77295783134e-09
0.0288	4.09564186826e-15	2.19593204919e-10	9.13080466237e-15	9.05114253506e-14	9.3295227568e-19	6.8679845083e-09
0.029	4.18155728004e-15	2.24199386863e-10	9.25806127849e-15	9.17728850088e-14	9.45954930664e-19	6.96367273957e-09
0.0292	4.26866582093e-15	2.28869528096e-10	9.38619855387e-15	9.3043074317e-14	9.59047569265e-19	7.06002251612e-09
0.0294	4.35697571687e-15	2.33604069417e-10	9.51521648838e-15	9.43219932727e-14	9.72230191481e-19	7.15703382895e-09
0.0296	4.44649519382e-15	2.38403451622e-10	9.64511508189e-15	9.56096418735e-14	9.8550279731e-19	7.25470666901e-09
0.0298	4.53723247764e-15	2.43268115503e-10	9.77589433426e-15	9.69060201172e-14	9.98865386751e-19	7.35304102728e-09
0.03	4.62919579422e-15	2.48198501847e-10	9.90755424538e-15	9.82111280012e-14	1.0123179598e-18	7.45203689473e-09
0.0302	4.72239336937e-15	2.53195051438e-10	1.00400948151e-14	9.95249655231e-14	1.02586051646e-18	7.55169426234e-09
0.0304	4.81683342889e-15	2.58258205056e-10	1.01735160433e-14	1.00847532681e-13	1.03949305672e-18	7.65201312108e-09
0.0306	4.91252419853e-15	2.63388403475e-10	1.03078179299e-14	1.02178829471e-13	1.05321558058e-18	7.75299346192e-09
0.0308	5.00947390401e-15	2.68586087466e-10	1.04430004747e-14	1.03518855893e-13	1.06702808804e-18	7.85463527583e-09
0.031	5.10769077104e-15	2.73851697798e-10	1.05790636776e-14	1.04867611942e-13	1.08093057911e-18	7.9569385538e-09
0.0312	5.20718302525e-15	2.79185675232e-10	1.07160075385e-14	1.06225097618e-13	1.09492305376e-18	8.0599032868e-09
0.0314	5.30795889226e-15	2.84588460529e-10	1.08538320572e-14	1.07591312917e-13	1.10900551202e-18	8.16352946579e-09
0.0316	5.41002659768e-15	2.90060494441e-10	1.09925372336e-14	1.08966257838e-13	1.12317795386e-18	8.26781708175e-09
0.0318	5.51339436703e-15	2.95602217722e-10	1.11321230676e-14	1.10349932377e-13	1.13744037929e-18	8.37276612566e-09
0.032	5.61807042585e-15	3.01214071116e-10	1.12725895591e-14	1.11742336533e-13	1.15179278832e-18	8.47837658849e-09
0.0322	5.72406299961e-15	3.06896495367e-10	1.14139367078e-14	1.13143470302e-13	1.16623518092e-18	8.58464846121e-09
0.0324	5.83138031376e-15	3.12649931214e-10	1.15561645138e-14	1.14553333683e-13	1.18076755712e-18	8.69158173481e-09
0.0326	5.94003059372e-15	3.18474819389e-10	1.16992729769e-14	1.15971926673e-13	1.19538991689e-18	8.79917640024e-09
0.0328	6.05002206485e-15	3.24371600625e-10	1.18432620969e-14	1.1739924927e-13	1.21010226024e-18	8.90743244849e-09
0.033	6.16136295252e-15	3.30340715647e-10	1.19881318737e-14	1.18835301471e-13	1.22490458717e-18	9.01634987054e-09
0.0332	6.27406148202e-15	3.36382605177e-10	1.21338823071e-14	1.20280083275e-13	1.23979689767e-18	9.12592865735e-09
0.0334	6.38812587863e-15	3.42497709933e-10	1.22805133972e-14	1.21733594677e-13	1.25477919175e-18	9.2361687999e-09
0.0336	6.50356436759e-15	3.48686470629e-10	1.24280251436e-14	1.23195835677e-13	1.2698514694e-18	9.34707028916e-09
0.0338	6.62038517412e-15	3.54949327976e-10	1.25764175464e-14	1.24666806272e-13	1.28501373061e-18	9.45863311612e-09
0.034	6.73859652337e-15	3.61286722678e-10	1.27256906053e-14	1.26146506459e-13	1.3002659754e-18	9.57085727175e-09
0.0342	6.8582066405e-15	3.67699095437e-10	1.28758443203e-14	1.27634936236e-13	1.31560820374e-18	9.68374274701e-09
0.0344	6.9792237506e-15	3.74186886952e-10	1.30268786911e-14	1.291320956e-13	1.33104041565e-18	9.79728953289e-09
0.0346	7.10165607874e-15	3.80750537915e-10	1.31787937178e-14	1.3063798455e-13	1.34656261112e-18	9.91149762036e-09
0.0348	7.22551184996e-15	3.87390489016e-10	1.33315894001e-14	1.32152603082e-13	1.36217479015e-18	1.00263670004e-08
0.035	7.35079928925e-15	3.94107180941e-10	1.34852657379e-14	1.33675951195e-13	1.37787695273e-18	1.0141897664e-08
0.0352	7.47752662159e-15	4.0090105437e-10	1.36398227311e-14	1.35208028885e-13	1.39366909887e-18	1.02580896021e-08
0.0354	7.6057020719e-15	4.0777254998e-10	1.37952603796e-14	1.36748836152e-13	1.40955122856e-18	1.03749428056e-08
0.0356	7.73533386508e-15	4.14722108445e-10	1.39515786832e-14	1.38298372991e-13	1.4255233418e-18	1.04924572657e-08
0.0358	7.866430226e-15	4.21750170434e-10	1.41087776419e-14	1.39856639401e-13	1.44158543859e-18	1.06106329732e-08
0.036	7.99899937947e-15	4.28857176611e-10	1.42668572554e-14	1.41423635379e-13	1.45773751892e-18	1.07294699191e-08
0.0362	8.13304955031e-15	4.36043567638e-10	1.44258175236e-14	1.42999360923e-13	1.47397958279e-18	1.08489680944e-08
0.0364	8.26858896325e-15	4.4330978417e-10	1.45856584465e-14	1.44583816031e-13	1.49031163021e-18	1.09691274901e-08
0.0366	8.40562584304e-15	4.50656266861e-10	1.47463800239e-14	1.461770007e-13	1.50673366116e-18	1.10899480971e-08
0.0368	8.54416841435e-15	4.58083456359e-10	1.49079822556e-14	1.47778914928e-13	1.52324567566e-18	1.12114299065e-08
0.037	8.68422490185e-15	4.65591793309e-10	1.50704651416e-14	1.49389558712e-13	1.53984767368e-18	1.13335729091e-08
0.0372	8.82580353016e-15	4.7318171835e-10	1.52338286817e-14	1.5100893205e-13	1.55653965524e-18	1.14563770961e-08
0.0374	8.96891252386e-15	4.80853672119e-10	1.53980728757e-14	1.52637034939e-13	1.57332162033e-18	1.15798424582e-08
0.0376	9.11356010751e-15	4.88608095249e-10	1.55631977236e-14	1.54273867378e-13	1.59019356895e-18	1.17039689866e-08
0.0378	9.25975450562e-15	4.96445428366e-10	1.57292032253e-14	1.55919429363e-13	1.60715550109e-18	1.18287566722e-08
0.038	9.40750394269e-15	5.04366112096e-10	1.58960893805e-14	1.57573720893e-13	1.62420741676e-18	1.1954205506e-08
0.0382	9.55681664315e-15	5.12370587058e-10	1.60638561892e-14	1.59236741964e-13	1.64134931595e-18	1.2080315479e-08
0.0384	9.70770083143e-15	5.20459293868e-10	1.62325036512e-14	1.60908492575e-13	1.65858119867e-18	1.22070865821e-08
0.0386	9.8601647319e-15	5.28632673137e-10	1.64020317664e-14	1.62588972723e-13	1.67590306489e-18	1.23345188062e-08
0.0388	1.00142165689e-14	5.36891165473e-10	1.65724405347e-14	1.64278182406e-13	1.69331491464e-18	1.24626121425e-08
0.039	1.01698645668e-14	5.45235211481e-10	1.6743729956e-14	1.65976121622e-13	1.7108167479e-18	1.25913665819e-08
0.0392	1.03271169498e-14	5.53665251758e-10	1.691590003e-14	1.67682790367e-13	1.72840856467e-18	1.27207821153e-08
0.0394	1.04859819421e-14	5.621817269e-10	1.70889507568e-14	1.69398188639e-13	1.74609036494e-18	1.28508587337e-08
0.0396	1.06464677681e-14	5.707850775e-10	1.72628821361e-14	1.71122316437e-13	1.76386214873e-18	1.29815964281e-08
0.0398	1.08085826518e-14	5.79475744143e-10	1.74376941679e-14	1.72855173758e-13	1.78172391602e-18	1.31129951894e-08
0.04	1.09723348174e-14	5.88254167413e-10	1.76133868519e-14	1.74596760598e-13	1.79967566682e-18	1.32450550088e-08
0.0402	1.1137732489e-14	5.97120787889e-10	1.77899601881e-14	1.76347076957e-13	1.81771740111e-18	1.3377775877e-08
0.0404	1.13047838907e-14	6.06076046146e-10	1.79674141764e-14	1.78106122831e-13	1.8358491189e-18	1.35111577852e-08
0.0406	1.14734972465e-14	6.15120382754e-10	1.81457488166e-14	1.79873898219e-13	1.8540708202e-18	1.36452007242e-08
0.0408	1.16438807804e-14	6.24254238281e-10	1.83249641086e-14	1.81650403117e-13	1.87238250498e-18	1.37799046851e-08
0.041	1.18159427164e-14	6.33478053289e-10	1.85050600523e-14	1.83435637523e-13	1.89078417326e-18	1.39152696589e-08
0.0412	1.19896912784e-14	6.42792268336e-10	1.86860366474e-14	1.85229601435e-13	1.90927582503e-18	1.40512956364e-08
0.0414	1.21651346903e-14	6.52197323977e-10	1.8867893894e-14	1.87032294851e-13	1.92785746028e-18	1.41879826088e-08
0.0416	1.23422811759e-14	6.61693660762e-10	1.90506317919e-14	1.88843717768e-13	1.94652907902e-18	1.43253305669e-08
0.0418	1.25211389592e-14	6.71281719238e-10	1.92342503409e-14	1.90663870184e-13	1.96529068125e-18	1.44633395018e-08
0.042	1.27017162639e-14	6.80961939947e-10	1.94187495409e-14	1.92492752096e-13	1.98414226696e-18	1.46020094044e-08
0.0422	1.28840213138e-14	6.90734763426e-10	1.96041293918e-14	1.94330363502e-13	2.00308383614e-18	1.47413402657e-08
0.0424	1.30680623325e-14	7.0060063021e-10	1.97903898935e-14	1.96176704399e-13	2.02211538881e-18	1.48813320767e-08
0.0426	1.32538475438e-14	7.10559980829e-10	1.99775310458e-14	1.98031774785e-13	2.04123692495e-18	1.50219848283e-08
0.0428	1.34413851714e-14	7.20613255809e-10	2.01655528486e-14	1.99895574658e-13	2.06044844456e-18	1.51632985116e-08
0.043	1.36306834388e-14	7.30760895671e-10	2.03544553017e-14	2.01768104016e-13	2.07974994765e-18	1.53052731176e-08
0.0432	1.38217505697e-14	7.41003340932e-10	2.05442384052e-14	2.03649362855e-13	2.0991414342e-18	1.54479086371e-08
0.0434	1.40145947876e-14	7.51341032107e-10	2.07349021587e-14	2.05539351174e-13	2.11862290422e-18	1.55912050612e-08
0.0436	1.4209224316e-14	7.61774409706e-10	2.09264465622e-14	2.0743806897e-13	2.13819435771e-18	1.57351623809e-08
0.0438	1.44056473784e-14	7.72303914232e-10	2.11188716156e-14	2.09345516241e-13	2.15785579466e-18	1.58797805871e-08
0.044	1.46038721983e-14	7.82929986188e-10	2.13121773187e-14	2.11261692984e-13	2.17760721507e-18	1.60250596708e-08
0.0442	1.48039069991e-14	7.93653066071e-10	2.15063636714e-14	2.13186599197e-13	2.19744861893e-18	1.6170999623e-08
0.0444	1.50057600041e-14	8.04473594374e-10	2.17014306736e-14	2.15120234877e-13	2.21738000626e-18	1.63176004347e-08
0.0446	1.52094394368e-14	8.15392011586e-10	2.18973783251e-14	2.17062600022e-13	2.23740137704e-18	1.64648620968e-08
0.0448	1.54149535204e-14	8.26408758191e-10	2.20942066258e-14	2.19013694631e-13	2.25751273127e-18	1.66127846004e-08
0.045	1.56223104782e-14	8.37524274672e-10	2.22919155757e-14	2.20973518699e-13	2.27771406895e-18	1.67613679363e-08
0.0452	1.58315185334e-14	8.48739001504e-10	2.24905051744e-14	2.22942072225e-13	2.29800539007e-18	1.69106120957e-08
0.0454	1.60425859093e-14	8.6005337916e-10	2.2689975422e-14	2.24919355207e-13	2.31838669465e-18	1.70605170694e-08
0.0456	1.62555208291e-14	8.71467848109e-10	2.28903263184e-14	2.26905367642e-13	2.33885798267e-18	1.72110828485e-08
0.0458	1.64703315158e-14	8.82982848814e-10	2.30915578632e-14	2.28900109528e-13	2.35941925413e-18	1.73623094239e-08
0.046	1.66870261927e-14	8.94598821738e-10	2.32936700566e-14	2.30903580862e-13	2.38007050903e-18	1.75141967867e-08
0.0462	1.69056130827e-14	9.06316207336e-10	2.34966628982e-14	2.32915781641e-13	2.40081174736e-18	1.76667449277e-08
0.0464	1.71261004088e-14	9.18135446059e-10	2.3700536388e-14	2.34936711865e-13	2.42164296913e-18	1.7819953838e-08
0.0466	1.73484963942e-14	9.30056978357e-10	2.39052905259e-14	2.36966371529e-13	2.44256417434e-18	1.79738235085e-08
0.0468	1.75728092618e-14	9.42081244673e-10	2.41109253117e-14	2.39004760632e-13	2.46357536297e-18	1.81283539303e-08
0.047	1.77990472345e-14	9.54208685448e-10	2.43174407453e-14	2.41051879171e-13	2.48467653504e-18	1.82835450943e-08
0.0472	1.80272185352e-14	9.66439741117e-10	2.45248368265e-14	2.43107727145e-13	2.50586769053e-18	1.84393969914e-08
0.0474	1.82573313868e-14	9.78774852111e-10	2.47331135553e-14	2.45172304549e-13	2.52714882944e-18	1.85959096128e-08
0.0476	1.8489394012e-14	9.91214458859e-10	2.49422709316e-14	2.47245611383e-13	2.54851995178e-18	1.87530829493e-08
0.0478	1.87234146338e-14	1.00375900178e-09	2.51523089551e-14	2.49327647644e-13	2.56998105754e-18	1.89109169919e-08
0.048	1.89594014749e-14	1.01640892131e-09	2.53632276257e-14	2.51418413328e-13	2.59153214672e-18	1.90694117316e-08
0.0482	1.9197362758e-14	1.02916465784e-09	2.55750269434e-14	2.53517908435e-13	2.61317321931e-18	1.92285671595e-08
0.0484	1.94373067057e-14	1.0420266518e-09	2.5787706908e-14	2.55626132961e-13	2.63490427532e-18	1.93883832664e-08
0.0486	1.96792415408e-14	1.05499534359e-09	2.60012675193e-14	2.57743086905e-13	2.65672531474e-18	1.95488600433e-08
0.0488	1.99231754859e-14	1.06807117361e-09	2.62157087773e-14	2.59868770262e-13	2.67863633756e-18	1.97099974813e-08
0.049	2.01691167636e-14	1.08125458227e-09	2.64310306818e-14	2.62003183033e-13	2.7006373438e-18	1.98717955713e-08
0.0492	2.04170735964e-14	1.09454600995e-09	2.66472332327e-14	2.64146325213e-13	2.72272833344e-18	2.00342543043e-08
0.0494	2.06670542068e-14	1.10794589705e-09	2.68643164298e-14	2.662981968e-13	2.74490930649e-18	2.01973736713e-08
0.0496	2.09190668174e-14	1.12145468396e-09	2.70822802731e-14	2.68458797793e-13	2.76718026293e-18	2.03611536633e-08
0.0498	2.11731196506e-14	1.13507281106e-09	2.73011247623e-14	2.70628128188e-13	2.78954120278e-18	2.05255942712e-08
0.05	2.14292209288e-14	1.14880071872e-09	2.75208498974e-14	2.72806187984e-13	2.81199212602e-18	2.0690695486e-08
0.0502	2.16873788744e-14	1.16263884733e-09	2.77414556783e-14	2.74992977177e-13	2.83453303266e-18	2.08564572987e-08
0.0504	2.19476017098e-14	1.17658763724e-09	2.79629421047e-14	2.77188495766e-13	2.85716392269e-18	2.10228797003e-08
0.0506	2.22098976572e-14	1.19064752884e-09	2.81853091767e-14	2.79392743748e-13	2.87988479611e-18	2.11899626818e-08
0.0508	2.24742749389e-14	1.20481896247e-09	2.8408556894e-14	2.81605721121e-13	2.90269565292e-18	2.13577062341e-08
0.051	2.27407417773e-14	1.21910237851e-09	2.86326852565e-14	2.83827427882e-13	2.92559649312e-18	2.15261103483e-08
0.0512	2.30093063944e-14	1.2334982173e-09	2.88576942641e-14	2.86057864028e-13	2.9485873167e-18	2.16951750152e-08
0.0514	2.32799770126e-14	1.24800691919e-09	2.90835839167e-14	2.88297029559e-13	2.97166812366e-18	2.1864900226e-08
0.0516	2.35527618538e-14	1.26262892453e-09	2.93103542141e-14	2.9054492447e-13	2.99483891401e-18	2.20352859716e-08
0.0518	2.38276691404e-14	1.27736467366e-09	2.95380051562e-14	2.9280154876e-13	3.01809968773e-18	2.22063322429e-08
0.052	2.41047070942e-14	1.29221460692e-09	2.97665367429e-14	2.95066902426e-13	3.04145044482e-18	2.23780390309e-08
0.0522	2.43838839374e-14	1.30717916464e-09	2.99959489741e-14	2.97340985466e-13	3.06489118529e-18	2.25504063267e-08
0.0524	2.46652078919e-14	1.32225878715e-09	3.02262418496e-14	2.99623797878e-13	3.08842190914e-18	2.27234341212e-08
0.0526	2.49486871798e-14	1.33745391478e-09	3.04574153692e-14	3.01915339659e-13	3.11204261635e-18	2.28971224054e-08
0.0528	2.52343300229e-14	1.35276498785e-09	3.0689469533e-14	3.04215610806e-13	3.13575330693e-18	2.30714711702e-08
0.053	2.55221446432e-14	1.36819244668e-09	3.09224043406e-14	3.06524611317e-13	3.15955398087e-18	2.32464804067e-08
0.0532	2.58121392626e-14	1.38373673157e-09	3.11562197921e-14	3.08842341191e-13	3.18344463818e-18	2.34221501059e-08
0.0534	2.61043221029e-14	1.39939828284e-09	3.13909158873e-14	3.11168800424e-13	3.20742527885e-18	2.35984802586e-08
0.0536	2.63987013858e-14	1.4151775408e-09	3.1626492626e-14	3.13503989014e-13	3.23149590288e-18	2.3775470856e-08
0.0538	2.66952853331e-14	1.43107494574e-09	3.18629500081e-14	3.15847906958e-13	3.25565651026e-18	2.39531218889e-08
0.054	2.69940821667e-14	1.44709093796e-09	3.21002880335e-14	3.18200554255e-13	3.279907101e-18	2.41314333485e-08
0.0542	2.72951001081e-14	1.46322595776e-09	3.23385067021e-14	3.20561930902e-13	3.30424767509e-18	2.43104052255e-08
0.0544	2.7598347379e-14	1.47948044541e-09	3.25776060137e-14	3.22932036896e-13	3.32867823254e-18	2.44900375112e-08
0.0546	2.79038322011e-14	1.49585484122e-09	3.28175859682e-14	3.25310872236e-13	3.35319877333e-18	2.46703301963e-08
0.0548	2.8211562796e-14	1.51234958545e-09	3.30584465655e-14	3.27698436918e-13	3.37780929746e-18	2.48512832719e-08
0.055	2.85215473851e-14	1.52896511839e-09	3.33001878055e-14	3.3009473094e-13	3.40250980495e-18	2.5032896729e-08
0.0552	2.88337941901e-14	1.5457018803e-09	3.35428096879e-14	3.324997543e-13	3.42730029577e-18	2.52151705586e-08
0.0554	2.91483114325e-14	1.56256031146e-09	3.37863122128e-14	3.34913506995e-13	3.45218076993e-18	2.53981047517e-08
0.0556	2.94651073336e-14	1.57954085213e-09	3.40306953799e-14	3.37335989024e-13	3.47715122743e-18	2.55816992992e-08
0.0558	2.97841901149e-14	1.59664394256e-09	3.42759591891e-14	3.39767200383e-13	3.50221166827e-18	2.57659541921e-08
0.056	3.01055679979e-14	1.61387002303e-09	3.45221036404e-14	3.4220714107e-13	3.52736209244e-18	2.59508694214e-08
0.0562	3.04292492037e-14	1.63121953377e-09	3.47691287335e-14	3.44655811084e-13	3.55260249994e-18	2.61364449781e-08
0.0564	3.07552419539e-14	1.64869291503e-09	3.50170344684e-14	3.4711321042e-13	3.57793289077e-18	2.63226808532e-08
0.0566	3.10835544695e-14	1.66629060706e-09	3.52658208449e-14	3.49579339078e-13	3.60335326493e-18	2.65095770376e-08
0.0568	3.1414194972e-14	1.6840130501e-09	3.55154878629e-14	3.52054197055e-13	3.62886362241e-18	2.66971335224e-08
0.057	3.17471716825e-14	1.70186068438e-09	3.57660355222e-14	3.54537784347e-13	3.65446396322e-18	2.68853502985e-08
0.0572	3.20824928222e-14	1.71983395014e-09	3.60174638228e-14	3.57030100954e-13	3.68015428734e-18	2.70742273569e-08
0.0574	3.24201666122e-14	1.73793328761e-09	3.62697727644e-14	3.59531146872e-13	3.70593459479e-18	2.72637646886e-08
0.0576	3.27602012737e-14	1.75615913699e-09	3.65229623471e-14	3.62040922099e-13	3.73180488555e-18	2.74539622846e-08
0.0578	3.31026050277e-14	1.77451193853e-09	3.67770325706e-14	3.64559426632e-13	3.75776515963e-18	2.76448201359e-08
0.058	3.34473860953e-14	1.79299213242e-09	3.70319834348e-14	3.6708666047e-13	3.78381541701e-18	2.78363382334e-08
0.0582	3.37945526975e-14	1.81160015888e-09	3.72878149396e-14	3.6962262361e-13	3.80995565771e-18	2.80285165681e-08
0.0584	3.41441130552e-14	1.83033645812e-09	3.75445270849e-14	3.72167316049e-13	3.83618588172e-18	2.82213551311e-08
0.0586	3.44960753894e-14	1.84920147035e-09	3.78021198705e-14	3.74720737786e-13	3.86250608903e-18	2.84148539133e-08
0.0588	3.4850447921e-14	1.86819563575e-09	3.80605932962e-14	3.77282888816e-13	3.88891627965e-18	2.86090129056e-08
0.059	3.52072388709e-14	1.88731939453e-09	3.83199473621e-14	3.7985376914e-13	3.91541645357e-18	2.88038320991e-08
0.0592	3.55664564599e-14	1.90657318687e-09	3.85801820679e-14	3.82433378752e-13	3.94200661079e-18	2.89993114848e-08
0.0594	3.59281089088e-14	1.92595745297e-09	3.88412974135e-14	3.85021717653e-13	3.9686867513e-18	2.91954510537e-08
0.0596	3.62922044384e-14	1.945472633e-09	3.91032933989e-14	3.87618785838e-13	3.99545687511e-18	2.93922507966e-08
0.0598	3.66587512694e-14	1.96511916714e-09	3.93661700237e-14	3.90224583306e-13	4.02231698222e-18	2.95897107047e-08
0.06	3.70277576225e-14	1.98489749556e-09	3.9629927288e-14	3.92839110055e-13	4.04926707261e-18	2.97878307689e-08
0.0602	3.73992317184e-14	2.00480805845e-09	3.98945651916e-14	3.95462366081e-13	4.0763071463e-18	2.99866109802e-08
0.0604	3.77731817776e-14	2.02485129596e-09	4.01600837344e-14	3.98094351382e-13	4.10343720327e-18	3.01860513295e-08
0.0606	3.81496160209e-14	2.04502764825e-09	4.04264829162e-14	4.00735065957e-13	4.13065724352e-18	3.03861518079e-08
0.0608	3.85285426688e-14	2.06533755548e-09	4.06937627369e-14	4.03384509802e-13	4.15796726706e-18	3.05869124064e-08
0.061	3.89099699417e-14	2.08578145782e-09	4.09619231964e-14	4.06042682916e-13	4.18536727388e-18	3.07883331158e-08
0.0612	3.92939060603e-14	2.10635979539e-09	4.12309642946e-14	4.08709585295e-13	4.21285726398e-18	3.09904139273e-08
0.0614	3.96803592448e-14	2.12707300836e-09	4.15008860313e-14	4.11385216938e-13	4.24043723735e-18	3.11931548318e-08
0.0616	4.00693377159e-14	2.14792153687e-09	4.17716884064e-14	4.14069577841e-13	4.268107194e-18	3.13965558203e-08
0.0618	4.04608496937e-14	2.16890582104e-09	4.20433714198e-14	4.16762668004e-13	4.29586713392e-18	3.16006168838e-08
0.062	4.08549033988e-14	2.19002630102e-09	4.23159350713e-14	4.19464487422e-13	4.32371705711e-18	3.18053380132e-08
0.0622	4.12515070515e-14	2.21128341693e-09	4.25893793608e-14	4.22175036095e-13	4.35165696357e-18	3.20107191996e-08
0.0624	4.16506688719e-14	2.23267760891e-09	4.28637042882e-14	4.24894314019e-13	4.37968685329e-18	3.22167604339e-08
0.0626	4.20523970804e-14	2.25420931706e-09	4.31389098534e-14	4.27622321192e-13	4.40780672628e-18	3.24234617071e-08
0.0628	4.24566998972e-14	2.27587898151e-09	4.34149960562e-14	4.30359057611e-13	4.43601658253e-18	3.26308230102e-08
0.063	4.28635855425e-14	2.29768704236e-09	4.36919628965e-14	4.33104523275e-13	4.46431642204e-18	3.28388443343e-08
0.0632	4.32730622364e-14	2.31963393974e-09	4.39698103741e-14	4.3585871818e-13	4.4927062448e-18	3.30475256702e-08
0.0634	4.3685138199e-14	2.34172011374e-09	4.4248538489e-14	4.38621642325e-13	4.52118605082e-18	3.3256867009e-08
0.0636	4.40998216504e-14	2.36394600447e-09	4.4528147241e-14	4.41393295707e-13	4.5497558401e-18	3.34668683416e-08
0.0638	4.45171208107e-14	2.38631205201e-09	4.480863663e-14	4.44173678324e-13	4.57841561262e-18	3.36775296591e-08
0.064	4.49370438998e-14	2.40881869647e-09	4.50900066559e-14	4.46962790173e-13	4.6071653684e-18	3.38888509524e-08
0.0642	4.53595991378e-14	2.43146637794e-09	4.53722573184e-14	4.49760631251e-13	4.63600510742e-18	3.41008322125e-08
0.0644	4.57847947446e-14	2.45425553648e-09	4.56553886176e-14	4.52567201557e-13	4.66493482968e-18	3.43134734304e-08
0.0646	4.621263894e-14	2.4771866122e-09	4.59394005532e-14	4.55382501089e-13	4.69395453519e-18	3.45267745972e-08
0.0648	4.66431399441e-14	2.50026004515e-09	4.62242931252e-14	4.58206529842e-13	4.72306422393e-18	3.47407357037e-08
0.065	4.70763059765e-14	2.52347627543e-09	4.65100663334e-14	4.61039287816e-13	4.75226389592e-18	3.49553567409e-08
0.0652	4.75121452572e-14	2.54683574308e-09	4.67967201777e-14	4.63880775008e-13	4.78155355114e-18	3.51706377e-08
0.0654	4.79506660058e-14	2.57033888818e-09	4.70842546579e-14	4.66730991415e-13	4.8109331896e-18	3.53865785717e-08
0.0656	4.83918764422e-14	2.59398615079e-09	4.73726697739e-14	4.69589937035e-13	4.84040281128e-18	3.56031793472e-08
0.0658	4.88357847859e-14	2.61777797096e-09	4.76619655257e-14	4.72457611866e-13	4.8699624162e-18	3.58204400175e-08
0.066	4.92823992568e-14	2.64171478874e-09	4.7952141913e-14	4.75334015905e-13	4.89961200435e-18	3.60383605734e-08
0.0662	4.97317280743e-14	2.66579704419e-09	4.82431989357e-14	4.7821914915e-13	4.92935157572e-18	3.6256941006e-08
0.0664	5.01837794582e-14	2.69002517734e-09	4.85351365938e-14	4.81113011598e-13	4.95918113031e-18	3.64761813063e-08
0.0666	5.0638561628e-14	2.71439962823e-09	4.8827954887e-14	4.84015603247e-13	4.98910066812e-18	3.66960814653e-08
0.0668	5.10960828032e-14	2.7389208369e-09	4.91216538153e-14	4.86926924095e-13	5.01911018916e-18	3.69166414739e-08
0.067	5.15563512032e-14	2.76358924339e-09	4.94162333785e-14	4.89846974139e-13	5.04920969341e-18	3.71378613232e-08
0.0672	5.20193750477e-14	2.78840528771e-09	4.97116935765e-14	4.92775753377e-13	5.07939918087e-18	3.73597410041e-08
0.0674	5.24851625559e-14	2.81336940989e-09	5.00080344092e-14	4.95713261806e-13	5.10967865155e-18	3.75822805077e-08
0.0676	5.29537219473e-14	2.83848204995e-09	5.03052558764e-14	4.98659499424e-13	5.14004810544e-18	3.78054798248e-08
0.0678	5.34250614413e-14	2.86374364791e-09	5.0603357978e-14	5.01614466229e-13	5.17050754254e-18	3.80293389466e-08
0.068	5.38991892571e-14	2.88915464378e-09	5.09023407139e-14	5.04578162218e-13	5.20105696284e-18	3.82538578639e-08
0.0682	5.43761136141e-14	2.91471547755e-09	5.1202204084e-14	5.07550587389e-13	5.23169636635e-18	3.84790365679e-08
0.0684	5.48558427315e-14	2.94042658924e-09	5.1502948088e-14	5.1053174174e-13	5.26242575306e-18	3.87048750494e-08
0.0686	5.53383848285e-14	2.96628841885e-09	5.1804572726e-14	5.13521625267e-13	5.29324512297e-18	3.89313732994e-08
0.0688	5.58237481243e-14	2.99230140636e-09	5.21070779977e-14	5.16520237969e-13	5.32415447608e-18	3.91585313091e-08
0.069	5.6311940838e-14	3.01846599177e-09	5.24104639031e-14	5.19527579843e-13	5.35515381239e-18	3.93863490692e-08
0.0692	5.68029711889e-14	3.04478261506e-09	5.27147304419e-14	5.22543650887e-13	5.38624313188e-18	3.96148265709e-08
0.0694	5.72968473959e-14	3.07125171622e-09	5.30198776142e-14	5.25568451098e-13	5.41742243457e-18	3.98439638051e-08
0.0696	5.77935776781e-14	3.09787373523e-09	5.33259054197e-14	5.28601980474e-13	5.44869172045e-18	4.00737607628e-08
0.0698	5.82931702546e-14	3.12464911206e-09	5.36328138583e-14	5.31644239013e-13	5.48005098952e-18	4.03042174349e-08
0.07	5.87956333442e-14	3.15157828667e-09	5.39406029299e-14	5.34695226712e-13	5.51150024177e-18	4.05353338126e-08
0.0702	5.9300975166e-14	3.17866169904e-09	5.42492726343e-14	5.37754943569e-13	5.54303947721e-18	4.07671098868e-08
0.0704	5.98092039388e-14	3.20589978912e-09	5.45588229715e-14	5.40823389581e-13	5.57466869582e-18	4.09995456484e-08
0.0706	6.03203278816e-14	3.23329299688e-09	5.48692539414e-14	5.43900564747e-13	5.60638789762e-18	4.12326410884e-08
0.0708	6.08343552131e-14	3.26084176227e-09	5.51805655436e-14	5.46986469062e-13	5.63819708259e-18	4.1466396198e-08
0.071	6.13512941523e-14	3.28854652523e-09	5.54927577783e-14	5.50081102526e-13	5.67009625073e-18	4.17008109679e-08
0.0712	6.18711529177e-14	3.31640772572e-09	5.58058306451e-14	5.53184465136e-13	5.70208540205e-18	4.19358853893e-08
0.0714	6.23939397283e-14	3.34442580367e-09	5.61197841441e-14	5.56296556889e-13	5.73416453654e-18	4.2171619453e-08
0.0716	6.29196628027e-14	3.37260119902e-09	5.6434618275e-14	5.59417377784e-13	5.7663336542e-18	4.24080131502e-08
0.0718	6.34483303595e-14	3.4009343517e-09	5.67503330377e-14	5.62546927816e-13	5.79859275502e-18	4.26450664718e-08
0.072	6.39799506174e-14	3.42942570165e-09	5.70669284321e-14	5.65685206985e-13	5.83094183901e-18	4.28827794088e-08
0.0722	6.4514531795e-14	3.45807568879e-09	5.73844044582e-14	5.68832215288e-13	5.86338090616e-18	4.31211519521e-08
0.0724	6.50520821109e-14	3.48688475304e-09	5.77027611156e-14	5.71987952722e-13	5.89590995647e-18	4.33601840928e-08
0.0726	6.55926097836e-14	3.51585333431e-09	5.80219984044e-14	5.75152419286e-13	5.92852898993e-18	4.35998758219e-08
0.0728	6.61361230316e-14	3.54498187252e-09	5.83421163244e-14	5.78325614975e-13	5.96123800656e-18	4.38402271303e-08
0.073	6.66826300733e-14	3.57427080758e-09	5.86631148754e-14	5.81507539789e-13	5.99403700633e-18	4.40812380091e-08
0.0732	6.72321391272e-14	3.60372057939e-09	5.89849940574e-14	5.84698193725e-13	6.02692598926e-18	4.43229084492e-08
0.0734	6.77846584117e-14	3.63333162785e-09	5.93077538701e-14	5.8789757678e-13	6.05990495533e-18	4.45652384416e-08
0.0736	6.83401961452e-14	3.66310439286e-09	5.96313943136e-14	5.91105688952e-13	6.09297390456e-18	4.48082279773e-08
0.0738	6.88987605459e-14	3.69303931432e-09	5.99559153876e-14	5.94322530239e-13	6.12613283693e-18	4.50518770473e-08
0.074	6.94603598321e-14	3.7231368321e-09	6.0281317092e-14	5.97548100638e-13	6.15938175244e-18	4.52961856426e-08
0.0742	7.00250022222e-14	3.75339738609e-09	6.06075994267e-14	6.00782400146e-13	6.19272065109e-18	4.55411537542e-08
0.0744	7.05926959343e-14	3.78382141618e-09	6.09347623915e-14	6.04025428762e-13	6.22614953288e-18	4.57867813731e-08
0.0746	7.11634491867e-14	3.81440936224e-09	6.12628059864e-14	6.07277186483e-13	6.25966839781e-18	4.60330684903e-08
0.0748	7.17372701974e-14	3.84516166414e-09	6.15917302112e-14	6.10537673307e-13	6.29327724587e-18	4.62800150967e-08
0.075	7.23141671846e-14	3.87607876175e-09	6.19215350657e-14	6.1380688923e-13	6.32697607706e-18	4.65276211834e-08
0.0752	7.28941483664e-14	3.90716109493e-09	6.22522205499e-14	6.17084834252e-13	6.36076489139e-18	4.67758867413e-08
0.0754	7.34772219608e-14	3.93840910355e-09	6.25837866636e-14	6.20371508369e-13	6.39464368884e-18	4.70248117614e-08
0.0756	7.40633961858e-14	3.96982322745e-09	6.29162334067e-14	6.23666911579e-13	6.42861246941e-18	4.72743962348e-08
0.0758	7.46526792595e-14	4.00140390649e-09	6.32495607791e-14	6.26971043879e-13	6.46267123312e-18	4.75246401524e-08
0.076	7.52450793998e-14	4.03315158052e-09	6.35837687806e-14	6.30283905268e-13	6.49681997994e-18	4.77755435052e-08
0.0762	7.58406048246e-14	4.06506668938e-09	6.39188574111e-14	6.33605495742e-13	6.53105870988e-18	4.80271062842e-08
0.0764	7.64392637517e-14	4.09714967291e-09	6.42548266704e-14	6.369358153e-13	6.56538742294e-18	4.82793284804e-08
0.0766	7.7041064399e-14	4.12940097094e-09	6.45916765585e-14	6.40274863939e-13	6.59980611912e-18	4.85322100848e-08
0.0768	7.76460149844e-14	4.16182102331e-09	6.49294070753e-14	6.43622641656e-13	6.63431479841e-18	4.87857510884e-08
0.077	7.82541237255e-14	4.19441026984e-09	6.52680182205e-14	6.46979148449e-13	6.66891346081e-18	4.90399514822e-08
0.0772	7.88653988402e-14	4.22716915035e-09	6.5607509994e-14	6.50344384317e-13	6.70360210632e-18	4.92948112571e-08
0.0774	7.94798485461e-14	4.26009810467e-09	6.59478823958e-14	6.53718349255e-13	6.73838073493e-18	4.95503304042e-08
0.0776	8.00974810609e-14	4.29319757261e-09	6.62891354257e-14	6.57101043263e-13	6.77324934665e-18	4.98065089144e-08
0.0778	8.07183046023e-14	4.32646799398e-09	6.66312690836e-14	6.60492466337e-13	6.80820794147e-18	5.00633467788e-08
0.078	8.13423273878e-14	4.35990980858e-09	6.69742833693e-14	6.63892618475e-13	6.8432565194e-18	5.03208439883e-08
0.0782	8.19695576351e-14	4.39352345622e-09	6.73181782827e-14	6.67301499675e-13	6.87839508042e-18	5.0579000534e-08
0.0784	8.26000035616e-14	4.4273093767e-09	6.76629538237e-14	6.70719109935e-13	6.91362362454e-18	5.08378164068e-08
0.0786	8.32336733849e-14	4.46126800981e-09	6.80086099921e-14	6.74145449251e-13	6.94894215175e-18	5.10972915976e-08
0.0788	8.38705753224e-14	4.49539979534e-09	6.83551467879e-14	6.77580517622e-13	6.98435066205e-18	5.13574260977e-08
0.079	8.45107175915e-14	4.52970517308e-09	6.87025642109e-14	6.81024315045e-13	7.01984915545e-18	5.16182198978e-08
0.0792	8.51541084097e-14	4.56418458281e-09	6.90508622609e-14	6.84476841518e-13	7.05543763193e-18	5.1879672989e-08
0.0794	8.58007559943e-14	4.5988384643e-09	6.94000409379e-14	6.87938097038e-13	7.0911160915e-18	5.21417853623e-08
0.0796	8.64506685627e-14	4.63366725733e-09	6.97501002417e-14	6.91408081604e-13	7.12688453415e-18	5.24045570086e-08
0.0798	8.7103854332e-14	4.66867140168e-09	7.01010401722e-14	6.94886795211e-13	7.16274295988e-18	5.26679879191e-08
0.08	8.77603215197e-14	4.7038513371e-09	7.04528607292e-14	6.98374237859e-13	7.19869136869e-18	5.29320780846e-08
0.0802	8.84200783429e-14	4.73920750336e-09	7.08055619127e-14	7.01870409545e-13	7.23472976058e-18	5.31968274962e-08
0.0804	8.90831330188e-14	4.77474034021e-09	7.11591437225e-14	7.05375310266e-13	7.27085813554e-18	5.34622361449e-08
0.0806	8.97494937646e-14	4.81045028742e-09	7.15136061584e-14	7.0888894002e-13	7.30707649358e-18	5.37283040216e-08
0.0808	9.04191687973e-14	4.84633778472e-09	7.18689492203e-14	7.12411298805e-13	7.34338483469e-18	5.39950311174e-08
0.081	9.10921663341e-14	4.88240327186e-09	7.22251729082e-14	7.15942386617e-13	7.37978315887e-18	5.42624174232e-08
0.0812	9.17684945921e-14	4.91864718859e-09	7.25822772219e-14	7.19482203456e-13	7.41627146611e-18	5.453046293e-08
0.0814	9.24481617882e-14	4.95506997464e-09	7.29402621612e-14	7.23030749318e-13	7.45284975642e-18	5.47991676289e-08
0.0816	9.31311761394e-14	4.99167206975e-09	7.3299127726e-14	7.265880242e-13	7.48951802979e-18	5.50685315108e-08
0.0818	9.38175458627e-14	5.02845391364e-09	7.36588739163e-14	7.30154028102e-13	7.52627628622e-18	5.53385545667e-08
0.082	9.4507279175e-14	5.06541594603e-09	7.40195007318e-14	7.33728761019e-13	7.5631245257e-18	5.56092367877e-08
0.0822	9.52003842931e-14	5.10255860666e-09	7.43810081724e-14	7.37312222951e-13	7.60006274825e-18	5.58805781646e-08
0.0824	9.5896869434e-14	5.13988233523e-09	7.4743396238e-14	7.40904413893e-13	7.63709095385e-18	5.61525786885e-08
0.0826	9.65967428144e-14	5.17738757146e-09	7.51066649286e-14	7.44505333845e-13	7.6742091425e-18	5.64252383505e-08
0.0828	9.73000126512e-14	5.21507475506e-09	7.54708142438e-14	7.48114982803e-13	7.7114173142e-18	5.66985571414e-08
0.083	9.80066871609e-14	5.25294432573e-09	7.58358441837e-14	7.51733360765e-13	7.74871546894e-18	5.69725350523e-08
0.0832	9.87167745605e-14	5.29099672317e-09	7.62017547481e-14	7.55360467729e-13	7.78610360673e-18	5.72471720743e-08
0.0834	9.94302830665e-14	5.32923238707e-09	7.65685459369e-14	7.58996303692e-13	7.82358172757e-18	5.75224681981e-08
0.0836	1.00147220896e-13	5.36765175714e-09	7.69362177499e-14	7.62640868653e-13	7.86114983145e-18	5.7798423415e-08
0.0838	1.00867596264e-13	5.40625527306e-09	7.7304770187e-14	7.66294162607e-13	7.89880791836e-18	5.80750377158e-08
0.084	1.01591417389e-13	5.4450433745e-09	7.76742032481e-14	7.69956185554e-13	7.93655598832e-18	5.83523110916e-08
0.0842	1.02318692487e-13	5.48401650116e-09	7.8044516933e-14	7.73626937491e-13	7.9743940413e-18	5.86302435334e-08
0.0844	1.03049429774e-13	5.52317509271e-09	7.84157112417e-14	7.77306418415e-13	8.01232207732e-18	5.89088350321e-08
0.0846	1.03783637467e-13	5.56251958881e-09	7.87877861739e-14	7.80994628324e-13	8.05034009637e-18	5.91880855788e-08
0.0848	1.04521323782e-13	5.60205042915e-09	7.91607417297e-14	7.84691567216e-13	8.08844809845e-18	5.94679951644e-08
0.085	1.05262496936e-13	5.64176805337e-09	7.95345779087e-14	7.88397235087e-13	8.12664608356e-18	5.97485637799e-08
0.0852	1.06007165144e-13	5.68167290114e-09	7.9909294711e-14	7.92111631937e-13	8.16493405169e-18	6.00297914164e-08
0.0854	1.06755336624e-13	5.72176541212e-09	8.02848921363e-14	7.95834757761e-13	8.20331200284e-18	6.03116780649e-08
0.0856	1.07507019591e-13	5.76204602596e-09	8.06613701846e-14	7.99566612559e-13	8.24177993701e-18	6.05942237162e-08
0.0858	1.08262222263e-13	5.8025151823e-09	8.10387288557e-14	8.03307196327e-13	8.2803378542e-18	6.08774283615e-08
0.086	1.09020952854e-13	5.84317332078e-09	8.14169681495e-14	8.07056509064e-13	8.31898575441e-18	6.11612919917e-08
0.0862	1.09783219582e-13	5.88402088105e-09	8.17960880658e-14	8.10814550766e-13	8.35772363763e-18	6.14458145978e-08
0.0864	1.10549030662e-13	5.92505830275e-09	8.21760886046e-14	8.14581321431e-13	8.39655150386e-18	6.17309961709e-08
0.0866	1.1131839431e-13	5.96628602549e-09	8.25569697657e-14	8.18356821058e-13	8.4354693531e-18	6.20168367018e-08
0.0868	1.12091318744e-13	6.00770448892e-09	8.2938731549e-14	8.22141049642e-13	8.47447718535e-18	6.23033361817e-08
0.087	1.12867812178e-13	6.04931413264e-09	8.33213739543e-14	8.25934007184e-13	8.5135750006e-18	6.25904946015e-08
0.0872	1.13647882828e-13	6.09111539629e-09	8.37048969816e-14	8.29735693678e-13	8.55276279885e-18	6.28783119522e-08
0.0874	1.14431538912e-13	6.13310871947e-09	8.40893006306e-14	8.33546109124e-13	8.59204058011e-18	6.31667882247e-08
0.0876	1.15218788644e-13	6.17529454179e-09	8.44745849013e-14	8.37365253519e-13	8.63140834437e-18	6.34559234102e-08
0.0878	1.1600964024e-13	6.21767330287e-09	8.48607497935e-14	8.41193126861e-13	8.67086609162e-18	6.37457174996e-08
0.088	1.16804101917e-13	6.2602454423e-09	8.52477953072e-14	8.45029729147e-13	8.71041382186e-18	6.40361704838e-08
0.0882	1.17602181891e-13	6.30301139969e-09	8.56357214421e-14	8.48875060374e-13	8.7500515351e-18	6.4327282354e-08
0.0884	1.18403888376e-13	6.34597161461e-09	8.60245281981e-14	8.52729120541e-13	8.78977923133e-18	6.4619053101e-08
0.0886	1.1920922959e-13	6.38912652668e-09	8.64142155752e-14	8.56591909645e-13	8.82959691055e-18	6.49114827159e-08
0.0888	1.20018213747e-13	6.43247657547e-09	8.68047835732e-14	8.60463427683e-13	8.86950457275e-18	6.52045711897e-08
0.089	1.20830849063e-13	6.47602220056e-09	8.71962321919e-14	8.64343674653e-13	8.90950221794e-18	6.54983185133e-08
0.0892	1.21647143754e-13	6.51976384153e-09	8.75885614313e-14	8.68232650553e-13	8.94958984611e-18	6.57927246779e-08
0.0894	1.22467106036e-13	6.56370193796e-09	8.79817712911e-14	8.7213035538e-13	8.98976745726e-18	6.60877896743e-08
0.0896	1.23290744125e-13	6.60783692942e-09	8.83758617713e-14	8.76036789133e-13	9.03003505139e-18	6.63835134936e-08
0.0898	1.24118066235e-13	6.65216925546e-09	8.87708328718e-14	8.79951951808e-13	9.07039262849e-18	6.66798961267e-08
0.09	1.24949080583e-13	6.69669935566e-09	8.91666845924e-14	8.83875843403e-13	9.11084018857e-18	6.69769375647e-08
0.0902	1.25783795383e-13	6.74142766956e-09	8.9563416933e-14	8.87808463915e-13	9.15137773161e-18	6.72746377986e-08
0.0904	1.26622218852e-13	6.78635463673e-09	8.99610298934e-14	8.91749813343e-13	9.19200525763e-18	6.75729968193e-08
0.0906	1.27464359205e-13	6.83148069672e-09	9.03595234736e-14	8.95699891684e-13	9.23272276661e-18	6.78720146179e-08
0.0908	1.28310224657e-13	6.87680628906e-09	9.07588976734e-14	8.99658698936e-13	9.27353025856e-18	6.81716911854e-08
0.091	1.29159823423e-13	6.92233185329e-09	9.11591524926e-14	9.03626235095e-13	9.31442773347e-18	6.84720265127e-08
0.0912	1.3001316372e-13	6.96805782897e-09	9.15602879312e-14	9.0760250016e-13	9.35541519134e-18	6.87730205908e-08
0.0914	1.30870253762e-13	7.01398465561e-09	9.1962303989e-14	9.11587494129e-13	9.39649263217e-18	6.90746734108e-08
0.0916	1.31731101764e-13	7.06011277274e-09	9.23652006659e-14	9.15581216998e-13	9.43766005596e-18	6.93769849637e-08
0.0918	1.32595715942e-13	7.1064426199e-09	9.27689779618e-14	9.19583668766e-13	9.4789174627e-18	6.96799552404e-08
0.092	1.3346410451e-13	7.15297463661e-09	9.31736358765e-14	9.23594849431e-13	9.52026485239e-18	6.99835842319e-08
0.0922	1.34336275685e-13	7.19970926237e-09	9.35791744099e-14	9.27614758988e-13	9.56170222503e-18	7.02878719294e-08
0.0924	1.35212237681e-13	7.2466469367e-09	9.39855935618e-14	9.31643397438e-13	9.60322958062e-18	7.05928183236e-08
0.0926	1.36091998713e-13	7.29378809911e-09	9.43928933322e-14	9.35680764776e-13	9.64484691916e-18	7.08984234057e-08
0.0928	1.36975566997e-13	7.3411331891e-09	9.48010737209e-14	9.39726861e-13	9.68655424064e-18	7.12046871666e-08
0.093	1.37862950747e-13	7.38868264618e-09	9.52101347278e-14	9.43781686109e-13	9.72835154506e-18	7.15116095974e-08
0.0932	1.38754158178e-13	7.43643690984e-09	9.56200763528e-14	9.47845240099e-13	9.77023883243e-18	7.1819190689e-08
0.0934	1.39649197506e-13	7.48439641958e-09	9.60308985957e-14	9.51917522969e-13	9.81221610272e-18	7.21274304325e-08
0.0936	1.40548076945e-13	7.53256161487e-09	9.64426014564e-14	9.55998534716e-13	9.85428335596e-18	7.24363288188e-08
0.0938	1.4145080471e-13	7.58093293521e-09	9.68551849347e-14	9.60088275337e-13	9.89644059213e-18	7.2745885839e-08
0.094	1.42357389016e-13	7.62951082007e-09	9.72686490306e-14	9.6418674483e-13	9.93868781122e-18	7.30561014839e-08
0.0942	1.43267838078e-13	7.67829570893e-09	9.76829937439e-14	9.68293943193e-13	9.98102501325e-18	7.33669757448e-08
0.0944	1.4418216011e-13	7.72728804126e-09	9.80982190745e-14	9.72409870423e-13	1.00234521982e-17	7.36785086124e-08
0.0946	1.45100363328e-13	7.77648825653e-09	9.85143250223e-14	9.76534526519e-13	1.00659693661e-17	7.39907000779e-08
0.0948	1.46022455945e-13	7.8258967942e-09	9.8931311587e-14	9.80667911476e-13	1.01085765169e-17	7.43035501323e-08
0.095	1.46948446178e-13	7.87551409374e-09	9.93491787687e-14	9.84810025294e-13	1.01512736506e-17	7.46170587664e-08
0.0952	1.47878342239e-13	7.92534059459e-09	9.97679265671e-14	9.88960867969e-13	1.01940607672e-17	7.49312259714e-08
0.0954	1.48812152345e-13	7.97537673621e-09	1.00187554982e-13	9.931204395e-13	1.02369378668e-17	7.52460517383e-08
0.0956	1.49749884709e-13	8.02562295805e-09	1.00608064014e-13	9.97288739884e-13	1.02799049493e-17	7.5561536058e-08
0.0958	1.50691547547e-13	8.07607969954e-09	1.01029453662e-13	1.00146576912e-12	1.03229620147e-17	7.58776789215e-08
0.096	1.51637149072e-13	8.12674740013e-09	1.01451723926e-13	1.0056515272e-12	1.03661090629e-17	7.61944803199e-08
0.0962	1.52586697499e-13	8.17762649926e-09	1.01874874806e-13	1.00984601413e-12	1.04093460941e-17	7.65119402441e-08
0.0964	1.53540201042e-13	8.22871743635e-09	1.02298906303e-13	1.0140492299e-12	1.04526731083e-17	7.68300586851e-08
0.0966	1.54497667917e-13	8.28002065082e-09	1.02723818415e-13	1.01826117451e-12	1.04960901053e-17	7.7148835634e-08
0.0968	1.55459106336e-13	8.33153658211e-09	1.03149611143e-13	1.02248184796e-12	1.05395970852e-17	7.74682710817e-08
0.097	1.56424524516e-13	8.38326566963e-09	1.03576284487e-13	1.02671125025e-12	1.0583194048e-17	7.77883650193e-08
0.0972	1.57393930669e-13	8.4352083528e-09	1.04003838446e-13	1.03094938137e-12	1.06268809937e-17	7.81091174377e-08
0.0974	1.5836733301e-13	8.48736507102e-09	1.0443227302e-13	1.03519624132e-12	1.06706579223e-17	7.8430528328e-08
0.0976	1.59344739754e-13	8.53973626371e-09	1.0486158821e-13	1.0394518301e-12	1.07145248338e-17	7.87525976811e-08
0.0978	1.60326159115e-13	8.59232237026e-09	1.05291784014e-13	1.04371614771e-12	1.07584817282e-17	7.9075325488e-08
0.098	1.61311599306e-13	8.64512383007e-09	1.05722860434e-13	1.04798919414e-12	1.08025286054e-17	7.93987117398e-08
0.0982	1.62301068542e-13	8.69814108254e-09	1.06154817469e-13	1.05227096939e-12	1.08466654656e-17	7.97227564274e-08
0.0984	1.63294575037e-13	8.75137456705e-09	1.06587655118e-13	1.05656147347e-12	1.08908923086e-17	8.00474595419e-08
0.0986	1.64292127006e-13	8.804824723e-09	1.07021373382e-13	1.06086070636e-12	1.09352091346e-17	8.03728210743e-08
0.0988	1.65293732661e-13	8.85849198976e-09	1.0745597226e-13	1.06516866806e-12	1.09796159434e-17	8.06988410154e-08
0.099	1.66299400217e-13	8.91237680671e-09	1.07891451753e-13	1.06948535857e-12	1.10241127351e-17	8.10255193565e-08
0.0992	1.67309137889e-13	8.96647961323e-09	1.08327811859e-13	1.0738107779e-12	1.10686995096e-17	8.13528560884e-08
0.0994	1.68322953889e-13	9.02080084869e-09	1.0876505258e-13	1.07814492603e-12	1.11133762671e-17	8.16808512021e-08
0.0996	1.69340856433e-13	9.07534095244e-09	1.09203173915e-13	1.08248780297e-12	1.11581430074e-17	8.20095046887e-08
0.0998	1.70362853733e-13	9.13010036386e-09	1.09642175864e-13	1.08683940871e-12	1.12029997305e-17	8.23388165392e-08
0.1	1.71388954003e-13	9.1850795223e-09	1.10082058426e-13	1.09119974325e-12	1.12479464366e-17	8.26687867446e-08
