0	0.0	0.0	0.0	0.0	0.0	0.0
0.0002	4.22100709542e-22	2.26356030582e-17	1.35488905114e-19	1.34307650604e-18	1.38436805949e-23	1.01977239871e-13
0.0004	3.37680214504e-21	1.81084404559e-16	5.41955594045e-19	5.37230553165e-18	5.53747219451e-23	4.07907105358e-13
0.0006	1.13966953214e-20	6.11158448206e-16	1.21940002718e-18	1.20876863381e-17	1.24593123399e-22	9.17786815287e-13
0.0008	2.70143606596e-20	1.44866851799e-15	2.16782216489e-18	2.14892181866e-17	2.21498884304e-22	1.63161358851e-12
0.001	5.2762367987e-20	2.82942413821e-15	3.38722196757e-18	3.35769003385e-17	3.46092004009e-22	2.54938464391e-12
0.0012	9.11732765368e-20	4.88923357347e-15	4.87759939561e-18	4.8350732055e-17	4.98372481862e-22	3.67109720039e-12
0.0014	1.44779634949e-19	7.76390382866e-15	6.63895440937e-18	6.58107125973e-17	6.78340317211e-22	4.99674847687e-12
0.0016	2.16113981269e-19	1.1589240649e-14	8.67128696926e-18	8.59568412268e-17	8.85995509404e-22	6.52633569232e-12
0.0018	3.07708842949e-19	1.65010485201e-14	1.09745970356e-17	1.08789117205e-16	1.12133805779e-21	8.25985606571e-12
0.002	4.22096736848e-19	2.26351306679e-14	1.35488845689e-17	1.34307539792e-16	1.38436796172e-21	1.0197306816e-11
0.0022	5.61810169231e-19	3.01272890585e-14	1.63941495294e-17	1.6251210825e-16	1.67508522053e-21	1.23386851623e-11
0.0024	7.29381635768e-19	3.91133243986e-14	1.95103918776e-17	1.93402821841e-16	1.99348983358e-21	1.46839883237e-11
0.0026	9.27343621538e-19	4.9729036135e-14	2.28976115738e-17	2.26979679825e-16	2.33958180022e-21	1.72332135191e-11
0.0028	1.15822860102e-18	6.21102224552e-14	2.65558085785e-17	2.63242681463e-16	2.71336111979e-21	1.99863579678e-11
0.003	1.42456903812e-18	7.63926802868e-14	3.04849828519e-17	3.02191826018e-16	3.11482779164e-21	2.29434188888e-11
0.0032	1.72889738611e-18	9.27122052978e-14	3.46851343545e-17	3.4382711275e-16	3.54398181512e-21	2.61043935013e-11
0.0034	2.07374608772e-18	1.11204591897e-13	3.91562630467e-17	3.8814854092e-16	4.00082318958e-21	2.94692790246e-11
0.0036	2.46164757504e-18	1.32005633232e-13	4.38983688889e-17	4.35156109789e-16	4.48535191436e-21	3.30380726777e-11
0.0038	2.89513426959e-18	1.55251121194e-13	4.89114518414e-17	4.8484981862e-16	4.99756798882e-21	3.68107716799e-11
0.004	3.3767385823e-18	1.81076846411e-13	5.41955118646e-17	5.37229666673e-16	5.5374714123e-21	4.07873732505e-11
0.0042	3.9089929135e-18	2.09618598254e-13	5.97505489189e-17	5.9229565321e-16	6.10506218415e-21	4.49678746088e-11
0.0044	4.49442965292e-18	2.41012164833e-13	6.55765629646e-17	6.50047777491e-16	6.70034030372e-21	4.93522729741e-11
0.0046	5.13558117971e-18	2.75393332999e-13	7.16735539623e-17	7.10486038778e-16	7.32330577036e-21	5.39405655656e-11
0.0048	5.83497986241e-18	3.12897888344e-13	7.80415218722e-17	7.73610436333e-16	7.97395858341e-21	5.87327496029e-11
0.005	6.59515805898e-18	3.53661615198e-13	8.46804666547e-17	8.39420969416e-16	8.65229874222e-21	6.37288223051e-11
0.0052	7.41864811679e-18	3.97820296635e-13	9.15903882703e-17	9.07917637288e-16	9.35832624615e-21	6.89287808919e-11
0.0054	8.30798237261e-18	4.45509714468e-13	9.87712866792e-17	9.79100439212e-16	1.00920410945e-20	7.43326225825e-11
0.0056	9.2656931526e-18	4.96865649249e-13	1.06223161842e-16	1.05296937445e-15	1.08534432867e-20	7.99403445965e-11
0.0058	1.02943127724e-17	5.52023880271e-13	1.13946013719e-16	1.12952444226e-15	1.16425328221e-20	8.57519441534e-11
0.006	1.13963735369e-17	6.1112018557e-13	1.2193984227e-16	1.2087656419e-15	1.24593096999e-20	9.17674184726e-11
0.0062	1.25744077406e-17	6.7429034192e-13	1.30204647457e-16	1.29069297264e-15	1.33037739196e-20	9.79867647736e-11
0.0064	1.38309476672e-17	7.41670124835e-13	1.38740429238e-16	1.37530643374e-15	1.41759254805e-20	1.04409980276e-10
0.0066	1.516852559e-17	8.13395308572e-13	1.47547187576e-16	1.46260602446e-15	1.5075764382e-20	1.110370622e-10
0.0068	1.65896737716e-17	8.89601666126e-13	1.56624922429e-16	1.55259174405e-15	1.60032906233e-20	1.17868007764e-10
0.007	1.8096924464e-17	9.70424969235e-13	1.65973633759e-16	1.64526359179e-15	1.69585042039e-20	1.24902814188e-10
0.0072	1.96928099086e-17	1.05600098838e-12	1.75593321526e-16	1.74062156693e-15	1.79414051231e-20	1.32141478693e-10
0.0074	2.13798623363e-17	1.14646549276e-12	1.8548398569e-16	1.83866566873e-15	1.89519933802e-20	1.39583998497e-10
0.0076	2.31606139674e-17	1.24195425036e-12	1.95645626212e-16	1.93939589646e-15	1.99902689746e-20	1.4723037082e-10
0.0078	2.50375970115e-17	1.34260302786e-12	2.06078243052e-16	2.04281224938e-15	2.10562319057e-20	1.55080592883e-10
0.008	2.70133436675e-17	1.44854759071e-12	2.1678183617e-16	2.14891472674e-15	2.21498821727e-20	1.63134661904e-10
0.0082	2.90903861241e-17	1.55992370309e-12	2.27756405527e-16	2.25770332781e-15	2.32712197751e-20	1.71392575104e-10
0.0084	3.12712565591e-17	1.6768671279e-12	2.39001951083e-16	2.36917805185e-15	2.44202447121e-20	1.79854329702e-10
0.0086	3.35584871398e-17	1.79951362683e-12	2.50518472798e-16	2.48333889812e-15	2.55969569832e-20	1.88519922919e-10
0.0088	3.59546100228e-17	1.92799896027e-12	2.62305970634e-16	2.60018586589e-15	2.68013565877e-20	1.97389351974e-10
0.009	3.84621573543e-17	2.06245888735e-12	2.74364444549e-16	2.7197189544e-15	2.80334435249e-20	2.06462614087e-10
0.0092	4.10836612697e-17	2.20302916597e-12	2.86693894506e-16	2.84193816294e-15	2.92932177941e-20	2.15739706478e-10
0.0094	4.3821653894e-17	2.34984555275e-12	2.99294320463e-16	2.96684349075e-15	3.05806793948e-20	2.25220626367e-10
0.0096	4.66786673415e-17	2.50304380304e-12	3.12165722382e-16	3.09443493709e-15	3.18958283263e-20	2.34905370973e-10
0.0098	4.9657233716e-17	2.66275967097e-12	3.25308100223e-16	3.22471250124e-15	3.32386645878e-20	2.44793937518e-10
0.01	5.27598851104e-17	2.82912890936e-12	3.38721453946e-16	3.35767618244e-15	3.46091881789e-20	2.5488632322e-10
0.0102	5.59891536075e-17	3.00228726981e-12	3.52405783512e-16	3.49332597997e-15	3.60073990987e-20	2.651825253e-10
0.0104	5.93475712791e-17	3.18237050264e-12	3.66361088881e-16	3.63166189308e-15	3.74332973467e-20	2.75682540978e-10
0.0106	6.28376701866e-17	3.36951435693e-12	3.80587370013e-16	3.77268392103e-15	3.88868829223e-20	2.86386367475e-10
0.0108	6.64619823807e-17	3.56385458047e-12	3.95084626868e-16	3.91639206309e-15	4.03681558247e-20	2.97294002009e-10
0.011	7.02230399017e-17	3.76552691982e-12	4.09852859408e-16	4.06278631852e-15	4.18771160532e-20	3.08405441802e-10
0.0112	7.41233747791e-17	3.97466712027e-12	4.24892067593e-16	4.21186668657e-15	4.34137636074e-20	3.19720684073e-10
0.0114	7.81655190319e-17	4.19141092584e-12	4.40202251382e-16	4.36363316651e-15	4.49780984865e-20	3.31239726043e-10
0.0116	8.23520046685e-17	4.41589407931e-12	4.55783410737e-16	4.5180857576e-15	4.65701206898e-20	3.42962564932e-10
0.0118	8.66853636867e-17	4.64825232218e-12	4.71635545617e-16	4.67522445911e-15	4.81898302167e-20	3.5488919796e-10
0.012	9.11681280736e-17	4.88862139472e-12	4.87758655983e-16	4.83504927028e-15	4.98372270665e-20	3.67019622347e-10
0.0122	9.5802829806e-17	5.13713703591e-12	5.04152741796e-16	4.99756019039e-15	5.15123112387e-20	3.79353835314e-10
0.0124	1.0059200085e-16	5.39393498349e-12	5.20817803016e-16	5.1627572187e-15	5.32150827325e-20	3.91891834082e-10
0.0126	1.05538173161e-16	5.65915097392e-12	5.37753839603e-16	5.33064035446e-15	5.49455415473e-20	4.04633615869e-10
0.0128	1.10643878683e-16	5.93292074243e-12	5.54960851517e-16	5.50120959694e-15	5.67036876824e-20	4.17579177898e-10
0.013	1.15911649351e-16	6.21538002297e-12	5.7243883872e-16	5.67446494539e-15	5.84895211372e-20	4.30728517387e-10
0.0132	1.21344017089e-16	6.50666454824e-12	5.9018780117e-16	5.85040639909e-15	6.03030419111e-20	4.44081631558e-10
0.0134	1.2694351381e-16	6.80691004967e-12	6.0820773883e-16	6.02903395729e-15	6.21442500033e-20	4.57638517631e-10
0.0136	1.32712671416e-16	7.11625225744e-12	6.26498651659e-16	6.21034761926e-15	6.40131454133e-20	4.71399172826e-10
0.0138	1.38654021799e-16	7.43482690047e-12	6.45060539617e-16	6.39434738424e-15	6.59097281403e-20	4.85363594365e-10
0.014	1.4477009684e-16	7.76276970642e-12	6.63893402665e-16	6.58103325151e-15	6.78339981838e-20	4.99531779467e-10
0.0142	1.5106342841e-16	8.1002164017e-12	6.82997240763e-16	6.77040522033e-15	6.97859555431e-20	5.13903725353e-10
0.0144	1.5753654837e-16	8.44730271143e-12	7.02372053872e-16	6.96246328996e-15	7.17656002175e-20	5.28479429243e-10
0.0146	1.64191988568e-16	8.8041643595e-12	7.22017841952e-16	7.15720745966e-15	7.37729322064e-20	5.43258888359e-10
0.0148	1.71032280843e-16	9.17093706854e-12	7.41934604964e-16	7.35463772868e-15	7.5807951509e-20	5.58242099921e-10
0.015	1.78059957025e-16	9.54775655991e-12	7.62122342867e-16	7.5547540963e-15	7.78706581249e-20	5.73429061149e-10
0.0152	1.8527754893e-16	9.93475855371e-12	7.82581055622e-16	7.75755656177e-15	7.99610520533e-20	5.88819769264e-10
0.0154	1.92687588365e-16	1.03320787688e-11	8.03310743191e-16	7.96304512436e-15	8.20791332935e-20	6.04414221487e-10
0.0156	2.00292607128e-16	1.07398529227e-11	8.24311405532e-16	8.17121978332e-15	8.4224901845e-20	6.20212415039e-10
0.0158	2.08095137005e-16	1.11582167319e-11	8.45583042606e-16	8.38208053791e-15	8.6398357707e-20	6.3621434714e-10
0.016	2.1609770977e-16	1.15873059112e-11	8.67125654374e-16	8.59562738741e-15	8.8599500879e-20	6.52420015011e-10
0.0162	2.24302857188e-16	1.20272561747e-11	8.88939240796e-16	8.81186033106e-15	9.08283313602e-20	6.68829415873e-10
0.0164	2.32713111014e-16	1.24782032348e-11	9.11023801833e-16	9.03077936814e-15	9.308484915e-20	6.85442546947e-10
0.0166	2.41331002992e-16	1.29402828027e-11	9.33379337445e-16	9.25238449789e-15	9.53690542477e-20	7.02259405453e-10
0.0168	2.50159064853e-16	1.34136305886e-11	9.56005847591e-16	9.47667571959e-15	9.76809466528e-20	7.19279988613e-10
0.017	2.59199828321e-16	1.38983823013e-11	9.78903332234e-16	9.7036530325e-15	1.00020526365e-19	7.36504293647e-10
0.0172	2.68455825108e-16	1.43946736481e-11	1.00207179133e-15	9.93331643587e-15	1.02387793382e-19	7.53932317776e-10
0.0174	2.77929586914e-16	1.49026403354e-11	1.02551122485e-15	1.0165665929e-14	1.04782747705e-19	7.71564058222e-10
0.0176	2.87623645431e-16	1.54224180682e-11	1.04922163274e-15	1.04007015111e-14	1.07205389333e-19	7.89399512205e-10
0.0178	2.97540532337e-16	1.59541425502e-11	1.07320301497e-15	1.06384231814e-14	1.09655718265e-19	8.07438676946e-10
0.018	3.07682779304e-16	1.64979494838e-11	1.09745537149e-15	1.08788309392e-14	1.121337345e-19	8.25681549666e-10
0.0182	3.18052917989e-16	1.70539745704e-11	1.12197870228e-15	1.11219247838e-14	1.14639438038e-19	8.44128127586e-10
0.0184	3.28653480042e-16	1.76223535098e-11	1.14677300728e-15	1.13677047145e-14	1.17172828878e-19	8.62778407928e-10
0.0186	3.39486997098e-16	1.82032220008e-11	1.17183828646e-15	1.16161707304e-14	1.1973390702e-19	8.81632387912e-10
0.0188	3.50556000787e-16	1.87967157407e-11	1.19717453978e-15	1.18673228309e-14	1.22322672462e-19	9.0069006476e-10
0.019	3.61863022724e-16	1.94029704259e-11	1.2227817672e-15	1.21211610153e-14	1.24939125204e-19	9.19951435693e-10
0.0192	3.73410594514e-16	2.00221217511e-11	1.24865996868e-15	1.23776852827e-14	1.27583265246e-19	9.39416497932e-10
0.0194	3.85201247755e-16	2.06543054101e-11	1.27480914418e-15	1.26368956324e-14	1.30255092587e-19	9.59085248697e-10
0.0196	3.97237514029e-16	2.12996570953e-11	1.30122929367e-15	1.28987920637e-14	1.32954607226e-19	9.78957685211e-10
0.0198	4.09521924911e-16	2.19583124978e-11	1.32792041709e-15	1.31633745759e-14	1.35681809162e-19	9.99033804695e-10
0.02	4.22057011966e-16	2.26304073074e-11	1.35488251441e-15	1.34306431682e-14	1.38436698395e-19	1.01931360437e-09
0.0202	4.34845306745e-16	2.33160772129e-11	1.3821155856e-15	1.370059784e-14	1.41219274925e-19	1.03979708146e-09
0.0204	4.47889340791e-16	2.40154579016e-11	1.4096196306e-15	1.39732385903e-14	1.4402953875e-19	1.06048423318e-09
0.0206	4.61191645636e-16	2.47286850596e-11	1.43739464939e-15	1.42485654186e-14	1.4686748987e-19	1.08137505675e-09
0.0208	4.74754752802e-16	2.54558943717e-11	1.46544064193e-15	1.4526578324e-14	1.49733128284e-19	1.1024695494e-09
0.021	4.88581193797e-16	2.61972215216e-11	1.49375760816e-15	1.48072773059e-14	1.52626453992e-19	1.12376770835e-09
0.0212	5.02673500124e-16	2.69528021915e-11	1.52234554806e-15	1.50906623634e-14	1.55547466993e-19	1.14526953082e-09
0.0214	5.1703420327e-16	2.77227720626e-11	1.55120446159e-15	1.53767334959e-14	1.58496167286e-19	1.16697501403e-09
0.0216	5.31665834716e-16	2.85072668147e-11	1.58033434869e-15	1.56654907026e-14	1.61472554871e-19	1.1888841552e-09
0.0218	5.46570925928e-16	2.93064221263e-11	1.60973520935e-15	1.59569339828e-14	1.64476629747e-19	1.21099695155e-09
0.022	5.61752008365e-16	3.01203736746e-11	1.63940704351e-15	1.62510633357e-14	1.67508391913e-19	1.23331340031e-09
0.0222	5.77211613474e-16	3.09492571359e-11	1.66934985113e-15	1.65478787607e-14	1.70567841369e-19	1.2558334987e-09
0.0224	5.92952272691e-16	3.17932081847e-11	1.69956363218e-15	1.68473802568e-14	1.73654978114e-19	1.27855724393e-09
0.0226	6.08976517442e-16	3.26523624947e-11	1.73004838662e-15	1.71495678235e-14	1.76769802147e-19	1.30148463324e-09
0.0228	6.25286879142e-16	3.35268557381e-11	1.7608041144e-15	1.745444146e-14	1.79912313468e-19	1.32461566383e-09
0.023	6.41885889196e-16	3.44168235859e-11	1.79183081549e-15	1.77620011655e-14	1.83082512076e-19	1.34795033294e-09
0.0232	6.58776078999e-16	3.53224017079e-11	1.82312848985e-15	1.80722469394e-14	1.86280397971e-19	1.37148863778e-09
0.0234	6.75959979933e-16	3.62437257725e-11	1.85469713743e-15	1.83851787808e-14	1.89505971151e-19	1.39523057558e-09
0.0236	6.93440123371e-16	3.7180931447e-11	1.88653675821e-15	1.8700796689e-14	1.92759231617e-19	1.41917614356e-09
0.0238	7.11219040676e-16	3.81341543973e-11	1.91864735213e-15	1.90191006633e-14	1.96040179367e-19	1.44332533894e-09
0.024	7.292992632e-16	3.91035302881e-11	1.95102891916e-15	1.93400907029e-14	1.99348814401e-19	1.46767815894e-09
0.0242	7.47683322283e-16	4.00891947829e-11	1.98368145926e-15	1.96637668072e-14	2.02685136718e-19	1.49223460078e-09
0.0244	7.66373749256e-16	4.10912835439e-11	2.0166049724e-15	1.99901289754e-14	2.06049146318e-19	1.51699466169e-09
0.0246	7.8537307544e-16	4.2109932232e-11	2.04979945852e-15	2.03191772066e-14	2.09440843199e-19	1.54195833889e-09
0.0248	8.04683832143e-16	4.31452765069e-11	2.08326491759e-15	2.06509115003e-14	2.12860227362e-19	1.56712562959e-09
0.025	8.24308550664e-16	4.41974520269e-11	2.11700134957e-15	2.09853318556e-14	2.16307298805e-19	1.59249653103e-09
0.0252	8.44249762291e-16	4.52665944493e-11	2.15100875443e-15	2.13224382718e-14	2.19782057528e-19	1.61807104042e-09
0.0254	8.64509998303e-16	4.63528394299e-11	2.18528713211e-15	2.16622307483e-14	2.23284503531e-19	1.64384915498e-09
0.0256	8.85091789966e-16	4.74563226234e-11	2.21983648259e-15	2.20047092841e-14	2.26814636812e-19	1.66983087194e-09
0.0258	9.05997668536e-16	4.85771796832e-11	2.25465680582e-15	2.23498738787e-14	2.30372457371e-19	1.69601618853e-09
0.026	9.27230165259e-16	4.97155462613e-11	2.28974810177e-15	2.26977245312e-14	2.33957965207e-19	1.72240510195e-09
0.0262	9.48791811371e-16	5.08715580087e-11	2.32511037038e-15	2.30482612409e-14	2.37571160321e-19	1.74899760943e-09
0.0264	9.70685138095e-16	5.20453505749e-11	2.36074361163e-15	2.34014840071e-14	2.4121204271e-19	1.7757937082e-09
0.0266	9.92912676647e-16	5.32370596083e-11	2.39664782548e-15	2.37573928291e-14	2.44880612374e-19	1.80279339548e-09
0.0268	1.01547695823e-15	5.44468207559e-11	2.43282301188e-15	2.41159877061e-14	2.48576869313e-19	1.82999666848e-09
0.027	1.03838051404e-15	5.56747696636e-11	2.46926917079e-15	2.44772686373e-14	2.52300813527e-19	1.85740352444e-09
0.0272	1.06162587525e-15	5.6921041976e-11	2.50598630218e-15	2.48412356221e-14	2.56052445013e-19	1.88501396057e-09
0.0274	1.08521557304e-15	5.81857733363e-11	2.54297440601e-15	2.52078886596e-14	2.59831763773e-19	1.9128279741e-09
0.0276	1.10915213856e-15	5.94690993866e-11	2.58023348223e-15	2.55772277493e-14	2.63638769804e-19	1.94084556225e-09
0.0278	1.13343810298e-15	6.07711557678e-11	2.61776353081e-15	2.59492528902e-14	2.67473463107e-19	1.96906672223e-09
0.028	1.15807599743e-15	6.20920781192e-11	2.6555645517e-15	2.63239640817e-14	2.71335843681e-19	1.99749145128e-09
0.0282	1.18306835303e-15	6.34320020793e-11	2.69363654487e-15	2.6701361323e-14	2.75225911525e-19	2.02611974662e-09
0.0284	1.20841770091e-15	6.4791063285e-11	2.73197951028e-15	2.70814446134e-14	2.79143666638e-19	2.05495160546e-09
0.0286	1.23412657218e-15	6.61693973721e-11	2.77059344789e-15	2.74642139522e-14	2.8308910902e-19	2.08398702503e-09
0.0288	1.26019749793e-15	6.7567139975e-11	2.80947835765e-15	2.78496693386e-14	2.87062238671e-19	2.11322600255e-09
0.029	1.28663300924e-15	6.8984426727e-11	2.84863423954e-15	2.82378107719e-14	2.91063055589e-19	2.14266853525e-09
0.0292	1.31343563721e-15	7.04213932602e-11	2.8880610935e-15	2.86286382514e-14	2.95091559774e-19	2.17231462035e-09
0.0294	1.34060791288e-15	7.18781752051e-11	2.9277589195e-15	2.90221517762e-14	2.99147751225e-19	2.20216425506e-09
0.0296	1.36815236733e-15	7.33549081913e-11	2.9677277175e-15	2.94183513457e-14	3.03231629942e-19	2.23221743662e-09
0.0298	1.39607153158e-15	7.4851727847e-11	3.00796748747e-15	2.98172369591e-14	3.07343195923e-19	2.26247416224e-09
0.03	1.42436793668e-15	7.63687697991e-11	3.04847822935e-15	3.02188086157e-14	3.11482449169e-19	2.29293442915e-09
0.0302	1.45304411365e-15	7.79061696733e-11	3.08925994311e-15	3.06230663148e-14	3.15649389679e-19	2.32359823457e-09
0.0304	1.4821025935e-15	7.94640630941e-11	3.13031262872e-15	3.10300100556e-14	3.19844017451e-19	2.35446557572e-09
0.0306	1.51154590724e-15	8.10425856845e-11	3.17163628612e-15	3.14396398373e-14	3.24066332486e-19	2.38553644982e-09
0.0308	1.54137658585e-15	8.26418730666e-11	3.21323091529e-15	3.18519556593e-14	3.28316334783e-19	2.4168108541e-09
0.031	1.57159716032e-15	8.42620608609e-11	3.25509651619e-15	3.22669575208e-14	3.3259402434e-19	2.44828878579e-09
0.0312	1.60221016161e-15	8.59032846869e-11	3.29723308876e-15	3.2684645421e-14	3.36899401158e-19	2.47997024209e-09
0.0314	1.6332181207e-15	8.75656801626e-11	3.33964063298e-15	3.31050193592e-14	3.41232465236e-19	2.51185522024e-09
0.0316	1.66462356852e-15	8.92493829051e-11	3.3823191488e-15	3.35280793347e-14	3.45593216573e-19	2.54394371746e-09
0.0318	1.69642903601e-15	9.09545285298e-11	3.42526863619e-15	3.39538253468e-14	3.49981655168e-19	2.57623573097e-09
0.032	1.72863705411e-15	9.26812526511e-11	3.4684890951e-15	3.43822573946e-14	3.54397781021e-19	2.608731258e-09
0.0322	1.76125015373e-15	9.44296908823e-11	3.51198052549e-15	3.48133754776e-14	3.58841594131e-19	2.64143029576e-09
0.0324	1.79427086577e-15	9.6199978835e-11	3.55574292733e-15	3.52471795948e-14	3.63313094497e-19	2.67433284148e-09
0.0326	1.82770172114e-15	9.79922521198e-11	3.59977630058e-15	3.56836697456e-14	3.67812282119e-19	2.70743889238e-09
0.0328	1.86154525072e-15	9.98066463462e-11	3.64408064519e-15	3.61228459293e-14	3.72339156997e-19	2.74074844569e-09
0.033	1.89580398539e-15	1.01643297122e-10	3.68865596113e-15	3.65647081451e-14	3.76893719129e-19	2.77426149863e-09
0.0332	1.93048045601e-15	1.03502340054e-10	3.73350224835e-15	3.70092563922e-14	3.81475968515e-19	2.80797804841e-09
0.0334	1.96557719342e-15	1.05383910749e-10	3.77861950682e-15	3.745649067e-14	3.86085905154e-19	2.84189809228e-09
0.0336	2.00109672849e-15	1.07288144809e-10	3.8240077365e-15	3.79064109776e-14	3.90723529045e-19	2.87602162744e-09
0.0338	2.03704159204e-15	1.09215177839e-10	3.86966693735e-15	3.83590173144e-14	3.95388840189e-19	2.91034865111e-09
0.034	2.07341431488e-15	1.11165145439e-10	3.91559710932e-15	3.88143096796e-14	4.00081838583e-19	2.94487916054e-09
0.0342	2.11021742785e-15	1.13138183211e-10	3.96179825239e-15	3.92722880725e-14	4.04802524229e-19	2.97961315293e-09
0.0344	2.14745346172e-15	1.15134426754e-10	4.0082703665e-15	3.97329524924e-14	4.09550897124e-19	3.0145506255e-09
0.0346	2.1851249473e-15	1.17154011666e-10	4.05501345162e-15	4.01963029384e-14	4.14326957268e-19	3.04969157549e-09
0.0348	2.22323441537e-15	1.19197073543e-10	4.10202750772e-15	4.06623394099e-14	4.19130704661e-19	3.08503600012e-09
0.035	2.26178439669e-15	1.21263747982e-10	4.14931253474e-15	4.11310619061e-14	4.23962139303e-19	3.12058389661e-09
0.0352	2.30077742203e-15	1.23354170575e-10	4.19686853265e-15	4.16024704263e-14	4.28821261191e-19	3.15633526217e-09
0.0354	2.34021602212e-15	1.25468476917e-10	4.24469550142e-15	4.20765649697e-14	4.33708070326e-19	3.19229009405e-09
0.0356	2.38010272772e-15	1.27606802599e-10	4.29279344099e-15	4.25533455356e-14	4.38622566707e-19	3.22844838945e-09
0.0358	2.42044006954e-15	1.2976928321e-10	4.34116235134e-15	4.30328121233e-14	4.43564750334e-19	3.2648101456e-09
0.036	2.4612305783e-15	1.31956054342e-10	4.38980223242e-15	4.3514964732e-14	4.48534621205e-19	3.30137535973e-09
0.0362	2.50247678471e-15	1.34167251581e-10	4.43871308419e-15	4.39998033611e-14	4.53532179321e-19	3.33814402905e-09
0.0364	2.54418121946e-15	1.36403010514e-10	4.48789490661e-15	4.44873280096e-14	4.58557424679e-19	3.3751161508e-09
0.0366	2.58634641324e-15	1.38663466727e-10	4.53734769965e-15	4.4977538677e-14	4.63610357281e-19	3.41229172219e-09
0.0368	2.62897489672e-15	1.40948755803e-10	4.58707146326e-15	4.54704353624e-14	4.68690977125e-19	3.44967074046e-09
0.037	2.67206920057e-15	1.43259013326e-10	4.63706619741e-15	4.59660180652e-14	4.7379928421e-19	3.48725320281e-09
0.0372	2.71563185543e-15	1.45594374877e-10	4.68733190205e-15	4.64642867845e-14	4.78935278536e-19	3.52503910648e-09
0.0374	2.75966539196e-15	1.47954976037e-10	4.73786857714e-15	4.69652415197e-14	4.84098960102e-19	3.56302844869e-09
0.0376	2.80417234077e-15	1.50340952384e-10	4.78867622266e-15	4.74688822701e-14	4.89290328908e-19	3.60122122666e-09
0.0378	2.8491552325e-15	1.52752439497e-10	4.83975483854e-15	4.79752090348e-14	4.94509384952e-19	3.63961743761e-09
0.038	2.89461659775e-15	1.55189572953e-10	4.89110442476e-15	4.84842218131e-14	4.99756128235e-19	3.67821707878e-09
0.0382	2.94055896712e-15	1.57652488326e-10	4.94272498128e-15	4.89959206044e-14	5.05030558755e-19	3.71702014738e-09
0.0384	2.98698487121e-15	1.6014132119e-10	4.99461650806e-15	4.95103054078e-14	5.10332676512e-19	3.75602664063e-09
0.0386	3.03389684058e-15	1.62656207119e-10	5.04677900505e-15	5.00273762226e-14	5.15662481506e-19	3.79523655577e-09
0.0388	3.08129740582e-15	1.65197281684e-10	5.09921247222e-15	5.05471330481e-14	5.21019973735e-19	3.83464989001e-09
0.039	3.12918909747e-15	1.67764680456e-10	5.15191690952e-15	5.10695758835e-14	5.26405153199e-19	3.87426664057e-09
0.0392	3.17757444608e-15	1.70358539002e-10	5.20489231693e-15	5.15947047282e-14	5.31818019897e-19	3.91408680469e-09
0.0394	3.2264559822e-15	1.72978992892e-10	5.25813869439e-15	5.21225195813e-14	5.37258573829e-19	3.95411037959e-09
0.0396	3.27583623634e-15	1.75626177692e-10	5.31165604188e-15	5.26530204422e-14	5.42726814994e-19	3.99433736248e-09
0.0398	3.32571773902e-15	1.78300228967e-10	5.36544435934e-15	5.318620731e-14	5.48222743391e-19	4.03476775059e-09
0.04	3.37610302074e-15	1.81001282281e-10	5.41950364674e-15	5.37220801841e-14	5.5374635902e-19	4.07540154116e-09
0.0402	3.426994612e-15	1.83729473197e-10	5.47383390404e-15	5.42606390637e-14	5.5929766188e-19	4.11623873139e-09
0.0404	3.47839504329e-15	1.86484937276e-10	5.52843513121e-15	5.48018839481e-14	5.64876651971e-19	4.15727931851e-09
0.0406	3.53030684507e-15	1.89267810078e-10	5.58330732819e-15	5.53458148365e-14	5.70483329291e-19	4.19852329976e-09
0.0408	3.58273254781e-15	1.92078227163e-10	5.63845049496e-15	5.58924317282e-14	5.7611769384e-19	4.23997067234e-09
0.041	3.63567468196e-15	1.94916324089e-10	5.69386463146e-15	5.64417346225e-14	5.81779745618e-19	4.28162143349e-09
0.0412	3.68913577795e-15	1.97782236411e-10	5.74954973767e-15	5.69937235186e-14	5.87469484623e-19	4.32347558043e-09
0.0414	3.74311836623e-15	2.00676099685e-10	5.80550581354e-15	5.75483984158e-14	5.93186910856e-19	4.36553311039e-09
0.0416	3.79762497721e-15	2.03598049465e-10	5.86173285904e-15	5.81057593133e-14	5.98932024315e-19	4.40779402058e-09
0.0418	3.8526581413e-15	2.06548221304e-10	5.91823087412e-15	5.86658062104e-14	6.04704825e-19	4.45025830823e-09
0.042	3.90822038889e-15	2.09526750753e-10	5.97499985874e-15	5.92285391064e-14	6.1050531291e-19	4.49292597057e-09
0.0422	3.96431425039e-15	2.12533773362e-10	6.03203981286e-15	5.97939580005e-14	6.16333488044e-19	4.53579700482e-09
0.0424	4.02094225615e-15	2.1556942468e-10	6.08935073645e-15	6.0362062892e-14	6.22189350403e-19	4.57887140821e-09
0.0426	4.07810693656e-15	2.18633840255e-10	6.14693262947e-15	6.09328537801e-14	6.28072899984e-19	4.62214917795e-09
0.0428	4.13581082196e-15	2.21727155633e-10	6.20478549187e-15	6.15063306642e-14	6.33984136788e-19	4.66563031127e-09
0.043	4.19405644271e-15	2.2484950636e-10	6.26290932361e-15	6.20824935434e-14	6.39923060814e-19	4.70931480541e-09
0.0432	4.25284632913e-15	2.28001027979e-10	6.32130412466e-15	6.2661342417e-14	6.45889672062e-19	4.75320265757e-09
0.0434	4.31218301156e-15	2.31181856033e-10	6.37996989498e-15	6.32428772844e-14	6.5188397053e-19	4.79729386498e-09
0.0436	4.3720690203e-15	2.34392126063e-10	6.43890663453e-15	6.38270981446e-14	6.57905956218e-19	4.84158842488e-09
0.0438	4.43250688567e-15	2.3763197361e-10	6.49811434326e-15	6.44140049972e-14	6.63955629125e-19	4.88608633448e-09
0.044	4.49349913794e-15	2.40901534212e-10	6.55759302114e-15	6.50035978411e-14	6.70032989251e-19	4.930787591e-09
0.0442	4.55504830741e-15	2.44200943407e-10	6.61734266812e-15	6.55958766759e-14	6.76138036595e-19	4.97569219168e-09
0.0444	4.61715692435e-15	2.4753033673e-10	6.67736328418e-15	6.61908415006e-14	6.82270771156e-19	5.02080013374e-09
0.0446	4.67982751902e-15	2.50889849719e-10	6.73765486926e-15	6.67884923146e-14	6.88431192934e-19	5.0661114144e-09
0.0448	4.74306262166e-15	2.54279617905e-10	6.79821742334e-15	6.73888291171e-14	6.94619301928e-19	5.11162603088e-09
0.045	4.80686476252e-15	2.57699776822e-10	6.85905094636e-15	6.79918519074e-14	7.00835098137e-19	5.15734398041e-09
0.0452	4.87123647183e-15	2.61150462001e-10	6.92015543829e-15	6.85975606847e-14	7.07078581561e-19	5.20326526021e-09
0.0454	4.9361802798e-15	2.64631808972e-10	6.98153089909e-15	6.92059554484e-14	7.133497522e-19	5.24938986752e-09
0.0456	5.00169871665e-15	2.68143953264e-10	7.04317732872e-15	6.98170361976e-14	7.19648610051e-19	5.29571779955e-09
0.0458	5.06779431257e-15	2.71687030404e-10	7.10509472715e-15	7.04308029316e-14	7.25975155116e-19	5.34224905352e-09
0.046	5.13446959774e-15	2.75261175919e-10	7.16728309432e-15	7.10472556497e-14	7.32329387392e-19	5.38898362667e-09
0.0462	5.20172710236e-15	2.78866525334e-10	7.22974243021e-15	7.16663943512e-14	7.3871130688e-19	5.43592151621e-09
0.0464	5.26956935657e-15	2.82503214172e-10	7.29247273477e-15	7.22882190353e-14	7.45120913579e-19	5.48306271938e-09
0.0466	5.33799889054e-15	2.86171377956e-10	7.35547400796e-15	7.29127297012e-14	7.51558207488e-19	5.53040723339e-09
0.0468	5.4070182344e-15	2.89871152207e-10	7.41874624974e-15	7.35399263483e-14	7.58023188607e-19	5.57795505547e-09
0.047	5.4766299183e-15	2.93602672446e-10	7.48228946008e-15	7.41698089758e-14	7.64515856934e-19	5.62570618285e-09
0.0472	5.54683647236e-15	2.9736607419e-10	7.54610363893e-15	7.4802377583e-14	7.7103621247e-19	5.67366061275e-09
0.0474	5.61764042669e-15	3.01161492957e-10	7.61018878626e-15	7.54376321691e-14	7.77584255213e-19	5.72181834239e-09
0.0476	5.6890443114e-15	3.04989064264e-10	7.67454490202e-15	7.60755727333e-14	7.84159985164e-19	5.770179369e-09
0.0478	5.76105065656e-15	3.08848923626e-10	7.73917198617e-15	7.6716199275e-14	7.9076340232e-19	5.81874368981e-09
0.048	5.83366199227e-15	3.12741206556e-10	7.80407003868e-15	7.73595117934e-14	7.97394506682e-19	5.86751130204e-09
0.0482	5.9068808486e-15	3.16666048567e-10	7.86923905951e-15	7.80055102877e-14	8.04053298249e-19	5.91648220291e-09
0.0484	5.9807097556e-15	3.20623585169e-10	7.93467904861e-15	7.86541947573e-14	8.10739777021e-19	5.96565638965e-09
0.0486	6.05515124333e-15	3.24613951873e-10	8.00039000594e-15	7.93055652014e-14	8.17453942996e-19	6.01503385948e-09
0.0488	6.13020784182e-15	3.28637284188e-10	8.06637193148e-15	7.99596216192e-14	8.24195796174e-19	6.06461460963e-09
0.049	6.20588208111e-15	3.3269371762e-10	8.13262482517e-15	8.061636401e-14	8.30965336554e-19	6.11439863733e-09
0.0492	6.2821764912e-15	3.36783387677e-10	8.19914868698e-15	8.12757923731e-14	8.37762564136e-19	6.16438593979e-09
0.0494	6.35909360211e-15	3.40906429862e-10	8.26594351686e-15	8.19379067077e-14	8.44587478919e-19	6.21457651425e-09
0.0496	6.43663594383e-15	3.4506297968e-10	8.33300931479e-15	8.26027070132e-14	8.51440080903e-19	6.26497035793e-09
0.0498	6.51480604634e-15	3.49253172633e-10	8.40034608071e-15	8.32701932886e-14	8.58320370086e-19	6.31556746805e-09
0.05	6.59360643964e-15	3.53477144222e-10	8.46795381459e-15	8.39403655334e-14	8.65228346469e-19	6.36636784184e-09
0.0502	6.67303965367e-15	3.57735029946e-10	8.53583251639e-15	8.46132237468e-14	8.72164010049e-19	6.41737147652e-09
0.0504	6.75310821839e-15	3.62026965305e-10	8.60398218607e-15	8.5288767928e-14	8.79127360828e-19	6.46857836933e-09
0.0506	6.83381466374e-15	3.66353085796e-10	8.6724028236e-15	8.59669980763e-14	8.86118398804e-19	6.51998851747e-09
0.0508	6.91516151967e-15	3.70713526915e-10	8.74109442892e-15	8.6647914191e-14	8.93137123976e-19	6.57160191819e-09
0.051	6.99715131609e-15	3.75108424157e-10	8.810057002e-15	8.73315162712e-14	9.00183536344e-19	6.6234185687e-09
0.0512	7.0797865829e-15	3.79537913015e-10	8.87929054281e-15	8.80178043164e-14	9.07257635908e-19	6.67543846623e-09
0.0514	7.16306985002e-15	3.84002128981e-10	8.94879505129e-15	8.87067783257e-14	9.14359422665e-19	6.72766160801e-09
0.0516	7.24700364734e-15	3.88501207547e-10	9.01857052742e-15	8.93984382984e-14	9.21488896617e-19	6.78008799125e-09
0.0518	7.33159050473e-15	3.93035284203e-10	9.08861697115e-15	9.00927842338e-14	9.28646057762e-19	6.83271761319e-09
0.052	7.41683295206e-15	3.97604494437e-10	9.15893438244e-15	9.07898161311e-14	9.358309061e-19	6.88555047105e-09
0.0522	7.50273351919e-15	4.02208973735e-10	9.22952276126e-15	9.14895339896e-14	9.43043441629e-19	6.93858656206e-09
0.0524	7.58929473597e-15	4.06848857586e-10	9.30038210756e-15	9.21919378086e-14	9.5028366435e-19	6.99182588344e-09
0.0526	7.67651913224e-15	4.11524281472e-10	9.3715124213e-15	9.28970275873e-14	9.57551574261e-19	7.04526843242e-09
0.0528	7.76440923782e-15	4.16235380878e-10	9.44291370245e-15	9.36048033249e-14	9.64847171363e-19	7.09891420622e-09
0.053	7.85296758254e-15	4.20982291285e-10	9.51458595097e-15	9.43152650208e-14	9.72170455653e-19	7.15276320207e-09
0.0532	7.94219669619e-15	4.25765148176e-10	9.58652916681e-15	9.50284126741e-14	9.79521427133e-19	7.20681541719e-09
0.0534	8.03209910857e-15	4.30584087029e-10	9.65874334993e-15	9.57442462843e-14	9.869000858e-19	7.2610708488e-09
0.0536	8.12267734947e-15	4.35439243323e-10	9.7312285003e-15	9.64627658504e-14	9.94306431655e-19	7.31552949415e-09
0.0538	8.21393394866e-15	4.40330752535e-10	9.80398461788e-15	9.71839713718e-14	1.0017404647e-18	7.37019135044e-09
0.054	8.3058714359e-15	4.45258750142e-10	9.87701170262e-15	9.79078628478e-14	1.00920218492e-18	7.42505641491e-09
0.0542	8.39849234095e-15	4.50223371617e-10	9.95030975449e-15	9.86344402776e-14	1.01669159234e-18	7.48012468478e-09
0.0544	8.49179919354e-15	4.55224752435e-10	1.00238787734e-14	9.93637036604e-14	1.02420868693e-18	7.53539615728e-09
0.0546	8.58579452342e-15	4.60263028067e-10	1.00977187595e-14	1.00095652996e-13	1.03175346872e-18	7.59087082963e-09
0.0548	8.6804808603e-15	4.65338333985e-10	1.01718297125e-14	1.00830288282e-13	1.03932593768e-18	7.64654869905e-09
0.055	8.77586073389e-15	4.70450805658e-10	1.02462116324e-14	1.0156760952e-13	1.04692609383e-18	7.70242976278e-09
0.0552	8.87193667389e-15	4.75600578555e-10	1.03208645194e-14	1.02307616708e-13	1.05455393716e-18	7.75851401804e-09
0.0554	8.96871120999e-15	4.80787788142e-10	1.03957883732e-14	1.03050309845e-13	1.06220946767e-18	7.81480146206e-09
0.0556	9.06618687188e-15	4.86012569886e-10	1.04709831938e-14	1.0379568893e-13	1.06989268536e-18	7.87129209205e-09
0.0558	9.16436618921e-15	4.91275059251e-10	1.05464489813e-14	1.04543753964e-13	1.07760359024e-18	7.92798590526e-09
0.056	9.26325169165e-15	4.965753917e-10	1.06221857355e-14	1.05294504945e-13	1.08534218229e-18	7.98488289889e-09
0.0562	9.36284590884e-15	5.01913702697e-10	1.06981934565e-14	1.06047941872e-13	1.09310846152e-18	8.04198307019e-09
0.0564	9.46315137042e-15	5.07290127701e-10	1.07744721441e-14	1.06804064745e-13	1.10090242793e-18	8.09928641636e-09
0.0566	9.56417060601e-15	5.12704802172e-10	1.08510217984e-14	1.07562873563e-13	1.10872408152e-18	8.15679293465e-09
0.0568	9.66590614524e-15	5.18157861569e-10	1.09278424193e-14	1.08324368324e-13	1.11657342228e-18	8.21450262228e-09
0.057	9.7683605177e-15	5.23649441349e-10	1.10049340068e-14	1.0908854903e-13	1.12445045022e-18	8.27241547646e-09
0.0572	9.87153625298e-15	5.29179676967e-10	1.10822965609e-14	1.09855415678e-13	1.13235516534e-18	8.33053149444e-09
0.0574	9.97543588069e-15	5.34748703879e-10	1.11599300814e-14	1.10624968268e-13	1.14028756763e-18	8.38885067343e-09
0.0576	1.00800619304e-14	5.40356657536e-10	1.12378345683e-14	1.113972068e-13	1.14824765709e-18	8.44737301066e-09
0.0578	1.01854169316e-14	5.46003673392e-10	1.13160100217e-14	1.12172131272e-13	1.15623543373e-18	8.50609850335e-09
0.058	1.02915034139e-14	5.51689886898e-10	1.13944564415e-14	1.12949741683e-13	1.16425089754e-18	8.56502714874e-09
0.0582	1.03983239069e-14	5.57415433502e-10	1.14731738276e-14	1.13730038034e-13	1.17229404853e-18	8.62415894404e-09
0.0584	1.05058809401e-14	5.63180448654e-10	1.155216218e-14	1.14513020323e-13	1.18036488668e-18	8.68349388649e-09
0.0586	1.06141770429e-14	5.689850678e-10	1.16314214986e-14	1.15298688549e-13	1.18846341201e-18	8.74303197331e-09
0.0588	1.07232147449e-14	5.74829426385e-10	1.17109517835e-14	1.16087042713e-13	1.19658962451e-18	8.80277320173e-09
0.059	1.08329965757e-14	5.80713659855e-10	1.17907530345e-14	1.16878082812e-13	1.20474352417e-18	8.86271756897e-09
0.0592	1.09435250646e-14	5.86637903653e-10	1.18708252517e-14	1.17671808847e-13	1.21292511101e-18	8.92286507226e-09
0.0594	1.10548027412e-14	5.92602293221e-10	1.19511684349e-14	1.18468220816e-13	1.22113438502e-18	8.98321570882e-09
0.0596	1.11668321349e-14	5.98606963999e-10	1.20317825843e-14	1.19267318719e-13	1.22937134619e-18	9.04376947589e-09
0.0598	1.12796157752e-14	6.04652051427e-10	1.21126676996e-14	1.20069102556e-13	1.23763599453e-18	9.10452637068e-09
0.06	1.13931561915e-14	6.10737690943e-10	1.21938237809e-14	1.20873572325e-13	1.24592833003e-18	9.16548639043e-09
0.0602	1.15074559133e-14	6.16864017984e-10	1.22752508282e-14	1.21680728025e-13	1.25424835271e-18	9.22664953236e-09
0.0604	1.162251747e-14	6.23031167987e-10	1.23569488414e-14	1.22490569656e-13	1.26259606254e-18	9.2880157937e-09
0.0606	1.17383433911e-14	6.29239276384e-10	1.24389178204e-14	1.23303097218e-13	1.27097145955e-18	9.34958517167e-09
0.0608	1.18549362058e-14	6.3548847861e-10	1.25211577652e-14	1.24118310708e-13	1.27937454371e-18	9.4113576635e-09
0.061	1.19722984436e-14	6.41778910097e-10	1.26036686758e-14	1.24936210128e-13	1.28780531504e-18	9.47333326641e-09
0.0612	1.20904326339e-14	6.48110706275e-10	1.26864505522e-14	1.25756795475e-13	1.29626377353e-18	9.53551197764e-09
0.0614	1.22093413061e-14	6.54484002573e-10	1.27695033943e-14	1.2658006675e-13	1.30474991919e-18	9.59789379441e-09
0.0616	1.23290269895e-14	6.60898934421e-10	1.2852827202e-14	1.27406023951e-13	1.313263752e-18	9.66047871394e-09
0.0618	1.24494922135e-14	6.67355637244e-10	1.29364219753e-14	1.28234667078e-13	1.32180527198e-18	9.72326673347e-09
0.062	1.25707395073e-14	6.73854246468e-10	1.30202877142e-14	1.2906599613e-13	1.33037447911e-18	9.78625785021e-09
0.0622	1.26927714005e-14	6.80394897518e-10	1.31044244187e-14	1.29900011106e-13	1.33897137341e-18	9.84945206141e-09
0.0624	1.28155904221e-14	6.86977725817e-10	1.31888320887e-14	1.30736712006e-13	1.34759595486e-18	9.91284936427e-09
0.0626	1.29391991017e-14	6.93602866787e-10	1.32735107241e-14	1.31576098828e-13	1.35624822347e-18	9.97644975603e-09
0.0628	1.30635999684e-14	7.00270455848e-10	1.3358460325e-14	1.32418171573e-13	1.36492817924e-18	1.00402532339e-08
0.063	1.31887955515e-14	7.0698062842e-10	1.34436808912e-14	1.33262930238e-13	1.37363582217e-18	1.01042597952e-08
0.0632	1.33147883804e-14	7.1373351992e-10	1.35291724228e-14	1.34110374825e-13	1.38237115225e-18	1.0168469437e-08
0.0634	1.34415809843e-14	7.20529265767e-10	1.36149349197e-14	1.34960505331e-13	1.39113416948e-18	1.02328821566e-08
0.0636	1.35691758924e-14	7.27368001375e-10	1.37009683819e-14	1.35813321756e-13	1.39992487388e-18	1.02974979513e-08
0.0638	1.36975756341e-14	7.34249862158e-10	1.37872728092e-14	1.366688241e-13	1.40874326542e-18	1.03623168182e-08
0.064	1.38267827384e-14	7.4117498353e-10	1.38738482018e-14	1.37527012361e-13	1.41758934412e-18	1.04273387546e-08
0.0642	1.39567997347e-14	7.48143500903e-10	1.39606945595e-14	1.38387886539e-13	1.42646310997e-18	1.04925637577e-08
0.0644	1.40876291522e-14	7.55155549687e-10	1.40478118823e-14	1.39251446633e-13	1.43536456298e-18	1.05579918248e-08
0.0646	1.421927352e-14	7.62211265291e-10	1.41352001702e-14	1.40117692643e-13	1.44429370313e-18	1.0623622953e-08
0.0648	1.43517353674e-14	7.69310783124e-10	1.42228594231e-14	1.40986624567e-13	1.45325053044e-18	1.06894571396e-08
0.065	1.44850172235e-14	7.76454238592e-10	1.4310789641e-14	1.41858242405e-13	1.4622350449e-18	1.07554943818e-08
0.0652	1.46191216176e-14	7.83641767101e-10	1.43989908239e-14	1.42732546156e-13	1.47124724651e-18	1.08217346769e-08
0.0654	1.47540510787e-14	7.90873504056e-10	1.44874629717e-14	1.4360953582e-13	1.48028713526e-18	1.08881780221e-08
0.0656	1.4889808136e-14	7.98149584858e-10	1.45762060843e-14	1.44489211395e-13	1.48935471116e-18	1.09548244145e-08
0.0658	1.50263953187e-14	8.0547014491e-10	1.46652201617e-14	1.45371572882e-13	1.49844997422e-18	1.10216738515e-08
0.066	1.51638151559e-14	8.12835319613e-10	1.4754505204e-14	1.46256620278e-13	1.50757292441e-18	1.10887263303e-08
0.0662	1.53020701767e-14	8.20245244365e-10	1.4844061211e-14	1.47144353585e-13	1.51672356176e-18	1.1155981848e-08
0.0664	1.54411629102e-14	8.27700054565e-10	1.49338881827e-14	1.48034772799e-13	1.52590188625e-18	1.12234404019e-08
0.0666	1.55810958855e-14	8.35199885609e-10	1.50239861191e-14	1.48927877922e-13	1.53510789788e-18	1.12911019893e-08
0.0668	1.57218716317e-14	8.42744872893e-10	1.51143550201e-14	1.49823668952e-13	1.54434159666e-18	1.13589666074e-08
0.067	1.58634926779e-14	8.50335151811e-10	1.52049948857e-14	1.50722145889e-13	1.55360298259e-18	1.14270342533e-08
0.0672	1.60059615531e-14	8.57970857757e-10	1.52959057159e-14	1.51623308731e-13	1.56289205565e-18	1.14953049243e-08
0.0674	1.61492807864e-14	8.65652126121e-10	1.53870875105e-14	1.52527157479e-13	1.57220881586e-18	1.15637786177e-08
0.0676	1.62934529069e-14	8.73379092294e-10	1.54785402697e-14	1.53433692131e-13	1.58155326321e-18	1.16324553307e-08
0.0678	1.64384804435e-14	8.81151891665e-10	1.55702639932e-14	1.54342912686e-13	1.5909253977e-18	1.17013350605e-08
0.068	1.65843659253e-14	8.88970659623e-10	1.56622586812e-14	1.55254819144e-13	1.60032521934e-18	1.17704178043e-08
0.0682	1.67311118813e-14	8.96835531554e-10	1.57545243335e-14	1.56169411504e-13	1.60975272811e-18	1.18397035593e-08
0.0684	1.68787208404e-14	9.04746642844e-10	1.58470609502e-14	1.57086689766e-13	1.61920792402e-18	1.19091923229e-08
0.0686	1.70271953318e-14	9.12704128876e-10	1.59398685311e-14	1.58006653928e-13	1.62869080707e-18	1.19788840921e-08
0.0688	1.71765378844e-14	9.20708125033e-10	1.60329470762e-14	1.5892930399e-13	1.63820137726e-18	1.20487788643e-08
0.069	1.73267510271e-14	9.28758766698e-10	1.61262965856e-14	1.59854639952e-13	1.64773963458e-18	1.21188766367e-08
0.0692	1.74778372889e-14	9.3685618925e-10	1.62199170591e-14	1.60782661811e-13	1.65730557904e-18	1.21891774064e-08
0.0694	1.76297991987e-14	9.45000528069e-10	1.63138084967e-14	1.61713369569e-13	1.66689921064e-18	1.22596811708e-08
0.0696	1.77826392856e-14	9.53191918533e-10	1.64079708984e-14	1.62646763223e-13	1.67652052937e-18	1.2330387927e-08
0.0698	1.79363600783e-14	9.61430496017e-10	1.65024042641e-14	1.63582842773e-13	1.68616953524e-18	1.24012976723e-08
0.07	1.80909641059e-14	9.69716395898e-10	1.65971085938e-14	1.64521608219e-13	1.69584622824e-18	1.24724104039e-08
0.0702	1.82464538972e-14	9.7804975355e-10	1.66920838875e-14	1.6546305956e-13	1.70555060837e-18	1.2543726119e-08
0.0704	1.84028319812e-14	9.86430704346e-10	1.67873301451e-14	1.66407196794e-13	1.71528267564e-18	1.26152448149e-08
0.0706	1.85601008866e-14	9.94859383656e-10	1.68828473666e-14	1.67354019922e-13	1.72504243004e-18	1.26869664888e-08
0.0708	1.87182631425e-14	1.00333592685e-09	1.69786355519e-14	1.68303528942e-13	1.73482987157e-18	1.27588911378e-08
0.071	1.88773212776e-14	1.0118604693e-09	1.7074694701e-14	1.69255723854e-13	1.74464500023e-18	1.28310187594e-08
0.0712	1.90372778208e-14	1.02043314637e-09	1.71710248139e-14	1.70210604657e-13	1.75448781602e-18	1.29033493505e-08
0.0714	1.9198135301e-14	1.02905409344e-09	1.72676258905e-14	1.71168171351e-13	1.76435831894e-18	1.29758829086e-08
0.0716	1.9359896247e-14	1.03772344585e-09	1.73644979308e-14	1.72128423933e-13	1.77425650898e-18	1.30486194308e-08
0.0718	1.95225631875e-14	1.04644133899e-09	1.74616409347e-14	1.73091362405e-13	1.78418238616e-18	1.31215589144e-08
0.072	1.96861386515e-14	1.0552079082e-09	1.75590549022e-14	1.74056986765e-13	1.79413595046e-18	1.31947013565e-08
0.0722	1.98506251677e-14	1.06402328886e-09	1.76567398333e-14	1.75025297012e-13	1.80411720189e-18	1.32680467545e-08
0.0724	2.00160252649e-14	1.07288761632e-09	1.77546957279e-14	1.75996293145e-13	1.81412614045e-18	1.33415951055e-08
0.0726	2.01823414719e-14	1.08180102594e-09	1.7852922586e-14	1.76969975165e-13	1.82416276613e-18	1.34153464067e-08
0.0728	2.03495763174e-14	1.09076365308e-09	1.79514204075e-14	1.77946343069e-13	1.83422707894e-18	1.34893006555e-08
0.073	2.05177323303e-14	1.0997756331e-09	1.80501891924e-14	1.78925396858e-13	1.84431907887e-18	1.35634578489e-08
0.0732	2.06868120392e-14	1.10883710135e-09	1.81492289407e-14	1.79907136531e-13	1.85443876593e-18	1.36378179844e-08
0.0734	2.08568179728e-14	1.11794819318e-09	1.82485396524e-14	1.80891562086e-13	1.8645861401e-18	1.37123810589e-08
0.0736	2.10277526601e-14	1.12710904396e-09	1.83481213273e-14	1.81878673524e-13	1.8747612014e-18	1.37871470699e-08
0.0738	2.11996186295e-14	1.13631978902e-09	1.84479739654e-14	1.82868470843e-13	1.88496394982e-18	1.38621160146e-08
0.074	2.13724184099e-14	1.14558056372e-09	1.85480975668e-14	1.83860954042e-13	1.89519438537e-18	1.393728789e-08
0.0742	2.15461545299e-14	1.15489150341e-09	1.86484921313e-14	1.84856123122e-13	1.90545250803e-18	1.40126626936e-08
0.0744	2.17208295183e-14	1.16425274344e-09	1.87491576589e-14	1.85853978081e-13	1.91573831781e-18	1.40882404225e-08
0.0746	2.18964459036e-14	1.17366441915e-09	1.88500941497e-14	1.86854518918e-13	1.92605181471e-18	1.41640210739e-08
0.0748	2.20730062146e-14	1.18312666589e-09	1.89513016034e-14	1.87857745633e-13	1.93639299873e-18	1.42400046451e-08
0.075	2.22505129799e-14	1.192639619e-09	1.90527800202e-14	1.88863658225e-13	1.94676186987e-18	1.43161911333e-08
0.0752	2.24289687281e-14	1.20220341383e-09	1.91545294e-14	1.89872256693e-13	1.95715842812e-18	1.43925805358e-08
0.0754	2.26083759879e-14	1.21181818571e-09	1.92565497427e-14	1.90883541037e-13	1.96758267349e-18	1.44691728497e-08
0.0756	2.2788737288e-14	1.22148406998e-09	1.93588410482e-14	1.91897511255e-13	1.97803460597e-18	1.45459680722e-08
0.0758	2.29700551568e-14	1.231201202e-09	1.94614033166e-14	1.92914167347e-13	1.98851422557e-18	1.46229662007e-08
0.076	2.3152332123e-14	1.24096971708e-09	1.95642365479e-14	1.93933509313e-13	1.99902153229e-18	1.47001672324e-08
0.0762	2.33355707152e-14	1.25078975058e-09	1.96673407419e-14	1.94955537151e-13	2.00955652612e-18	1.47775711644e-08
0.0764	2.35197734621e-14	1.26066143782e-09	1.97707158986e-14	1.95980250862e-13	2.02011920706e-18	1.4855177994e-08
0.0766	2.3704942892e-14	1.27058491414e-09	1.9874362018e-14	1.97007650443e-13	2.03070957511e-18	1.49329877184e-08
0.0768	2.38910815336e-14	1.28056031486e-09	1.99782791001e-14	1.98037735894e-13	2.04132763028e-18	1.50110003349e-08
0.077	2.40781919155e-14	1.29058777533e-09	2.00824671448e-14	1.99070507215e-13	2.05197337256e-18	1.50892158407e-08
0.0772	2.42662765662e-14	1.30066743088e-09	2.0186926152e-14	2.00105964405e-13	2.06264680194e-18	1.5167634233e-08
0.0774	2.44553380142e-14	1.31079941682e-09	2.02916561218e-14	2.01144107463e-13	2.07334791844e-18	1.5246255509e-08
0.0776	2.4645378788e-14	1.3209838685e-09	2.03966570541e-14	2.02184936389e-13	2.08407672205e-18	1.5325079666e-08
0.0778	2.48364014161e-14	1.33122092122e-09	2.05019289488e-14	2.03228451181e-13	2.09483321276e-18	1.54041067012e-08
0.078	2.5028408427e-14	1.34151071033e-09	2.06074718059e-14	2.04274651839e-13	2.10561739058e-18	1.54833366118e-08
0.0782	2.52214023493e-14	1.35185337115e-09	2.07132856254e-14	2.05323538362e-13	2.11642925551e-18	1.55627693951e-08
0.0784	2.54153857113e-14	1.36224903899e-09	2.08193704073e-14	2.06375110749e-13	2.12726880755e-18	1.56424050482e-08
0.0786	2.56103610415e-14	1.37269784917e-09	2.09257261514e-14	2.07429369e-13	2.13813604669e-18	1.57222435685e-08
0.0788	2.58063308684e-14	1.38319993703e-09	2.10323528578e-14	2.08486313115e-13	2.14903097294e-18	1.58022849531e-08
0.079	2.60032977205e-14	1.39375543787e-09	2.11392505264e-14	2.09545943091e-13	2.15995358629e-18	1.58825291993e-08
0.0792	2.62012641261e-14	1.40436448702e-09	2.12464191572e-14	2.10608258929e-13	2.17090388675e-18	1.59629763043e-08
0.0794	2.64002326136e-14	1.41502721978e-09	2.13538587501e-14	2.11673260627e-13	2.18188187431e-18	1.60436262653e-08
0.0796	2.66002057116e-14	1.42574377149e-09	2.14615693051e-14	2.12740948186e-13	2.19288754897e-18	1.61244790796e-08
0.0798	2.68011859483e-14	1.43651427744e-09	2.15695508222e-14	2.13811321604e-13	2.20392091073e-18	1.62055347443e-08
0.08	2.70031758522e-14	1.44733887295e-09	2.16778033013e-14	2.1488438088e-13	2.2149819596e-18	1.62867932568e-08
0.0802	2.72061779517e-14	1.45821769334e-09	2.17863267424e-14	2.15960126014e-13	2.22607069556e-18	1.63682546142e-08
0.0804	2.7410194775e-14	1.46915087391e-09	2.18951211454e-14	2.17038557005e-13	2.23718711863e-18	1.64499188138e-08
0.0806	2.76152288506e-14	1.48013854997e-09	2.20041865103e-14	2.18119673852e-13	2.24833122879e-18	1.65317858528e-08
0.0808	2.78212827069e-14	1.49118085684e-09	2.2113522837e-14	2.19203476555e-13	2.25950302606e-18	1.66138557284e-08
0.081	2.8028358872e-14	1.5022779298e-09	2.22231301256e-14	2.20289965113e-13	2.27070251042e-18	1.66961284379e-08
0.0812	2.82364598745e-14	1.51342990418e-09	2.2333008376e-14	2.21379139525e-13	2.28192968188e-18	1.67786039785e-08
0.0814	2.84455882425e-14	1.52463691527e-09	2.24431575881e-14	2.2247099979e-13	2.29318454044e-18	1.68612823474e-08
0.0816	2.86557465044e-14	1.53589909838e-09	2.25535777619e-14	2.23565545908e-13	2.30446708609e-18	1.69441635418e-08
0.0818	2.88669371885e-14	1.54721658881e-09	2.26642688973e-14	2.24662777877e-13	2.31577731884e-18	1.7027247559e-08
0.082	2.90791628231e-14	1.55858952186e-09	2.27752309944e-14	2.25762695698e-13	2.32711523868e-18	1.71105343962e-08
0.0822	2.92924259364e-14	1.57001803282e-09	2.2886464053e-14	2.26865299369e-13	2.33848084561e-18	1.71940240506e-08
0.0824	2.95067290566e-14	1.58150225699e-09	2.29979680732e-14	2.2797058889e-13	2.34987413964e-18	1.72777165196e-08
0.0826	2.97220747121e-14	1.59304232968e-09	2.31097430549e-14	2.2907856426e-13	2.36129512077e-18	1.73616118001e-08
0.0828	2.99384654311e-14	1.60463838617e-09	2.32217889981e-14	2.30189225478e-13	2.37274378898e-18	1.74457098897e-08
0.083	3.01559037418e-14	1.61629056176e-09	2.33341059027e-14	2.31302572543e-13	2.38422014429e-18	1.75300107853e-08
0.0832	3.03743921725e-14	1.62799899174e-09	2.34466937687e-14	2.32418605455e-13	2.39572418669e-18	1.76145144844e-08
0.0834	3.05939332512e-14	1.63976381141e-09	2.3559552596e-14	2.33537324213e-13	2.40725591618e-18	1.7699220984e-08
0.0836	3.08145295063e-14	1.65158515604e-09	2.36726823846e-14	2.34658728816e-13	2.41881533275e-18	1.77841302815e-08
0.0838	3.10361834659e-14	1.66346316094e-09	2.37860831345e-14	2.35782819264e-13	2.43040243642e-18	1.78692423741e-08
0.084	3.12588976582e-14	1.67539796139e-09	2.38997548456e-14	2.36909595555e-13	2.44201722717e-18	1.7954557259e-08
0.0842	3.14826746114e-14	1.68738969267e-09	2.40136975179e-14	2.3803905769e-13	2.45365970502e-18	1.80400749334e-08
0.0844	3.17075168536e-14	1.69943849006e-09	2.41279111513e-14	2.39171205666e-13	2.46532986995e-18	1.81257953945e-08
0.0846	3.19334269129e-14	1.71154448887e-09	2.42423957458e-14	2.40306039484e-13	2.47702772196e-18	1.82117186396e-08
0.0848	3.21604073175e-14	1.72370782435e-09	2.43571513014e-14	2.41443559143e-13	2.48875326106e-18	1.8297844666e-08
0.085	3.23884605956e-14	1.73592863181e-09	2.44721778181e-14	2.42583764642e-13	2.50050648725e-18	1.83841734707e-08
0.0852	3.26175892751e-14	1.74820704651e-09	2.45874752957e-14	2.43726655981e-13	2.51228740052e-18	1.84707050512e-08
0.0854	3.28477958843e-14	1.76054320373e-09	2.47030437342e-14	2.44872233157e-13	2.52409600087e-18	1.85574394046e-08
0.0856	3.30790829512e-14	1.77293723876e-09	2.48188831337e-14	2.46020496172e-13	2.53593228831e-18	1.86443765281e-08
0.0858	3.33114530039e-14	1.78538928686e-09	2.49349934941e-14	2.47171445024e-13	2.54779626283e-18	1.87315164189e-08
0.086	3.35449085705e-14	1.79789948332e-09	2.50513748152e-14	2.48325079712e-13	2.55968792443e-18	1.88188590744e-08
0.0862	3.3779452179e-14	1.8104679634e-09	2.51680270972e-14	2.49481400236e-13	2.57160727312e-18	1.89064044916e-08
0.0864	3.40150863575e-14	1.82309486238e-09	2.52849503399e-14	2.50640406594e-13	2.58355430888e-18	1.8994152668e-08
0.0866	3.4251813634e-14	1.83578031554e-09	2.54021445433e-14	2.51802098787e-13	2.59552903172e-18	1.90821036006e-08
0.0868	3.44896365365e-14	1.84852445813e-09	2.55196097074e-14	2.52966476813e-13	2.60753144165e-18	1.91702572867e-08
0.087	3.47285575931e-14	1.86132742543e-09	2.56373458321e-14	2.54133540672e-13	2.61956153865e-18	1.92586137235e-08
0.0872	3.49685793318e-14	1.8741893527e-09	2.57553529174e-14	2.55303290363e-13	2.63161932272e-18	1.93471729084e-08
0.0874	3.52097042805e-14	1.88711037522e-09	2.58736309633e-14	2.56475725884e-13	2.64370479388e-18	1.94359348384e-08
0.0876	3.54519349673e-14	1.90009062824e-09	2.59921799696e-14	2.57650847237e-13	2.65581795211e-18	1.95248995108e-08
0.0878	3.56952739201e-14	1.91313024704e-09	2.61109999365e-14	2.58828654419e-13	2.66795879742e-18	1.96140669229e-08
0.088	3.59397236669e-14	1.92622936686e-09	2.62300908637e-14	2.6000914743e-13	2.6801273298e-18	1.97034370719e-08
0.0882	3.61852867356e-14	1.93938812298e-09	2.63494527514e-14	2.61192326269e-13	2.69232354926e-18	1.97930099551e-08
0.0884	3.64319656542e-14	1.95260665065e-09	2.64690855994e-14	2.62378190936e-13	2.70454745579e-18	1.98827855695e-08
0.0886	3.66797629506e-14	1.96588508513e-09	2.65889894078e-14	2.63566741429e-13	2.7167990494e-18	1.99727639126e-08
0.0888	3.69286811528e-14	1.97922356168e-09	2.67091641764e-14	2.64757977749e-13	2.72907833008e-18	2.00629449814e-08
0.089	3.71787227886e-14	1.99262221556e-09	2.68296099052e-14	2.65951899893e-13	2.74138529783e-18	2.01533287733e-08
0.0892	3.7429890386e-14	2.00608118201e-09	2.69503265942e-14	2.67148507862e-13	2.75371995265e-18	2.02439152855e-08
0.0894	3.76821864728e-14	2.0196005963e-09	2.70713142434e-14	2.68347801656e-13	2.76608229454e-18	2.03347045152e-08
0.0896	3.79356135769e-14	2.03318059367e-09	2.71925728527e-14	2.69549781272e-13	2.7784723235e-18	2.04256964596e-08
0.0898	3.81901742262e-14	2.04682130937e-09	2.73141024221e-14	2.7075444671e-13	2.79089003954e-18	2.05168911159e-08
0.09	3.84458709485e-14	2.06052287866e-09	2.74359029515e-14	2.7196179797e-13	2.80333544264e-18	2.06082884814e-08
0.0902	3.87027062718e-14	2.07428543679e-09	2.75579744409e-14	2.73171835051e-13	2.8158085328e-18	2.06998885534e-08
0.0904	3.89606827238e-14	2.088109119e-09	2.76803168903e-14	2.74384557952e-13	2.82830931004e-18	2.0791691329e-08
0.0906	3.92198028323e-14	2.10199406053e-09	2.78029302996e-14	2.75599966672e-13	2.84083777434e-18	2.08836968055e-08
0.0908	3.94800691252e-14	2.11594039663e-09	2.79258146687e-14	2.76818061211e-13	2.85339392571e-18	2.09759049801e-08
0.091	3.97414841303e-14	2.12994826255e-09	2.80489699977e-14	2.78038841568e-13	2.86597776414e-18	2.106831585e-08
0.0912	4.00040503753e-14	2.14401779353e-09	2.81723962865e-14	2.79262307742e-13	2.87858928964e-18	2.11609294126e-08
0.0914	4.02677703882e-14	2.1581491248e-09	2.82960935351e-14	2.80488459732e-13	2.89122850221e-18	2.12537456649e-08
0.0916	4.05326466965e-14	2.17234239161e-09	2.84200617434e-14	2.81717297538e-13	2.90389540183e-18	2.13467646042e-08
0.0918	4.07986818282e-14	2.1865977292e-09	2.85443009113e-14	2.82948821159e-13	2.91658998852e-18	2.14399862278e-08
0.092	4.10658783108e-14	2.2009152728e-09	2.86688110389e-14	2.84183030594e-13	2.92931226227e-18	2.15334105329e-08
0.0922	4.13342386723e-14	2.21529515765e-09	2.87935921261e-14	2.85419925843e-13	2.94206222309e-18	2.16270375167e-08
0.0924	4.16037654403e-14	2.22973751898e-09	2.89186441729e-14	2.86659506904e-13	2.95483987096e-18	2.17208671765e-08
0.0926	4.18744611426e-14	2.24424249203e-09	2.90439671791e-14	2.87901773777e-13	2.9676452059e-18	2.18148995094e-08
0.0928	4.21463283068e-14	2.25881021203e-09	2.91695611449e-14	2.89146726462e-13	2.98047822789e-18	2.19091345128e-08
0.093	4.24193694606e-14	2.27344081421e-09	2.92954260701e-14	2.90394364957e-13	2.99333893694e-18	2.20035721838e-08
0.0932	4.26935871318e-14	2.2881344338e-09	2.94215619547e-14	2.91644689261e-13	3.00622733305e-18	2.20982125197e-08
0.0934	4.2968983848e-14	2.30289120602e-09	2.95479687987e-14	2.92897699375e-13	3.01914341622e-18	2.21930555177e-08
0.0936	4.32455621369e-14	2.31771126611e-09	2.9674646602e-14	2.94153395297e-13	3.03208718645e-18	2.2288101175e-08
0.0938	4.35233245261e-14	2.33259474929e-09	2.98015953645e-14	2.95411777027e-13	3.04505864373e-18	2.23833494889e-08
0.094	4.38022735433e-14	2.34754179079e-09	2.99288150863e-14	2.96672844563e-13	3.05805778807e-18	2.24788004566e-08
0.0942	4.40824117162e-14	2.36255252582e-09	3.00563057674e-14	2.97936597906e-13	3.07108461946e-18	2.25744540753e-08
0.0944	4.43637415723e-14	2.37762708962e-09	3.01840674075e-14	2.99203037053e-13	3.08413913791e-18	2.26703103423e-08
0.0946	4.46462656393e-14	2.39276561739e-09	3.03121000068e-14	3.00472162006e-13	3.09722134341e-18	2.27663692547e-08
0.0948	4.49299864447e-14	2.40796824437e-09	3.04404035652e-14	3.01743972762e-13	3.11033123596e-18	2.28626308099e-08
0.095	4.52149065162e-14	2.42323510577e-09	3.05689780827e-14	3.03018469321e-13	3.12346881557e-18	2.29590950051e-08
0.0952	4.55010283814e-14	2.4385663368e-09	3.06978235591e-14	3.04295651683e-13	3.13663408223e-18	2.30557618374e-08
0.0954	4.57883545677e-14	2.45396207268e-09	3.08269399945e-14	3.05575519846e-13	3.14982703594e-18	2.31526313041e-08
0.0956	4.60768876029e-14	2.46942244863e-09	3.09563273889e-14	3.0685807381e-13	3.1630476767e-18	2.32497034025e-08
0.0958	4.63666300144e-14	2.48494759986e-09	3.10859857421e-14	3.08143313575e-13	3.17629600451e-18	2.33469781297e-08
0.096	4.66575843298e-14	2.50053766158e-09	3.12159150542e-14	3.09431239139e-13	3.18957201937e-18	2.3444455483e-08
0.0962	4.69497530765e-14	2.516192769e-09	3.1346115325e-14	3.10721850501e-13	3.20287572128e-18	2.35421354597e-08
0.0964	4.72431387822e-14	2.53191305734e-09	3.14765865547e-14	3.12015147661e-13	3.21620711023e-18	2.3640018057e-08
0.0966	4.75377439744e-14	2.54769866179e-09	3.16073287431e-14	3.13311130619e-13	3.22956618623e-18	2.3738103272e-08
0.0968	4.78335711804e-14	2.56354971757e-09	3.17383418901e-14	3.14609799373e-13	3.24295294928e-18	2.38363911021e-08
0.097	4.81306229279e-14	2.57946635989e-09	3.18696259958e-14	3.15911153923e-13	3.25636739938e-18	2.39348815444e-08
0.0972	4.84289017443e-14	2.59544872394e-09	3.20011810602e-14	3.17215194268e-13	3.26980953652e-18	2.40335745962e-08
0.0974	4.8728410157e-14	2.61149694493e-09	3.21330070831e-14	3.18521920407e-13	3.2832793607e-18	2.41324702548e-08
0.0976	4.90291506936e-14	2.62761115806e-09	3.22651040645e-14	3.19831332339e-13	3.29677687193e-18	2.42315685173e-08
0.0978	4.93311258815e-14	2.64379149854e-09	3.23974720044e-14	3.21143430064e-13	3.3103020702e-18	2.43308693809e-08
0.098	4.9634338248e-14	2.66003810156e-09	3.25301109028e-14	3.22458213582e-13	3.32385495552e-18	2.4430372843e-08
0.0982	4.99387903207e-14	2.67635110232e-09	3.26630207596e-14	3.2377568289e-13	3.33743552788e-18	2.45300789007e-08
0.0984	5.02444846269e-14	2.69273063602e-09	3.27962015747e-14	3.2509583799e-13	3.35104378727e-18	2.46299875514e-08
0.0986	5.0551423694e-14	2.70917683785e-09	3.29296533482e-14	3.26418678879e-13	3.36467973371e-18	2.47300987921e-08
0.0988	5.08596100495e-14	2.725689843e-09	3.306337608e-14	3.27744205557e-13	3.37834336719e-18	2.48304126201e-08
0.099	5.11690462207e-14	2.74226978668e-09	3.319736977e-14	3.29072418023e-13	3.39203468771e-18	2.49309290328e-08
0.0992	5.1479734735e-14	2.75891680407e-09	3.33316344182e-14	3.30403316277e-13	3.40575369527e-18	2.50316480272e-08
0.0994	5.17916781198e-14	2.77563103037e-09	3.34661700247e-14	3.31736900318e-13	3.41950038986e-18	2.51325696007e-08
0.0996	5.21048789023e-14	2.79241260075e-09	3.36009765892e-14	3.33073170145e-13	3.4332747715e-18	2.52336937504e-08
0.0998	5.241933961e-14	2.80926165042e-09	3.37360541119e-14	3.34412125757e-13	3.44707684017e-18	2.53350204736e-08
0.1	5.27350627702e-14	2.82617831455e-09	3.38714025926e-14	3.35753767154e-13	3.46090659587e-18	2.54365497676e-08
