0	0.0	0.0	0.0	0.0	0.0	0.0
0.0002	1.16077695124e-21	6.22479084099e-17	3.72594489064e-19	3.6934603916e-18	3.8070121636e-23	2.80437409646e-13
0.0004	9.28620589885e-21	4.97982112537e-16	1.49037788362e-18	1.4773840212e-17	1.52280485349e-22	1.12174453973e-12
0.0006	3.13409121338e-20	1.68068573257e-15	3.35335007473e-18	3.32411374297e-17	3.42631089347e-22	2.52391374204e-12
0.0008	7.4289491814e-20	3.98383842448e-15	5.96151095345e-18	5.90953500132e-17	6.09121931836e-22	4.48693736841e-12
0.001	1.45096511964e-19	7.78091638009e-15	9.31486041083e-18	9.23364759309e-17	9.51753011025e-22	7.01080777076e-12
0.0012	2.50726510476e-19	1.3445392327e-14	1.34133983379e-17	1.32964513151e-16	1.37052432512e-21	1.00955173011e-11
0.0014	3.98143996109e-19	2.13507355288e-14	1.82571246258e-17	1.80979459643e-16	1.86543587233e-21	1.37410583114e-11
0.0016	5.94313448489e-19	3.18704117849e-14	2.38460391655e-17	2.36381313374e-16	2.43648765086e-21	1.79474231539e-11
0.0018	8.4619931811e-19	4.53778834304e-14	3.0180141848e-17	2.99170072313e-16	3.08367965892e-21	2.27146041807e-11
0.002	1.16076602633e-18	6.22466093367e-14	3.72594325645e-17	3.69345734428e-16	3.80701189472e-21	2.80425937441e-11
0.0022	1.54497796538e-18	8.28500449109e-14	4.5083911206e-17	4.46908297689e-16	4.60648435646e-21	3.39313841965e-11
0.0024	2.00579949836e-18	1.07561642096e-13	5.36535776635e-17	5.31857760062e-16	5.48209704235e-21	4.03809678901e-11
0.0026	2.55019495923e-18	1.36754849371e-13	6.29684318281e-17	6.24194119518e-16	6.4338499506e-21	4.73913371776e-11
0.0028	3.18512865281e-18	1.70803111752e-13	7.30284735908e-17	7.23917374024e-16	7.46174307942e-21	5.49624844115e-11
0.003	3.91756485482e-18	2.10079870789e-13	8.38337028428e-17	8.31027521549e-16	8.56577642701e-21	6.30944019443e-11
0.0032	4.75446781181e-18	2.54958564569e-13	9.5384119475e-17	9.45524560061e-16	9.74594999158e-21	7.17870821287e-11
0.0034	5.70280174122e-18	3.05812627716e-13	1.07679723379e-16	1.06740848753e-15	1.10022637713e-20	8.10405173175e-11
0.0036	6.76953083135e-18	3.63015491389e-13	1.20720514444e-16	1.19667930192e-15	1.23347177645e-20	9.08546998636e-11
0.0038	7.96161924137e-18	4.26940583283e-13	1.34506492564e-16	1.33333700121e-15	1.37433119693e-20	1.0122962212e-10
0.004	9.28603110133e-18	4.9796132763e-13	1.49037657628e-16	1.47738158335e-15	1.52280463838e-20	1.12165276439e-10
0.0042	1.07497305121e-17	5.76451145198e-13	1.64314009527e-16	1.62881304633e-15	1.67889210064e-20	1.23661655174e-10
0.0044	1.23596815455e-17	6.62783453291e-13	1.80335548153e-16	1.7876313881e-15	1.84259358352e-20	1.35718750679e-10
0.0046	1.41228482442e-17	7.57331665747e-13	1.97102273396e-16	1.95383660664e-15	2.01390908685e-20	1.48336555305e-10
0.0048	1.60461946216e-17	8.60469192945e-13	2.14614185149e-16	2.12742869991e-15	2.19283861044e-20	1.61515061408e-10
0.005	1.81366846622e-17	9.72569441795e-13	2.328712833e-16	2.30840766589e-15	2.37938215411e-20	1.75254261339e-10
0.0052	2.04012823212e-17	1.09400581575e-12	2.51873567743e-16	2.49677350254e-15	2.57353971769e-20	1.89554147453e-10
0.0054	2.28469515247e-17	1.22515171479e-12	2.71621038368e-16	2.69252620783e-15	2.775311301e-20	2.04414712102e-10
0.0056	2.54806561697e-17	1.36638053543e-12	2.92113695065e-16	2.89566577973e-15	2.98469690385e-20	2.1983594764e-10
0.0058	2.8309360124e-17	1.51806567075e-12	3.13351537727e-16	3.10619221621e-15	3.20169652607e-20	2.35817846422e-10
0.006	3.13400272264e-17	1.68058051032e-12	3.35334566243e-16	3.32410551523e-15	3.42631016748e-20	2.523604008e-10
0.0062	3.45796212865e-17	1.85429844028e-12	3.58062780506e-16	3.54940567477e-15	3.6585378279e-20	2.69463603127e-10
0.0064	3.80351060848e-17	2.0395928433e-12	3.81536180406e-16	3.78209269279e-15	3.89837950714e-20	2.87127445759e-10
0.0066	4.17134453725e-17	2.23683709857e-12	4.05754765834e-16	4.02216656726e-15	4.14583520504e-20	3.05351921049e-10
0.0068	4.56216028718e-17	2.44640458185e-12	4.30718536681e-16	4.26962729615e-15	4.40090492141e-20	3.24137021351e-10
0.007	4.97665422759e-17	2.6686686654e-12	4.56427492838e-16	4.52447487742e-15	4.66358865608e-20	3.43482739018e-10
0.0072	5.41552272487e-17	2.90400271803e-12	4.82881634197e-16	4.78670930906e-15	4.93388640885e-20	3.63389066405e-10
0.0074	5.8794621425e-17	3.1527801051e-12	5.10080960648e-16	5.05633058902e-15	5.21179817956e-20	3.83855995866e-10
0.0076	6.36916884104e-17	3.41537418849e-12	5.38025472083e-16	5.33333871527e-15	5.49732396802e-20	4.04883519756e-10
0.0078	6.88533917815e-17	3.69215832662e-12	5.66715168392e-16	5.61773368579e-15	5.79046377406e-20	4.26471630428e-10
0.008	7.42866950857e-17	3.98350587446e-12	5.96150049467e-16	5.90951549853e-15	6.0912175975e-20	4.48620320236e-10
0.0082	7.99985618414e-17	4.28979018348e-12	6.26330115198e-16	6.20868415148e-15	6.39958543815e-20	4.71329581536e-10
0.0084	8.59959555376e-17	4.61138460174e-12	6.57255365477e-16	6.51523964259e-15	6.71556729584e-20	4.94599406682e-10
0.0086	9.22858396344e-17	4.94866247378e-12	6.88925800195e-16	6.82918196983e-15	7.03916317039e-20	5.18429788028e-10
0.0088	9.88751775627e-17	5.30199714073e-12	7.21341419243e-16	7.15051113119e-15	7.37037306161e-20	5.42820717929e-10
0.009	1.05770932724e-16	5.67176194022e-12	7.54502222511e-16	7.47922712461e-15	7.70919696934e-20	5.67772188739e-10
0.0092	1.12980068492e-16	6.05833020642e-12	7.88408209891e-16	7.81532994808e-15	8.05563489338e-20	5.93284192814e-10
0.0094	1.20509548209e-16	6.46207527005e-12	8.23059381274e-16	8.15881959955e-15	8.40968683357e-20	6.19356722508e-10
0.0096	1.28366335189e-16	6.88337045837e-12	8.58455736552e-16	8.50969607701e-15	8.77135278972e-20	6.45989770176e-10
0.0098	1.36557392719e-16	7.32258909516e-12	8.94597275614e-16	8.86795937841e-15	9.14063276165e-20	6.73183328173e-10
0.01	1.45089684054e-16	7.78010450074e-12	9.31483998352e-16	9.23360950172e-15	9.51752674919e-20	7.00937388855e-10
0.0102	1.53970172421e-16	8.25628999198e-12	9.69115904658e-16	9.60664644492e-15	9.90203475215e-20	7.29251944575e-10
0.0104	1.63205821017e-16	8.75151888227e-12	1.00749299442e-15	9.98707020597e-15	1.02941567704e-19	7.5812698769e-10
0.0106	1.72803593013e-16	9.26616448155e-12	1.04661526753e-15	1.03748807828e-14	1.06938928036e-19	7.87562510555e-10
0.0108	1.82770451547e-16	9.80060009629e-12	1.08648272389e-15	1.07700781735e-14	1.11012428518e-19	8.17558505525e-10
0.011	1.9311335973e-16	1.03551990295e-11	1.12709536337e-15	1.11726623759e-14	1.15162069146e-19	8.48114964955e-10
0.0112	2.03839280643e-16	1.09303345807e-11	1.16845318588e-15	1.15826333881e-14	1.1938784992e-19	8.79231881201e-10
0.0114	2.14955177338e-16	1.15263800461e-11	1.2105561913e-15	1.19999912079e-14	1.23689770838e-19	9.10909246618e-10
0.0116	2.26468012838e-16	1.21437087181e-11	1.25340437953e-15	1.24247358334e-14	1.28067831897e-19	9.43147053563e-10
0.0118	2.38384750138e-16	1.2782693886e-11	1.29699775045e-15	1.28568672625e-14	1.32522033096e-19	9.7594529439e-10
0.012	2.50712352202e-16	1.34437088355e-11	1.34133630395e-15	1.32963854933e-14	1.37052374433e-19	1.00930396146e-09
0.0122	2.63457781967e-16	1.41271268488e-11	1.38642003994e-15	1.37432905236e-14	1.41658855906e-19	1.04322304711e-09
0.0124	2.76628002337e-16	1.48333212046e-11	1.43224895829e-15	1.41975823514e-14	1.46341477514e-19	1.07770254372e-09
0.0126	2.90229976192e-16	1.55626651783e-11	1.47882305891e-15	1.46592609748e-14	1.51100239255e-19	1.11274244364e-09
0.0128	3.04270666378e-16	1.63155320417e-11	1.52614234167e-15	1.51283263916e-14	1.55935141127e-19	1.14834273922e-09
0.013	3.18757035716e-16	1.70922950632e-11	1.57420680648e-15	1.56047785998e-14	1.60846183127e-19	1.18450342281e-09
0.0132	3.33696046996e-16	1.78933275077e-11	1.62301645322e-15	1.60886175975e-14	1.65833365255e-19	1.22122448678e-09
0.0134	3.49094662978e-16	1.87190026366e-11	1.67257128178e-15	1.65798433826e-14	1.70896687509e-19	1.25850592349e-09
0.0136	3.64959846394e-16	1.9569693708e-11	1.72287129206e-15	1.7078455953e-14	1.76036149887e-19	1.29634772527e-09
0.0138	3.81298559947e-16	2.04457739763e-11	1.77391648395e-15	1.75844553067e-14	1.81251752386e-19	1.3347498845e-09
0.014	3.9811776631e-16	2.13476166927e-11	1.82570685733e-15	1.80978414417e-14	1.86543495006e-19	1.37371239353e-09
0.0142	4.15424428128e-16	2.22755951047e-11	1.8782424121e-15	1.86186143559e-14	1.91911377744e-19	1.41323524472e-09
0.0144	4.33225508016e-16	2.32300824564e-11	1.93152314815e-15	1.91467740474e-14	1.97355400598e-19	1.45331843042e-09
0.0146	4.51527968561e-16	2.42114519886e-11	1.98554906537e-15	1.96823205141e-14	2.02875563567e-19	1.49396194299e-09
0.0148	4.70338772319e-16	2.52200769385e-11	2.04032016365e-15	2.02252537539e-14	2.0847186665e-19	1.53516577478e-09
0.015	4.89664881817e-16	2.62563305398e-11	2.09583644288e-15	2.07755737648e-14	2.14144309844e-19	1.57692991816e-09
0.0152	5.09513259556e-16	2.73205860227e-11	2.15209790296e-15	2.13332805449e-14	2.19892893147e-19	1.61925436548e-09
0.0154	5.29890868005e-16	2.84132166142e-11	2.20910454377e-15	2.1898374092e-14	2.25717616557e-19	1.66213910909e-09
0.0156	5.50804669603e-16	2.95345955375e-11	2.26685636521e-15	2.24708544041e-14	2.31618480074e-19	1.70558414136e-09
0.0158	5.72261626763e-16	3.06850960126e-11	2.32535336717e-15	2.30507214793e-14	2.37595483694e-19	1.74958945463e-09
0.016	5.94268701867e-16	3.18650912559e-11	2.38459554953e-15	2.36379753154e-14	2.43648627417e-19	1.79415504128e-09
0.0162	6.16832857268e-16	3.30749544804e-11	2.44458291219e-15	2.42326159104e-14	2.4977791124e-19	1.83928089365e-09
0.0164	6.3996105529e-16	3.43150588956e-11	2.50531545504e-15	2.48346432624e-14	2.55983335162e-19	1.8849670041e-09
0.0166	6.63660258227e-16	3.55857777075e-11	2.56679317797e-15	2.54440573692e-14	2.62264899181e-19	1.931213365e-09
0.0168	6.87937428346e-16	3.68874841188e-11	2.62901608088e-15	2.60608582289e-14	2.68622603295e-19	1.97801996869e-09
0.017	7.12799527884e-16	3.82205513285e-11	2.69198416364e-15	2.66850458394e-14	2.75056447502e-19	2.02538680753e-09
0.0172	7.38253519047e-16	3.95853525323e-11	2.75569742616e-15	2.73166201986e-14	2.81566431801e-19	2.07331387388e-09
0.0174	7.64306364014e-16	4.09822609224e-11	2.82015586833e-15	2.79555813047e-14	2.8815255619e-19	2.12180116011e-09
0.0176	7.90965024934e-16	4.24116496875e-11	2.88535949003e-15	2.86019291554e-14	2.94814820666e-19	2.17084865856e-09
0.0178	8.18236463928e-16	4.38738920129e-11	2.95130829116e-15	2.92556637488e-14	3.01553225228e-19	2.2204563616e-09
0.018	8.46127643086e-16	4.53693610805e-11	3.01800227161e-15	2.99167850829e-14	3.08367769875e-19	2.27062426158e-09
0.0182	8.74645524471e-16	4.68984300685e-11	3.08544143127e-15	3.05852931556e-14	3.15258454605e-19	2.32135235086e-09
0.0184	9.03797070114e-16	4.84614721519e-11	3.15362577003e-15	3.12611879649e-14	3.22225279415e-19	2.3726406218e-09
0.0186	9.3358924202e-16	5.00588605021e-11	3.22255528777e-15	3.19444695087e-14	3.29268244304e-19	2.42448906676e-09
0.0188	9.64029002164e-16	5.1690968287e-11	3.29222998441e-15	3.26351377851e-14	3.3638734927e-19	2.47689767809e-09
0.019	9.9512331249e-16	5.33581686711e-11	3.36264985981e-15	3.3333192792e-14	3.43582594311e-19	2.52986644816e-09
0.0192	1.02687913491e-15	5.50608348156e-11	3.43381491388e-15	3.40386345273e-14	3.50853979427e-19	2.58339536931e-09
0.0194	1.05930343133e-15	5.67993398778e-11	3.50572514651e-15	3.47514629891e-14	3.58201504614e-19	2.63748443392e-09
0.0196	1.09240316358e-15	5.8574057012e-11	3.57838055758e-15	3.54716781752e-14	3.6562516987e-19	2.69213363433e-09
0.0198	1.12618529351e-15	6.03853593688e-11	3.65178114699e-15	3.61992800838e-14	3.73124975196e-19	2.74734296291e-09
0.02	1.16065678291e-15	6.22336200954e-11	3.72592691463e-15	3.69342687127e-14	3.80700920587e-19	2.80311241202e-09
0.0202	1.19582459355e-15	6.41192123355e-11	3.80081786039e-15	3.76766440599e-14	3.88353006043e-19	2.859441974e-09
0.0204	1.23169568718e-15	6.60425092294e-11	3.87645398416e-15	3.84264061233e-14	3.96081231562e-19	2.91633164124e-09
0.0206	1.2682770255e-15	6.80038839139e-11	3.95283528583e-15	3.91835549011e-14	4.03885597142e-19	2.97378140607e-09
0.0208	1.3055755702e-15	7.00037095222e-11	4.02996176529e-15	3.9948090391e-14	4.11766102781e-19	3.03179126086e-09
0.021	1.34359828294e-15	7.20423591844e-11	4.10783342244e-15	4.07200125911e-14	4.19722748478e-19	3.09036119797e-09
0.0212	1.38235212534e-15	7.41202060267e-11	4.18645025717e-15	4.14993214993e-14	4.2775553423e-19	3.14949120976e-09
0.0214	1.42184405899e-15	7.62376231722e-11	4.26581226936e-15	4.22860171137e-14	4.35864460037e-19	3.20918128858e-09
0.0216	1.46208104547e-15	7.83949837404e-11	4.34591945891e-15	4.30800994322e-14	4.44049525895e-19	3.2694314268e-09
0.0218	1.5030700463e-15	8.05926608472e-11	4.4267718257e-15	4.38815684527e-14	4.52310731803e-19	3.33024161677e-09
0.022	1.544818023e-15	8.28310276052e-11	4.50836936964e-15	4.46904241733e-14	4.6064807776e-19	3.39161185086e-09
0.0222	1.58733193705e-15	8.51104571236e-11	4.59071209061e-15	4.55066665918e-14	4.69061563764e-19	3.45354212142e-09
0.0224	1.6306187499e-15	8.7431322508e-11	4.67379998849e-15	4.63302957063e-14	4.77551189813e-19	3.51603242082e-09
0.0226	1.67468542297e-15	8.97939968605e-11	4.75763306319e-15	4.71613115147e-14	4.86116955904e-19	3.5790827414e-09
0.0228	1.71953891764e-15	9.21988532799e-11	4.8422113146e-15	4.7999714015e-14	4.94758862037e-19	3.64269307554e-09
0.023	1.76518619529e-15	9.46462648614e-11	4.9275347426e-15	4.88455032052e-14	5.0347690821e-19	3.70686341559e-09
0.0232	1.81163421725e-15	9.71366046968e-11	5.01360334708e-15	4.96986790833e-14	5.1227109442e-19	3.77159375391e-09
0.0234	1.85888994481e-15	9.96702458744e-11	5.10041712794e-15	5.05592416471e-14	5.21141420666e-19	3.83688408286e-09
0.0236	1.90696033927e-15	1.02247561479e-10	5.18797608507e-15	5.14271908947e-14	5.30087886947e-19	3.9027343948e-09
0.0238	1.95585236186e-15	1.04868924593e-10	5.27628021836e-15	5.23025268241e-14	5.39110493259e-19	3.96914468209e-09
0.024	2.0055729738e-15	1.07534708292e-10	5.3653295277e-15	5.31852494331e-14	5.48209239602e-19	4.03611493708e-09
0.0242	2.05612913628e-15	1.10245285653e-10	5.45512401298e-15	5.40753587198e-14	5.57384125974e-19	4.10364515215e-09
0.0244	2.10752781045e-15	1.13001029746e-10	5.54566367409e-15	5.49728546822e-14	5.66635152373e-19	4.17173531965e-09
0.0246	2.15977595746e-15	1.15802313638e-10	5.63694851092e-15	5.58777373182e-14	5.75962318797e-19	4.24038543194e-09
0.0248	2.21288053839e-15	1.18649510394e-10	5.72897852337e-15	5.67900066258e-14	5.85365625245e-19	4.30959548138e-09
0.025	2.26684851433e-15	1.21542993074e-10	5.82175371132e-15	5.77096626029e-14	5.94845071714e-19	4.37936546033e-09
0.0252	2.3216868463e-15	1.24483134736e-10	5.91527407467e-15	5.86367052476e-14	6.04400658203e-19	4.44969536115e-09
0.0254	2.37740249533e-15	1.27470308432e-10	6.00953961331e-15	5.95711345577e-14	6.1403238471e-19	4.5205851762e-09
0.0256	2.43400242241e-15	1.30504887214e-10	6.10455032713e-15	6.05129505313e-14	6.23740251233e-19	4.59203489785e-09
0.0258	2.49149358847e-15	1.33587244129e-10	6.20030621601e-15	6.14621531663e-14	6.3352425777e-19	4.66404451844e-09
0.026	2.54988295446e-15	1.36717752219e-10	6.29680727986e-15	6.24187424607e-14	6.43384404321e-19	4.73661403035e-09
0.0262	2.60917748127e-15	1.39896784524e-10	6.39405351855e-15	6.33827184125e-14	6.53320690882e-19	4.80974342594e-09
0.0264	2.66938412976e-15	1.43124714081e-10	6.49204493199e-15	6.43540810196e-14	6.63333117452e-19	4.88343269755e-09
0.0266	2.73050986078e-15	1.46401913923e-10	6.59078152007e-15	6.533283028e-14	6.73421684029e-19	4.95768183756e-09
0.0268	2.79256163513e-15	1.49728757079e-10	6.69026328267e-15	6.63189661917e-14	6.83586390612e-19	5.03249083833e-09
0.027	2.8555464136e-15	1.53105616575e-10	6.79049021968e-15	6.73124887526e-14	6.93827237198e-19	5.10785969221e-09
0.0272	2.91947115693e-15	1.56532865434e-10	6.891462331e-15	6.83133979607e-14	7.04144223786e-19	5.18378839158e-09
0.0274	2.98434282585e-15	1.60010876675e-10	6.99317961652e-15	6.9321693814e-14	7.14537350375e-19	5.26027692878e-09
0.0276	3.05016838105e-15	1.63540023313e-10	7.09564207613e-15	7.03373763105e-14	7.25006616961e-19	5.33732529618e-09
0.0278	3.1169547832e-15	1.67120678361e-10	7.19884970972e-15	7.1360445448e-14	7.35552023544e-19	5.41493348614e-09
0.028	3.18470899292e-15	1.70753214828e-10	7.30280251718e-15	7.23909012246e-14	7.46173570122e-19	5.49310149103e-09
0.0282	3.25343797083e-15	1.74438005718e-10	7.4075004984e-15	7.34287436383e-14	7.56871256693e-19	5.57182930319e-09
0.0284	3.32314867751e-15	1.78175424034e-10	7.51294365327e-15	7.4473972687e-14	7.67645083255e-19	5.65111691501e-09
0.0286	3.39384807349e-15	1.81965842773e-10	7.61913198169e-15	7.55265883687e-14	7.78495049806e-19	5.73096431883e-09
0.0288	3.4655431193e-15	1.85809634931e-10	7.72606548354e-15	7.65865906813e-14	7.89421156345e-19	5.81137150702e-09
0.029	3.53824077542e-15	1.89707173499e-10	7.83374415872e-15	7.76539796228e-14	8.00423402869e-19	5.89233847194e-09
0.0292	3.61194800232e-15	1.93658831465e-10	7.94216800712e-15	7.87287551913e-14	8.11501789378e-19	5.97386520595e-09
0.0294	3.68667176043e-15	1.97664981814e-10	8.05133702863e-15	7.98109173846e-14	8.22656315868e-19	6.05595170142e-09
0.0296	3.76241901015e-15	2.01725997526e-10	8.16125122313e-15	8.09004662007e-14	8.33886982339e-19	6.1385979507e-09
0.0298	3.83919671185e-15	2.05842251579e-10	8.27191059053e-15	8.19974016376e-14	8.45193788789e-19	6.22180394616e-09
0.03	3.91701182588e-15	2.10014116948e-10	8.38331513071e-15	8.31017236933e-14	8.56576735215e-19	6.30556968015e-09
0.0302	3.99587131254e-15	2.14241966602e-10	8.49546484356e-15	8.42134323657e-14	8.68035821616e-19	6.38989514505e-09
0.0304	4.07578213214e-15	2.18526173509e-10	8.60835972897e-15	8.53325276528e-14	8.79571047991e-19	6.47478033322e-09
0.0306	4.15675124491e-15	2.22867110632e-10	8.72199978684e-15	8.64590095526e-14	8.91182414337e-19	6.56022523701e-09
0.0308	4.23878561109e-15	2.27265150933e-10	8.83638501706e-15	8.75928780631e-14	9.02869920652e-19	6.64622984878e-09
0.031	4.32189219088e-15	2.31720667367e-10	8.95151541951e-15	8.87341331821e-14	9.14633566936e-19	6.73279416091e-09
0.0312	4.40607794444e-15	2.36234032889e-10	9.06739099409e-15	8.98827749077e-14	9.26473353185e-19	6.81991816575e-09
0.0314	4.49134983192e-15	2.40805620447e-10	9.18401174069e-15	9.10388032379e-14	9.38389279398e-19	6.90760185567e-09
0.0316	4.57771481342e-15	2.45435802989e-10	9.3013776592e-15	9.22022181705e-14	9.50381345574e-19	6.99584522302e-09
0.0318	4.66517984903e-15	2.50124953457e-10	9.41948874951e-15	9.33730197037e-14	9.62449551711e-19	7.08464826017e-09
0.032	4.7537518988e-15	2.54873444791e-10	9.53834501151e-15	9.45512078353e-14	9.74593897807e-19	7.17401095949e-09
0.0322	4.84343792275e-15	2.59681649926e-10	9.6579464451e-15	9.57367825633e-14	9.86814383859e-19	7.26393331333e-09
0.0324	4.93424488088e-15	2.64549941796e-10	9.77829305016e-15	9.69297438857e-14	9.99111009867e-19	7.35441531407e-09
0.0326	5.02617973315e-15	2.6947869333e-10	9.89938482658e-15	9.81300918004e-14	1.01148377583e-18	7.44545695405e-09
0.0328	5.11924943949e-15	2.74468277452e-10	1.00212217743e-14	9.93378263055e-14	1.02393268174e-18	7.53705822565e-09
0.033	5.21346095982e-15	2.79519067086e-10	1.01438038931e-14	1.00552947399e-13	1.0364577276e-18	7.62921912122e-09
0.0332	5.30882125401e-15	2.8463143515e-10	1.0267131183e-14	1.01775455079e-13	1.04905891341e-18	7.72193963314e-09
0.0334	5.40533728192e-15	2.89805754559e-10	1.03912036438e-14	1.03005349342e-13	1.06173623917e-18	7.81521975376e-09
0.0336	5.50301600335e-15	2.95042398225e-10	1.05160212754e-14	1.04242630188e-13	1.07448970487e-18	7.90905947545e-09
0.0338	5.6018643781e-15	3.00341739056e-10	1.06415840777e-14	1.05487297615e-13	1.08731931052e-18	8.00345879056e-09
0.034	5.70188936593e-15	3.05704149958e-10	1.07678920506e-14	1.06739351619e-13	1.1002250561e-18	8.09841769148e-09
0.0342	5.80309792658e-15	3.11130003832e-10	1.08949451941e-14	1.079987922e-13	1.11320694163e-18	8.19393617055e-09
0.0344	5.90549701974e-15	3.16619673575e-10	1.10227435079e-14	1.09265619354e-13	1.12626496709e-18	8.29001422014e-09
0.0346	6.00909360509e-15	3.22173532082e-10	1.1151286992e-14	1.10539833081e-13	1.13939913249e-18	8.38665183261e-09
0.0348	6.11389464227e-15	3.27791952245e-10	1.12805756462e-14	1.11821433377e-13	1.15260943782e-18	8.48384900033e-09
0.035	6.21990709091e-15	3.3347530695e-10	1.14106094705e-14	1.13110420242e-13	1.16589588308e-18	8.58160571567e-09
0.0352	6.32713791058e-15	3.39223969082e-10	1.15413884648e-14	1.14406793672e-13	1.17925846828e-18	8.67992197098e-09
0.0354	6.43559406084e-15	3.45038311522e-10	1.16729126289e-14	1.15710553667e-13	1.1926971934e-18	8.77879775863e-09
0.0356	6.54528250122e-15	3.50918707146e-10	1.18051819627e-14	1.17021700223e-13	1.20621205845e-18	8.87823307098e-09
0.0358	6.65621019123e-15	3.56865528829e-10	1.19381964662e-14	1.18340233339e-13	1.21980306342e-18	8.9782279004e-09
0.036	6.76838409032e-15	3.6287914944e-10	1.20719561391e-14	1.19666153013e-13	1.23347020831e-18	9.07878223925e-09
0.0362	6.88181115795e-15	3.68959941847e-10	1.22064609815e-14	1.20999459243e-13	1.24721349313e-18	9.1798960799e-09
0.0364	6.99649835352e-15	3.75108278913e-10	1.23417109932e-14	1.22340152026e-13	1.26103291787e-18	9.2815694147e-09
0.0366	7.11245263642e-15	3.81324533498e-10	1.2477706174e-14	1.23688231362e-13	1.27492848252e-18	9.38380223603e-09
0.0368	7.22968096599e-15	3.87609078458e-10	1.2614446524e-14	1.25043697247e-13	1.28890018709e-18	9.48659453625e-09
0.037	7.34819030157e-15	3.93962286646e-10	1.27519320429e-14	1.26406549679e-13	1.30294803158e-18	9.58994630773e-09
0.0372	7.46798760244e-15	4.00384530912e-10	1.28901627306e-14	1.27776788657e-13	1.31707201597e-18	9.69385754282e-09
0.0374	7.58907982788e-15	4.06876184101e-10	1.30291385871e-14	1.29154414179e-13	1.33127214028e-18	9.79832823389e-09
0.0376	7.71147393712e-15	4.13437619057e-10	1.31688596123e-14	1.30539426243e-13	1.3455484045e-18	9.90335837331e-09
0.0378	7.83517688937e-15	4.20069208618e-10	1.3309325806e-14	1.31931824846e-13	1.35990080862e-18	1.00089479534e-08
0.038	7.96019564381e-15	4.2677132562e-10	1.34505371681e-14	1.33331609986e-13	1.37432935265e-18	1.01150969666e-08
0.0382	8.08653715959e-15	4.33544342895e-10	1.35924936985e-14	1.34738781662e-13	1.38883403658e-18	1.02218054053e-08
0.0384	8.21420839582e-15	4.40388633273e-10	1.37351953972e-14	1.36153339871e-13	1.40341486041e-18	1.03290732617e-08
0.0386	8.34321631161e-15	4.47304569578e-10	1.38786422639e-14	1.37575284612e-13	1.41807182414e-18	1.04369005284e-08
0.0388	8.473567866e-15	4.54292524631e-10	1.40228342986e-14	1.39004615882e-13	1.43280492777e-18	1.05452871975e-08
0.039	8.60527001804e-15	4.61352871253e-10	1.41677715012e-14	1.4044133368e-13	1.4476141713e-18	1.06542332616e-08
0.0392	8.73832972673e-15	4.68485982257e-10	1.43134538716e-14	1.41885438003e-13	1.46249955472e-18	1.07637387129e-08
0.0394	8.87275395104e-15	4.75692230454e-10	1.44598814096e-14	1.43336928849e-13	1.47746107803e-18	1.08738035439e-08
0.0396	9.00854964993e-15	4.82971988654e-10	1.46070541152e-14	1.44795806216e-13	1.49249874123e-18	1.09844277468e-08
0.0398	9.1457237823e-15	4.90325629659e-10	1.47549719882e-14	1.46262070103e-13	1.50761254433e-18	1.10956113141e-08
0.04	9.28428330704e-15	4.97753526273e-10	1.49036350285e-14	1.47735720506e-13	1.52280248731e-18	1.12073542382e-08
0.0402	9.42423518301e-15	5.05256051291e-10	1.50530432361e-14	1.49216757425e-13	1.53806857017e-18	1.13196565113e-08
0.0404	9.56558636905e-15	5.12833577508e-10	1.52031966108e-14	1.50705180857e-13	1.55341079292e-18	1.14325181259e-08
0.0406	9.70834382395e-15	5.20486477715e-10	1.53540951525e-14	1.522009908e-13	1.56882915555e-18	1.15459390743e-08
0.0408	9.85251450648e-15	5.28215124699e-10	1.55057388611e-14	1.53704187253e-13	1.58432365806e-18	1.16599193489e-08
0.041	9.99810537538e-15	5.36019891244e-10	1.56581277365e-14	1.55214770212e-13	1.59989430045e-18	1.17744589421e-08
0.0412	1.01451233894e-14	5.4390115013e-10	1.58112617786e-14	1.56732739676e-13	1.61554108271e-18	1.18895578462e-08
0.0414	1.02935755071e-14	5.51859274134e-10	1.59651409872e-14	1.58258095643e-13	1.63126400485e-18	1.20052160536e-08
0.0416	1.04434686873e-14	5.59894636029e-10	1.61197653624e-14	1.59790838112e-13	1.64706306687e-18	1.21214335566e-08
0.0418	1.05948098886e-14	5.68007608586e-10	1.62751349038e-14	1.61330967079e-13	1.66293826875e-18	1.22382103476e-08
0.042	1.07476060695e-14	5.7619856457e-10	1.64312496115e-14	1.62878482543e-13	1.6788896105e-18	1.23555464191e-08
0.0422	1.09018641886e-14	5.84467876745e-10	1.65881094854e-14	1.64433384501e-13	1.69491709212e-18	1.24734417633e-08
0.0424	1.10575912044e-14	5.9281591787e-10	1.67457145252e-14	1.65995672953e-13	1.71102071361e-18	1.25918963726e-08
0.0426	1.12147940755e-14	6.01243060702e-10	1.6904064731e-14	1.67565347895e-13	1.72720047496e-18	1.27109102394e-08
0.0428	1.13734797604e-14	6.09749677992e-10	1.70631601026e-14	1.69142409326e-13	1.74345637617e-18	1.2830483356e-08
0.043	1.15336552174e-14	6.1833614249e-10	1.72230006399e-14	1.70726857244e-13	1.75978841724e-18	1.29506157149e-08
0.0432	1.16953274051e-14	6.27002826943e-10	1.73835863428e-14	1.72318691647e-13	1.77619659817e-18	1.30713073083e-08
0.0434	1.18585032818e-14	6.35750104091e-10	1.75449172112e-14	1.73917912532e-13	1.79268091896e-18	1.31925581287e-08
0.0436	1.20231898058e-14	6.44578346674e-10	1.77069932449e-14	1.75524519898e-13	1.8092413796e-18	1.33143681684e-08
0.0438	1.21893939356e-14	6.53487927427e-10	1.7869814444e-14	1.77138513742e-13	1.82587798009e-18	1.34367374198e-08
0.044	1.23571226293e-14	6.62479219082e-10	1.80333808081e-14	1.78759894063e-13	1.84259072044e-18	1.35596658753e-08
0.0442	1.25263828454e-14	6.71552594368e-10	1.81976923373e-14	1.80388660859e-13	1.85937960064e-18	1.36831535271e-08
0.0444	1.2697181542e-14	6.80708426009e-10	1.83627490315e-14	1.82024814127e-13	1.87624462068e-18	1.38072003678e-08
0.0446	1.28695256773e-14	6.89947086726e-10	1.85285508905e-14	1.83668353865e-13	1.89318578057e-18	1.39318063896e-08
0.0448	1.30434222096e-14	6.99268949239e-10	1.86950979142e-14	1.85319280072e-13	1.9102030803e-18	1.40569715849e-08
0.045	1.32188780969e-14	7.08674386261e-10	1.88623901025e-14	1.86977592745e-13	1.92729651988e-18	1.41826959461e-08
0.0452	1.33959002975e-14	7.18163770503e-10	1.90304274553e-14	1.88643291883e-13	1.94446609929e-18	1.43089794656e-08
0.0454	1.35744957694e-14	7.27737474674e-10	1.91992099725e-14	1.90316377483e-13	1.96171181855e-18	1.44358221357e-08
0.0456	1.37546714708e-14	7.37395871476e-10	1.9368737654e-14	1.91996849543e-13	1.97903367764e-18	1.45632239488e-08
0.0458	1.39364343596e-14	7.47139333612e-10	1.95390104997e-14	1.93684708062e-13	1.99643167657e-18	1.46911848972e-08
0.046	1.41197913938e-14	7.56968233778e-10	1.97100285094e-14	1.95379953037e-13	2.01390581533e-18	1.48197049733e-08
0.0462	1.43047495315e-14	7.66882944669e-10	1.98817916831e-14	1.97082584466e-13	2.03145609392e-18	1.49487841696e-08
0.0464	1.44913157306e-14	7.76883838973e-10	2.00543000206e-14	1.98792602347e-13	2.04908251234e-18	1.50784224783e-08
0.0466	1.4679496949e-14	7.86971289379e-10	2.02275535219e-14	2.00510006678e-13	2.06678507059e-18	1.52086198918e-08
0.0468	1.48693001446e-14	7.9714566857e-10	2.04015521868e-14	2.02234797458e-13	2.08456376867e-18	1.53393764025e-08
0.047	1.50607322753e-14	8.07407349225e-10	2.05762960152e-14	2.03966974684e-13	2.10241860657e-18	1.54706920028e-08
0.0472	1.5253800299e-14	8.17756704022e-10	2.07517850071e-14	2.05706538353e-13	2.12034958429e-18	1.56025666851e-08
0.0474	1.54485111734e-14	8.28194105633e-10	2.09280191622e-14	2.07453488465e-13	2.13835670184e-18	1.57350004416e-08
0.0476	1.56448718563e-14	8.38719926727e-10	2.11049984805e-14	2.09207825017e-13	2.1564399592e-18	1.58679932648e-08
0.0478	1.58428893055e-14	8.49334539972e-10	2.1282722962e-14	2.10969548006e-13	2.17459935638e-18	1.6001545147e-08
0.048	1.60425704788e-14	8.60038318029e-10	2.14611926064e-14	2.12738657432e-13	2.19283489338e-18	1.61356560806e-08
0.0482	1.62439223337e-14	8.70831633558e-10	2.16404074136e-14	2.14515153291e-13	2.21114657019e-18	1.6270326058e-08
0.0484	1.64469518279e-14	8.81714859215e-10	2.18203673837e-14	2.16299035583e-13	2.22953438681e-18	1.64055550715e-08
0.0486	1.66516659192e-14	8.92688367652e-10	2.20010725163e-14	2.18090304304e-13	2.24799834324e-18	1.65413431136e-08
0.0488	1.6858071565e-14	9.03752531517e-10	2.21825228116e-14	2.19888959453e-13	2.26653843948e-18	1.66776901765e-08
0.049	1.7066175723e-14	9.14907723456e-10	2.23647182692e-14	2.21695001028e-13	2.28515467552e-18	1.68145962527e-08
0.0492	1.72759853508e-14	9.26154316111e-10	2.25476588892e-14	2.23508429026e-13	2.30384705137e-18	1.69520613344e-08
0.0494	1.74875074058e-14	9.37492682121e-10	2.27313446714e-14	2.25329243446e-13	2.32261556703e-18	1.70900854142e-08
0.0496	1.77007488455e-14	9.4892319412e-10	2.29157756157e-14	2.27157444286e-13	2.34146022248e-18	1.72286684843e-08
0.0498	1.79157166274e-14	9.60446224741e-10	2.3100951722e-14	2.28993031544e-13	2.36038101774e-18	1.73678105371e-08
0.05	1.8132417709e-14	9.7206214661e-10	2.32868729901e-14	2.30836005217e-13	2.37937795279e-18	1.75075115651e-08
0.0502	1.83508590476e-14	9.83771332353e-10	2.34735394201e-14	2.32686365304e-13	2.39845102764e-18	1.76477715604e-08
0.0504	1.85710476006e-14	9.9557415459e-10	2.36609510117e-14	2.34544111802e-13	2.41760024228e-18	1.77885905156e-08
0.0506	1.87929903253e-14	1.00747098594e-09	2.38491077649e-14	2.3640924471e-13	2.43682559671e-18	1.79299684231e-08
0.0508	1.90166941791e-14	1.01946219902e-09	2.40380096795e-14	2.38281764025e-13	2.45612709093e-18	1.8071905275e-08
0.051	1.92421661192e-14	1.03154816643e-09	2.42276567555e-14	2.40161669746e-13	2.47550472495e-18	1.82144010639e-08
0.0512	1.9469413103e-14	1.04372926079e-09	2.44180489927e-14	2.4204896187e-13	2.49495849875e-18	1.83574557821e-08
0.0514	1.96984420876e-14	1.0560058547e-09	2.46091863911e-14	2.43943640396e-13	2.51448841233e-18	1.8501069422e-08
0.0516	1.99292600302e-14	1.06837832076e-09	2.48010689504e-14	2.45845705321e-13	2.5340944657e-18	1.86452419759e-08
0.0518	2.0161873888e-14	1.08084703156e-09	2.49936966707e-14	2.47755156643e-13	2.55377665885e-18	1.87899734363e-08
0.052	2.03962906182e-14	1.0934123597e-09	2.51870695517e-14	2.49671994361e-13	2.57353499177e-18	1.89352637954e-08
0.0522	2.06325171778e-14	1.10607467777e-09	2.53811875935e-14	2.51596218472e-13	2.59336946448e-18	1.90811130457e-08
0.0524	2.08705605239e-14	1.11883435836e-09	2.55760507958e-14	2.53527828974e-13	2.61328007696e-18	1.92275211795e-08
0.0526	2.11104276137e-14	1.13169177405e-09	2.57716591586e-14	2.55466825865e-13	2.63326682922e-18	1.93744881892e-08
0.0528	2.1352125404e-14	1.14464729741e-09	2.59680126817e-14	2.57413209143e-13	2.65332972125e-18	1.95220140671e-08
0.053	2.1595660852e-14	1.15770130103e-09	2.61651113652e-14	2.59366978807e-13	2.67346875305e-18	1.96700988057e-08
0.0532	2.18410409145e-14	1.17085415748e-09	2.63629552087e-14	2.61328134854e-13	2.69368392461e-18	1.98187423973e-08
0.0534	2.20882725486e-14	1.18410623933e-09	2.65615442123e-14	2.63296677282e-13	2.71397523595e-18	1.99679448342e-08
0.0536	2.2337362711e-14	1.19745791914e-09	2.67608783758e-14	2.65272606089e-13	2.73434268705e-18	2.01177061089e-08
0.0538	2.25883183588e-14	1.21090956947e-09	2.69609576992e-14	2.67255921273e-13	2.75478627791e-18	2.02680262137e-08
0.054	2.28411464487e-14	1.22446156289e-09	2.71617821822e-14	2.69246622831e-13	2.77530600854e-18	2.0418905141e-08
0.0542	2.30958539376e-14	1.23811427195e-09	2.73633518248e-14	2.71244710763e-13	2.79590187893e-18	2.05703428831e-08
0.0544	2.33524477822e-14	1.2518680692e-09	2.7565666627e-14	2.73250185066e-13	2.81657388907e-18	2.07223394325e-08
0.0546	2.36109349394e-14	1.26572332719e-09	2.77687265885e-14	2.75263045738e-13	2.83732203897e-18	2.08748947815e-08
0.0548	2.38713223658e-14	1.27968041846e-09	2.79725317093e-14	2.77283292776e-13	2.85814632862e-18	2.10280089224e-08
0.055	2.41336170182e-14	1.29373971556e-09	2.81770819892e-14	2.7931092618e-13	2.87904675803e-18	2.11816818477e-08
0.0552	2.43978258532e-14	1.30790159103e-09	2.83823774282e-14	2.81345945946e-13	2.90002332719e-18	2.13359135496e-08
0.0554	2.46639558275e-14	1.32216641739e-09	2.85884180262e-14	2.83388352073e-13	2.9210760361e-18	2.14907040207e-08
0.0556	2.49320138977e-14	1.33653456719e-09	2.8795203783e-14	2.85438144559e-13	2.94220488475e-18	2.16460532532e-08
0.0558	2.52020070203e-14	1.35100641294e-09	2.90027346985e-14	2.87495323401e-13	2.96340987315e-18	2.18019612395e-08
0.056	2.5473942152e-14	1.36558232718e-09	2.92110107726e-14	2.89559888598e-13	2.98469100129e-18	2.1958427972e-08
0.0562	2.57478262493e-14	1.38026268242e-09	2.94200320053e-14	2.91631840148e-13	3.00604826918e-18	2.2115453443e-08
0.0564	2.60236662686e-14	1.39504785118e-09	2.96297983963e-14	2.93711178048e-13	3.02748167681e-18	2.2273037645e-08
0.0566	2.63014691665e-14	1.40993820597e-09	2.98403099457e-14	2.95797902297e-13	3.04899122417e-18	2.24311805703e-08
0.0568	2.65812418994e-14	1.42493411932e-09	3.00515666532e-14	2.97892012892e-13	3.07057691127e-18	2.25898822113e-08
0.057	2.68629914237e-14	1.44003596371e-09	3.02635685188e-14	2.99993509832e-13	3.09223873811e-18	2.27491425603e-08
0.0572	2.71467246957e-14	1.45524411166e-09	3.04763155423e-14	3.02102393115e-13	3.11397670467e-18	2.29089616097e-08
0.0574	2.74324486719e-14	1.47055893567e-09	3.06898077238e-14	3.04218662738e-13	3.13579081097e-18	2.30693393519e-08
0.0576	2.77201703085e-14	1.48598080822e-09	3.09040450629e-14	3.06342318699e-13	3.157681057e-18	2.32302757793e-08
0.0578	2.80098965619e-14	1.50151010183e-09	3.11190275597e-14	3.08473360997e-13	3.17964744276e-18	2.33917708842e-08
0.058	2.83016343883e-14	1.51714718897e-09	3.13347552141e-14	3.10611789629e-13	3.20168996824e-18	2.3553824659e-08
0.0582	2.8595390744e-14	1.53289244213e-09	3.15512280258e-14	3.12757604593e-13	3.22380863345e-18	2.37164370961e-08
0.0584	2.88911725851e-14	1.5487462338e-09	3.17684459949e-14	3.14910805888e-13	3.24600343838e-18	2.38796081879e-08
0.0586	2.91889868679e-14	1.56470893645e-09	3.19864091212e-14	3.17071393511e-13	3.26827438303e-18	2.40433379266e-08
0.0588	2.94888405485e-14	1.58078092256e-09	3.22051174045e-14	3.1923936746e-13	3.2906214674e-18	2.42076263048e-08
0.059	2.97907405831e-14	1.5969625646e-09	3.24245708449e-14	3.21414727733e-13	3.31304469148e-18	2.43724733147e-08
0.0592	3.00946939276e-14	1.61325423505e-09	3.26447694421e-14	3.23597474329e-13	3.33554405528e-18	2.45378789487e-08
0.0594	3.04007075382e-14	1.62965630636e-09	3.28657131961e-14	3.25787607245e-13	3.35811955879e-18	2.47038431993e-08
0.0596	3.07087883709e-14	1.646169151e-09	3.30874021067e-14	3.27985126479e-13	3.38077120202e-18	2.48703660587e-08
0.0598	3.10189433818e-14	1.66279314142e-09	3.33098361739e-14	3.30190032028e-13	3.40349898495e-18	2.50374475194e-08
0.06	3.13311795267e-14	1.67952865009e-09	3.35330153976e-14	3.32402323892e-13	3.42630290759e-18	2.52050875737e-08
0.0602	3.16455037617e-14	1.69637604946e-09	3.37569397775e-14	3.34622002068e-13	3.44918296994e-18	2.5373286214e-08
0.0604	3.19619230426e-14	1.71333571196e-09	3.39816093137e-14	3.36849066554e-13	3.47213917199e-18	2.55420434327e-08
0.0606	3.22804443254e-14	1.73040801006e-09	3.4207024006e-14	3.39083517348e-13	3.49517151375e-18	2.57113592221e-08
0.0608	3.26010745659e-14	1.74759331618e-09	3.44331838543e-14	3.41325354448e-13	3.51827999521e-18	2.58812335746e-08
0.061	3.29238207199e-14	1.76489200277e-09	3.46600888585e-14	3.43574577852e-13	3.54146461636e-18	2.60516664826e-08
0.0612	3.32486897433e-14	1.78230444226e-09	3.48877390185e-14	3.45831187557e-13	3.56472537721e-18	2.62226579385e-08
0.0614	3.35756885918e-14	1.79983100708e-09	3.51161343342e-14	3.48095183563e-13	3.58806227776e-18	2.63942079346e-08
0.0616	3.39048242211e-14	1.81747206966e-09	3.53452748054e-14	3.50366565866e-13	3.611475318e-18	2.65663164633e-08
0.0618	3.4236103587e-14	1.83522800242e-09	3.55751604321e-14	3.52645334465e-13	3.63496449793e-18	2.6738983517e-08
0.062	3.45695336452e-14	1.85309917779e-09	3.58057912142e-14	3.54931489357e-13	3.65852981756e-18	2.69122090881e-08
0.0622	3.49051213512e-14	1.87108596817e-09	3.60371671515e-14	3.57225030542e-13	3.68217127687e-18	2.70859931689e-08
0.0624	3.52428736608e-14	1.889188746e-09	3.62692882439e-14	3.59525958016e-13	3.70588887586e-18	2.72603357517e-08
0.0626	3.55827975296e-14	1.90740788366e-09	3.65021544913e-14	3.61834271777e-13	3.72968261455e-18	2.74352368291e-08
0.0628	3.5924899913e-14	1.92574375358e-09	3.67357658937e-14	3.64149971825e-13	3.75355249291e-18	2.76106963933e-08
0.063	3.62691877667e-14	1.94419672815e-09	3.69701224509e-14	3.66473058156e-13	3.77749851096e-18	2.77867144367e-08
0.0632	3.66156680461e-14	1.96276717978e-09	3.72052241627e-14	3.68803530768e-13	3.80152066868e-18	2.79632909517e-08
0.0634	3.69643477068e-14	1.98145548086e-09	3.74410710292e-14	3.7114138966e-13	3.82561896608e-18	2.81404259307e-08
0.0636	3.73152337042e-14	2.00026200378e-09	3.76776630501e-14	3.73486634829e-13	3.84979340316e-18	2.8318119366e-08
0.0638	3.76683329936e-14	2.01918712093e-09	3.79150002254e-14	3.75839266274e-13	3.87404397991e-18	2.849637125e-08
0.064	3.80236525306e-14	2.03823120471e-09	3.8153082555e-14	3.78199283992e-13	3.89837069633e-18	2.86751815751e-08
0.0642	3.83811992704e-14	2.05739462748e-09	3.83919100387e-14	3.80566687982e-13	3.92277355243e-18	2.88545503337e-08
0.0644	3.87409801685e-14	2.07667776164e-09	3.86314826764e-14	3.82941478241e-13	3.94725254819e-18	2.90344775181e-08
0.0646	3.910300218e-14	2.09608097955e-09	3.88718004681e-14	3.85323654767e-13	3.97180768362e-18	2.92149631207e-08
0.0648	3.94672722604e-14	2.11560465359e-09	3.91128634136e-14	3.87713217559e-13	3.99643895871e-18	2.93960071339e-08
0.065	3.98337973647e-14	2.13524915613e-09	3.93546715129e-14	3.90110166614e-13	4.02114637347e-18	2.957760955e-08
0.0652	4.02025844484e-14	2.15501485953e-09	3.95972247657e-14	3.9251450193e-13	4.04592992789e-18	2.97597703615e-08
0.0654	4.05736404664e-14	2.17490213615e-09	3.98405231721e-14	3.94926223505e-13	4.07078962197e-18	2.99424895607e-08
0.0656	4.09469723741e-14	2.19491135836e-09	4.00845667318e-14	3.97345331338e-13	4.0957254557e-18	3.012576714e-08
0.0658	4.13225871265e-14	2.2150428985e-09	4.03293554448e-14	3.99771825425e-13	4.12073742909e-18	3.03096030917e-08
0.066	4.17004916788e-14	2.23529712893e-09	4.0574889311e-14	4.02205705766e-13	4.14582554214e-18	3.04939974083e-08
0.0662	4.2080692986e-14	2.255674422e-09	4.08211683302e-14	4.04646972358e-13	4.17098979484e-18	3.0678950082e-08
0.0664	4.24631980031e-14	2.27617515005e-09	4.10681925024e-14	4.07095625198e-13	4.19623018719e-18	3.08644611053e-08
0.0666	4.28480136852e-14	2.29679968542e-09	4.13159618275e-14	4.09551664286e-13	4.22154671918e-18	3.10505304706e-08
0.0668	4.32351469873e-14	2.31754840046e-09	4.15644763053e-14	4.12015089619e-13	4.24693939083e-18	3.12371581702e-08
0.067	4.36246048643e-14	2.33842166748e-09	4.18137359357e-14	4.14485901195e-13	4.27240820212e-18	3.14243441966e-08
0.0672	4.40163942711e-14	2.35941985883e-09	4.20637407186e-14	4.16964099011e-13	4.29795315305e-18	3.1612088542e-08
0.0674	4.44105221627e-14	2.38054334683e-09	4.23144906539e-14	4.19449683067e-13	4.32357424362e-18	3.18003911988e-08
0.0676	4.48069954939e-14	2.40179250381e-09	4.25659857416e-14	4.21942653359e-13	4.34927147384e-18	3.19892521595e-08
0.0678	4.52058212196e-14	2.42316770208e-09	4.28182259814e-14	4.24443009886e-13	4.37504484369e-18	3.21786714163e-08
0.068	4.56070062945e-14	2.44466931396e-09	4.30712113733e-14	4.26950752646e-13	4.40089435318e-18	3.23686489618e-08
0.0682	4.60105576735e-14	2.46629771177e-09	4.33249419172e-14	4.29465881637e-13	4.4268200023e-18	3.25591847882e-08
0.0684	4.64164823112e-14	2.48805326782e-09	4.35794176129e-14	4.31988396857e-13	4.45282179105e-18	3.27502788879e-08
0.0686	4.68247871625e-14	2.50993635441e-09	4.38346384604e-14	4.34518298303e-13	4.47889971944e-18	3.29419312534e-08
0.0688	4.72354791821e-14	2.53194734384e-09	4.40906044596e-14	4.37055585974e-13	4.50505378745e-18	3.31341418769e-08
0.069	4.76485653245e-14	2.55408660842e-09	4.43473156103e-14	4.39600259867e-13	4.5312839951e-18	3.33269107509e-08
0.0692	4.80640525444e-14	2.57635452044e-09	4.46047719124e-14	4.42152319981e-13	4.55759034236e-18	3.35202378677e-08
0.0694	4.84819477965e-14	2.59875145219e-09	4.48629733658e-14	4.44711766314e-13	4.58397282925e-18	3.37141232197e-08
0.0696	4.89022580353e-14	2.62127777596e-09	4.51219199705e-14	4.47278598863e-13	4.61043145577e-18	3.39085667993e-08
0.0698	4.93249902154e-14	2.64393386405e-09	4.53816117262e-14	4.49852817626e-13	4.6369662219e-18	3.41035685988e-08
0.07	4.97501512912e-14	2.66672008872e-09	4.5642048633e-14	4.52434422603e-13	4.66357712765e-18	3.42991286107e-08
0.0702	5.01777482174e-14	2.68963682226e-09	4.59032306906e-14	4.55023413789e-13	4.69026417302e-18	3.44952468273e-08
0.0704	5.06077879482e-14	2.71268443695e-09	4.6165157899e-14	4.57619791184e-13	4.717027358e-18	3.46919232409e-08
0.0706	5.10402774383e-14	2.73586330505e-09	4.64278302581e-14	4.60223554786e-13	4.7438666826e-18	3.48891578441e-08
0.0708	5.14752236419e-14	2.75917379884e-09	4.66912477677e-14	4.62834704591e-13	4.7707821468e-18	3.5086950629e-08
0.071	5.19126335135e-14	2.78261629058e-09	4.69554104278e-14	4.65453240599e-13	4.79777375062e-18	3.52853015882e-08
0.0712	5.23525140073e-14	2.80619115253e-09	4.72203182382e-14	4.68079162808e-13	4.82484149404e-18	3.5484210714e-08
0.0714	5.27948720778e-14	2.82989875695e-09	4.74859711988e-14	4.70712471214e-13	4.85198537707e-18	3.56836779987e-08
0.0716	5.32397146792e-14	2.85373947609e-09	4.77523693096e-14	4.73353165817e-13	4.87920539971e-18	3.58837034348e-08
0.0718	5.36870487657e-14	2.87771368221e-09	4.80195125704e-14	4.76001246614e-13	4.90650156194e-18	3.60842870146e-08
0.072	5.41368812917e-14	2.90182174755e-09	4.8287400981e-14	4.78656713603e-13	4.93387386378e-18	3.62854287305e-08
0.0722	5.45892192112e-14	2.92606404436e-09	4.85560345415e-14	4.81319566782e-13	4.96132230521e-18	3.64871285749e-08
0.0724	5.50440694785e-14	2.95044094488e-09	4.88254132517e-14	4.8398980615e-13	4.98884688624e-18	3.66893865401e-08
0.0726	5.55014390477e-14	2.97495282134e-09	4.90955371114e-14	4.86667431703e-13	5.01644760687e-18	3.68922026185e-08
0.0728	5.59613348729e-14	2.99960004598e-09	4.93664061206e-14	4.89352443441e-13	5.04412446709e-18	3.70955768026e-08
0.073	5.64237639082e-14	3.02438299103e-09	4.96380202792e-14	4.9204484136e-13	5.0718774669e-18	3.72995090846e-08
0.0732	5.68887331077e-14	3.04930202871e-09	4.9910379587e-14	4.9474462546e-13	5.0997066063e-18	3.7503999457e-08
0.0734	5.73562494253e-14	3.07435753126e-09	5.0183484044e-14	4.97451795737e-13	5.12761188528e-18	3.77090479121e-08
0.0736	5.78263198152e-14	3.09954987088e-09	5.045733365e-14	5.0016635219e-13	5.15559330386e-18	3.79146544423e-08
0.0738	5.82989512311e-14	3.12487941981e-09	5.07319284049e-14	5.02888294817e-13	5.18365086201e-18	3.812081904e-08
0.074	5.87741506272e-14	3.15034655024e-09	5.10072683086e-14	5.05617623616e-13	5.21178455975e-18	3.83275416976e-08
0.0742	5.92519249573e-14	3.17595163439e-09	5.1283353361e-14	5.08354338585e-13	5.23999439708e-18	3.85348224074e-08
0.0744	5.97322811752e-14	3.20169504446e-09	5.1560183562e-14	5.11098439722e-13	5.26828037397e-18	3.87426611619e-08
0.0746	6.02152262349e-14	3.22757715267e-09	5.18377589116e-14	5.13849927024e-13	5.29664249045e-18	3.89510579533e-08
0.0748	6.07007670901e-14	3.2535983312e-09	5.21160794095e-14	5.1660880049e-13	5.3250807465e-18	3.91600127741e-08
0.075	6.11889106946e-14	3.27975895225e-09	5.23951450556e-14	5.19375060118e-13	5.35359514213e-18	3.93695256167e-08
0.0752	6.16796640023e-14	3.30605938802e-09	5.26749558499e-14	5.22148705906e-13	5.38218567733e-18	3.95795964734e-08
0.0754	6.21730339668e-14	3.33250001069e-09	5.29555117923e-14	5.24929737851e-13	5.41085235209e-18	3.97902253366e-08
0.0756	6.26690275419e-14	3.35908119246e-09	5.32368128826e-14	5.27718155951e-13	5.43959516643e-18	4.00014121987e-08
0.0758	6.31676516811e-14	3.38580330549e-09	5.35188591208e-14	5.30513960205e-13	5.46841412033e-18	4.0213157052e-08
0.076	6.36689133383e-14	3.41266672198e-09	5.38016505067e-14	5.33317150611e-13	5.4973092138e-18	4.0425459889e-08
0.0762	6.41728194669e-14	3.43967181409e-09	5.40851870401e-14	5.36127727166e-13	5.52628044682e-18	4.0638320702e-08
0.0764	6.46793770207e-14	3.466818954e-09	5.43694687211e-14	5.38945689869e-13	5.55532781941e-18	4.08517394834e-08
0.0766	6.5188592953e-14	3.49410851387e-09	5.46544955495e-14	5.41771038717e-13	5.58445133156e-18	4.10657162256e-08
0.0768	6.57004742175e-14	3.52154086588e-09	5.49402675252e-14	5.44603773709e-13	5.61365098327e-18	4.1280250921e-08
0.077	6.62150277677e-14	3.54911638217e-09	5.52267846481e-14	5.47443894842e-13	5.64292677453e-18	4.14953435618e-08
0.0772	6.67322605571e-14	3.57683543491e-09	5.5514046918e-14	5.50291402114e-13	5.67227870534e-18	4.17109941406e-08
0.0774	6.7252179539e-14	3.60469839626e-09	5.58020543349e-14	5.53146295524e-13	5.70170677571e-18	4.19272026497e-08
0.0776	6.77747916669e-14	3.63270563836e-09	5.60908068987e-14	5.56008575069e-13	5.73121098563e-18	4.21439690814e-08
0.0778	6.83001038943e-14	3.66085753337e-09	5.63803046092e-14	5.58878240747e-13	5.76079133509e-18	4.23612934282e-08
0.078	6.88281231743e-14	3.68915445342e-09	5.66705474663e-14	5.61755292556e-13	5.79044782411e-18	4.25791756824e-08
0.0782	6.93588564605e-14	3.71759677065e-09	5.696153547e-14	5.64639730495e-13	5.82018045266e-18	4.27976158364e-08
0.0784	6.9892310706e-14	3.74618485721e-09	5.725326862e-14	5.6753155456e-13	5.84998922076e-18	4.30166138826e-08
0.0786	7.04284928641e-14	3.77491908523e-09	5.75457469164e-14	5.70430764751e-13	5.8798741284e-18	4.32361698134e-08
0.0788	7.09674098882e-14	3.80379982683e-09	5.7838970359e-14	5.73337361065e-13	5.90983517558e-18	4.34562836211e-08
0.079	7.15090687313e-14	3.83282745414e-09	5.81329389477e-14	5.762513435e-13	5.9398723623e-18	4.36769552981e-08
0.0792	7.20534763467e-14	3.8620023393e-09	5.84276526823e-14	5.79172712054e-13	5.96998568856e-18	4.38981848368e-08
0.0794	7.26006396875e-14	3.89132485441e-09	5.87231115629e-14	5.82101466725e-13	6.00017515434e-18	4.41199722296e-08
0.0796	7.31505657069e-14	3.92079537159e-09	5.90193155891e-14	5.85037607511e-13	6.03044075966e-18	4.43423174689e-08
0.0798	7.37032613579e-14	3.95041426296e-09	5.93162647611e-14	5.8798113441e-13	6.06078250451e-18	4.45652205469e-08
0.08	7.42587335936e-14	3.98018190062e-09	5.96139590786e-14	5.90932047419e-13	6.09120038889e-18	4.47886814562e-08
0.0802	7.48169893671e-14	4.01009865669e-09	5.99123985415e-14	5.93890346538e-13	6.1216944128e-18	4.50127001891e-08
0.0804	7.53780356313e-14	4.04016490326e-09	6.02115831498e-14	5.96856031764e-13	6.15226457623e-18	4.5237276738e-08
0.0806	7.59418793393e-14	4.07038101243e-09	6.05115129032e-14	5.99829103094e-13	6.18291087918e-18	4.54624110952e-08
0.0808	7.65085274439e-14	4.1007473563e-09	6.08121878018e-14	6.02809560527e-13	6.21363332166e-18	4.56881032532e-08
0.081	7.70779868981e-14	4.13126430696e-09	6.11136078454e-14	6.05797404061e-13	6.24443190366e-18	4.59143532042e-08
0.0812	7.76502646548e-14	4.1619322365e-09	6.14157730339e-14	6.08792633693e-13	6.27530662517e-18	4.61411609408e-08
0.0814	7.82253676669e-14	4.192751517e-09	6.17186833672e-14	6.11795249423e-13	6.3062574862e-18	4.63685264552e-08
0.0816	7.88033028872e-14	4.22372252056e-09	6.20223388451e-14	6.14805251247e-13	6.33728448674e-18	4.65964497399e-08
0.0818	7.93840772684e-14	4.25484561923e-09	6.23267394676e-14	6.17822639163e-13	6.3683876268e-18	4.68249307872e-08
0.082	7.99676977635e-14	4.28612118511e-09	6.26318852346e-14	6.2084741317e-13	6.39956690636e-18	4.70539695896e-08
0.0822	8.0554171325e-14	4.31754959025e-09	6.29377761459e-14	6.23879573266e-13	6.43082232544e-18	4.72835661393e-08
0.0824	8.11435049057e-14	4.34913120673e-09	6.32444122014e-14	6.26919119448e-13	6.46215388402e-18	4.75137204288e-08
0.0826	8.17357054584e-14	4.38086640662e-09	6.35517934011e-14	6.29966051715e-13	6.49356158211e-18	4.77444324504e-08
0.0828	8.23307799356e-14	4.41275556197e-09	6.38599197448e-14	6.33020370064e-13	6.5250454197e-18	4.79757021966e-08
0.083	8.292873529e-14	4.44479904485e-09	6.41687912324e-14	6.36082074493e-13	6.5566053968e-18	4.82075296597e-08
0.0832	8.35295784743e-14	4.47699722729e-09	6.44784078638e-14	6.39151165001e-13	6.58824151339e-18	4.84399148321e-08
0.0834	8.41333164409e-14	4.50935048137e-09	6.47887696389e-14	6.42227641586e-13	6.61995376948e-18	4.86728577061e-08
0.0836	8.47399561424e-14	4.54185917912e-09	6.50998765576e-14	6.45311504244e-13	6.65174216507e-18	4.89063582742e-08
0.0838	8.53495045313e-14	4.57452369259e-09	6.54117286198e-14	6.48402752975e-13	6.68360670015e-18	4.91404165288e-08
0.084	8.59619685601e-14	4.60734439381e-09	6.57243258253e-14	6.51501387777e-13	6.71554737473e-18	4.93750324622e-08
0.0842	8.65773551813e-14	4.64032165483e-09	6.60376681741e-14	6.54607408646e-13	6.7475641888e-18	4.96102060667e-08
0.0844	8.71956713473e-14	4.67345584768e-09	6.6351755666e-14	6.57720815582e-13	6.77965714235e-18	4.98459373349e-08
0.0846	8.78169240105e-14	4.70674734438e-09	6.6666588301e-14	6.60841608582e-13	6.81182623539e-18	5.0082226259e-08
0.0848	8.84411201232e-14	4.74019651697e-09	6.69821660789e-14	6.63969787644e-13	6.84407146792e-18	5.03190728314e-08
0.085	8.90682666378e-14	4.77380373747e-09	6.72984889997e-14	6.67105352766e-13	6.87639283994e-18	5.05564770446e-08
0.0852	8.96983705066e-14	4.80756937789e-09	6.76155570631e-14	6.70248303946e-13	6.90879035143e-18	5.07944388908e-08
0.0854	9.03314386818e-14	4.84149381026e-09	6.79333702692e-14	6.73398641183e-13	6.9412640024e-18	5.10329583626e-08
0.0856	9.09674781158e-14	4.87557740658e-09	6.82519286177e-14	6.76556364473e-13	6.97381379286e-18	5.12720354522e-08
0.0858	9.16064957608e-14	4.90982053887e-09	6.85712321087e-14	6.79721473815e-13	7.00643972279e-18	5.1511670152e-08
0.086	9.22484985689e-14	4.94422357912e-09	6.88912807419e-14	6.82893969208e-13	7.03914179219e-18	5.17518624545e-08
0.0862	9.28934934922e-14	4.97878689935e-09	6.92120745172e-14	6.86073850648e-13	7.07192000107e-18	5.1992612352e-08
0.0864	9.35414874831e-14	5.01351087156e-09	6.95336134347e-14	6.89261118134e-13	7.10477434942e-18	5.22339198369e-08
0.0866	9.41924874934e-14	5.04839586772e-09	6.98558974941e-14	6.92455771664e-13	7.13770483724e-18	5.24757849016e-08
0.0868	9.48465004754e-14	5.08344225985e-09	7.01789266953e-14	6.95657811236e-13	7.17071146452e-18	5.27182075384e-08
0.087	9.55035333811e-14	5.11865041993e-09	7.05027010383e-14	6.98867236848e-13	7.20379423128e-18	5.29611877397e-08
0.0872	9.61635931624e-14	5.15402071994e-09	7.08272205229e-14	7.02084048497e-13	7.23695313749e-18	5.3204725498e-08
0.0874	9.68266867714e-14	5.18955353186e-09	7.1152485149e-14	7.05308246182e-13	7.27018818317e-18	5.34488208055e-08
0.0876	9.749282116e-14	5.22524922767e-09	7.14784949165e-14	7.08539829901e-13	7.30349936831e-18	5.36934736548e-08
0.0878	9.81620032802e-14	5.26110817935e-09	7.18052498253e-14	7.11778799652e-13	7.33688669291e-18	5.39386840381e-08
0.088	9.88342400839e-14	5.29713075887e-09	7.21327498753e-14	7.15025155432e-13	7.37035015696e-18	5.41844519478e-08
0.0882	9.95095385229e-14	5.3333173382e-09	7.24609950664e-14	7.1827889724e-13	7.40388976047e-18	5.44307773764e-08
0.0884	1.00187905549e-13	5.36966828929e-09	7.27899853984e-14	7.21540025073e-13	7.43750550344e-18	5.46776603162e-08
0.0886	1.00869348114e-13	5.40618398411e-09	7.31197208713e-14	7.2480853893e-13	7.47119738585e-18	5.49251007596e-08
0.0888	1.0155387317e-13	5.44286479463e-09	7.3450201485e-14	7.28084438808e-13	7.50496540772e-18	5.5173098699e-08
0.089	1.02241487669e-13	5.47971109278e-09	7.37814272393e-14	7.31367724706e-13	7.53880956903e-18	5.54216541267e-08
0.0892	1.02932198561e-13	5.51672325053e-09	7.41133981341e-14	7.34658396622e-13	7.57272986979e-18	5.56707670351e-08
0.0894	1.036260128e-13	5.55390163981e-09	7.44461141694e-14	7.37956454553e-13	7.60672630999e-18	5.59204374167e-08
0.0896	1.04322937336e-13	5.59124663258e-09	7.4779575345e-14	7.41261898497e-13	7.64079888964e-18	5.61706652638e-08
0.0898	1.05022979122e-13	5.62875860077e-09	7.51137816608e-14	7.44574728453e-13	7.67494760872e-18	5.64214505687e-08
0.09	1.05726145108e-13	5.66643791633e-09	7.54487331167e-14	7.47894944418e-13	7.70917246725e-18	5.6672793324e-08
0.0902	1.06432442247e-13	5.70428495117e-09	7.57844297125e-14	7.5122254639e-13	7.74347346521e-18	5.69246935219e-08
0.0904	1.0714187749e-13	5.74230007724e-09	7.61208714483e-14	7.54557534367e-13	7.77785060261e-18	5.71771511548e-08
0.0906	1.07854457789e-13	5.78048366645e-09	7.64580583238e-14	7.57899908348e-13	7.81230387944e-18	5.74301662151e-08
0.0908	1.08570190094e-13	5.81883609074e-09	7.6795990339e-14	7.6124966833e-13	7.8468332957e-18	5.76837386953e-08
0.091	1.09289081358e-13	5.85735772202e-09	7.71346674938e-14	7.64606814311e-13	7.8814388514e-18	5.79378685876e-08
0.0912	1.10011138532e-13	5.8960489322e-09	7.7474089788e-14	7.6797134629e-13	7.91612054652e-18	5.81925558845e-08
0.0914	1.10736368567e-13	5.93491009321e-09	7.78142572215e-14	7.71343264263e-13	7.95087838107e-18	5.84478005784e-08
0.0916	1.11464778415e-13	5.97394157694e-09	7.81551697943e-14	7.74722568229e-13	7.98571235504e-18	5.87036026616e-08
0.0918	1.12196375027e-13	6.0131437553e-09	7.84968275061e-14	7.78109258187e-13	8.02062246844e-18	5.89599621265e-08
0.092	1.12931165355e-13	6.0525170002e-09	7.8839230357e-14	7.81503334134e-13	8.05560872125e-18	5.92168789655e-08
0.0922	1.13669156349e-13	6.09206168354e-09	7.91823783468e-14	7.84904796067e-13	8.09067111349e-18	5.9474353171e-08
0.0924	1.14410354961e-13	6.13177817721e-09	7.95262714754e-14	7.88313643986e-13	8.12580964514e-18	5.97323847354e-08
0.0926	1.15154768142e-13	6.17166685309e-09	7.98709097426e-14	7.91729877887e-13	8.16102431621e-18	5.9990973651e-08
0.0928	1.15902402844e-13	6.21172808309e-09	8.02162931485e-14	7.95153497769e-13	8.1963151267e-18	6.02501199102e-08
0.093	1.16653266017e-13	6.25196223908e-09	8.05624216928e-14	7.98584503631e-13	8.23168207659e-18	6.05098235055e-08
0.0932	1.17407364612e-13	6.29236969295e-09	8.09092953754e-14	8.02022895469e-13	8.2671251659e-18	6.07700844292e-08
0.0934	1.18164705582e-13	6.33295081657e-09	8.12569141963e-14	8.05468673282e-13	8.30264439461e-18	6.10309026737e-08
0.0936	1.18925295876e-13	6.37370598181e-09	8.16052781554e-14	8.08921837067e-13	8.33823976273e-18	6.12922782313e-08
0.0938	1.19689142447e-13	6.41463556056e-09	8.19543872524e-14	8.12382386824e-13	8.37391127026e-18	6.15542110945e-08
0.094	1.20456252244e-13	6.45573992467e-09	8.23042414874e-14	8.15850322549e-13	8.40965891719e-18	6.18167012556e-08
0.0942	1.2122663222e-13	6.49701944602e-09	8.26548408602e-14	8.1932564424e-13	8.44548270352e-18	6.20797487071e-08
0.0944	1.22000289324e-13	6.53847449645e-09	8.30061853707e-14	8.22808351897e-13	8.48138262925e-18	6.23433534413e-08
0.0946	1.22777230508e-13	6.58010544783e-09	8.33582750188e-14	8.26298445516e-13	8.51735869438e-18	6.26075154505e-08
0.0948	1.23557462723e-13	6.62191267202e-09	8.37111098044e-14	8.29795925095e-13	8.5534108989e-18	6.28722347273e-08
0.095	1.2434099292e-13	6.66389654086e-09	8.40646897274e-14	8.33300790633e-13	8.58953924282e-18	6.31375112639e-08
0.0952	1.25127828049e-13	6.70605742619e-09	8.44190147876e-14	8.36813042128e-13	8.62574372613e-18	6.34033450528e-08
0.0954	1.25917975061e-13	6.74839569987e-09	8.4774084985e-14	8.40332679577e-13	8.66202434883e-18	6.36697360862e-08
0.0956	1.26711440908e-13	6.79091173373e-09	8.51299003194e-14	8.43859702979e-13	8.69838111092e-18	6.39366843568e-08
0.0958	1.2750823254e-13	6.83360589961e-09	8.54864607908e-14	8.47394112331e-13	8.7348140124e-18	6.42041898567e-08
0.096	1.28308356907e-13	6.87647856934e-09	8.5843766399e-14	8.50935907631e-13	8.77132305326e-18	6.44722525784e-08
0.0962	1.2911182096e-13	6.91953011476e-09	8.62018171439e-14	8.54485088878e-13	8.80790823351e-18	6.47408725142e-08
0.0964	1.29918631651e-13	6.96276090768e-09	8.65606130254e-14	8.58041656069e-13	8.84456955313e-18	6.50100496566e-08
0.0966	1.30728795929e-13	7.00617131993e-09	8.69201540434e-14	8.61605609202e-13	8.88130701214e-18	6.5279783998e-08
0.0968	1.31542320746e-13	7.04976172333e-09	8.72804401979e-14	8.65176948276e-13	8.91812061053e-18	6.55500755307e-08
0.097	1.32359213052e-13	7.09353248969e-09	8.76414714886e-14	8.68755673288e-13	8.95501034829e-18	6.58209242471e-08
0.0972	1.33179479797e-13	7.13748399083e-09	8.80032479155e-14	8.72341784236e-13	8.99197622542e-18	6.60923301396e-08
0.0974	1.34003127932e-13	7.18161659856e-09	8.83657694784e-14	8.75935281118e-13	9.02901824193e-18	6.63642932006e-08
0.0976	1.34830164407e-13	7.22593068467e-09	8.87290361774e-14	8.79536163933e-13	9.06613639781e-18	6.66368134224e-08
0.0978	1.35660596174e-13	7.27042662099e-09	8.90930480121e-14	8.83144432677e-13	9.10333069306e-18	6.69098907975e-08
0.098	1.36494430182e-13	7.31510477929e-09	8.94578049826e-14	8.8676008735e-13	9.14060112768e-18	6.71835253183e-08
0.0982	1.37331673382e-13	7.35996553138e-09	8.98233070888e-14	8.90383127949e-13	9.17794770166e-18	6.74577169771e-08
0.0984	1.38172332724e-13	7.40500924904e-09	9.01895543305e-14	8.94013554471e-13	9.215370415e-18	6.77324657662e-08
0.0986	1.39016415159e-13	7.45023630407e-09	9.05565467075e-14	8.97651366916e-13	9.25286926771e-18	6.80077716782e-08
0.0988	1.39863927636e-13	7.49564706826e-09	9.09242842199e-14	9.01296565281e-13	9.29044425978e-18	6.82836347054e-08
0.099	1.40714877107e-13	7.54124191337e-09	9.12927668675e-14	9.04949149563e-13	9.32809539121e-18	6.85600548401e-08
0.0992	1.41569270521e-13	7.5870212112e-09	9.16619946502e-14	9.08609119761e-13	9.36582266199e-18	6.88370320748e-08
0.0994	1.42427114829e-13	7.6329853335e-09	9.20319675678e-14	9.12276475874e-13	9.40362607212e-18	6.91145664018e-08
0.0996	1.43288416981e-13	7.67913465207e-09	9.24026856204e-14	9.15951217898e-13	9.44150562161e-18	6.93926578136e-08
0.0998	1.44153183928e-13	7.72546953865e-09	9.27741488076e-14	9.19633345832e-13	9.47946131046e-18	6.96713063024e-08
0.1	1.45021422618e-13	7.77199036502e-09	9.31463571296e-14	9.23322859673e-13	9.51749313865e-18	6.99505118608e-08
