0	0.0	0.0	0.0	0.0	0.0	0.0
0.0002	5.27625886928e-22	2.82945038227e-17	1.69361131393e-19	1.67884563254e-18	1.73046007437e-23	1.27471549839e-13
0.0004	4.2210026813e-21	2.26355505699e-16	6.77444492556e-19	6.71538191456e-18	6.92184024314e-23	5.09883881697e-13
0.0006	1.42458691517e-20	7.63948060257e-16	1.52425003397e-18	1.51096079226e-17	1.55741404248e-22	1.14723351911e-12
0.0008	3.37679508245e-20	1.81083564749e-15	2.70977770611e-18	2.68615227333e-17	2.7687360538e-22	2.03951698564e-12
0.001	6.59529599837e-20	3.53678017277e-15	4.23402745947e-18	4.19711254231e-17	4.32615005011e-22	3.18673080489e-12
0.0012	1.13966595671e-19	6.11154196683e-15	6.09699924451e-18	6.04384150687e-17	6.22965602328e-22	4.58887150049e-12
0.0014	1.80974543686e-19	9.70487978583e-15	8.29869301171e-18	8.22633907466e-17	8.47925396514e-22	6.24593559609e-12
0.0016	2.70142476586e-19	1.44865508113e-14	1.08391087116e-17	1.07446051533e-16	1.10749438676e-21	8.1579196154e-12
0.0018	3.84636053686e-19	2.06263106502e-14	1.37182462945e-17	1.35986396506e-16	1.40167257224e-21	1.03248200821e-11
0.002	5.2762092106e-19	2.82939133349e-14	1.69361057111e-17	1.6788442474e-16	1.73045995215e-21	1.274663352e-11
0.0022	7.02262711538e-19	3.76591113231e-14	2.04926869118e-17	2.03140135313e-16	2.09385652566e-21	1.54233564529e-11
0.0024	9.1172704471e-19	4.88916554982e-14	2.4387989847e-17	2.41753527301e-16	2.49186229198e-21	1.83549854046e-11
0.0026	1.15917952692e-18	6.21612951688e-14	2.86220144673e-17	2.83724599781e-16	2.92447725027e-21	2.15415168989e-11
0.0028	1.44778575128e-18	7.7637778069e-14	3.31947607231e-17	3.29053351829e-16	3.39170139974e-21	2.49829474598e-11
0.003	1.78071129765e-18	9.54908503584e-14	3.81062285649e-17	3.77739782522e-16	3.89353473955e-21	2.8679273611e-11
0.0032	2.16112173264e-18	1.15890256622e-13	4.33564179432e-17	4.29783890937e-16	4.4299772689e-21	3.26304918767e-11
0.0034	2.59218260964e-18	1.39005739871e-13	4.89453288084e-17	4.8518567615e-16	5.00102898698e-21	3.68365987807e-11
0.0036	3.0770594688e-18	1.6500704154e-13	5.48729611111e-17	5.43945137237e-16	5.60668989296e-21	4.12975908471e-11
0.0038	3.61891783699e-18	1.94063901492e-13	6.11393148017e-17	6.06062273275e-16	6.24695998603e-21	4.60134645999e-11
0.004	4.22092322788e-18	2.26346058014e-13	6.77443898307e-17	6.71537083342e-16	6.92183926538e-21	5.09842165631e-11
0.0042	4.88624114187e-18	2.62023247817e-13	7.46881861486e-17	7.40369566512e-16	7.63132773019e-21	5.6209843261e-11
0.0044	5.61803706615e-18	3.01265206041e-13	8.19707037058e-17	8.12559721864e-16	8.37542537965e-21	6.16903412176e-11
0.0046	6.41947647463e-18	3.44241666249e-13	8.95919424529e-17	8.88107548473e-16	9.15413221295e-21	6.7425706957e-11
0.0048	7.29372482801e-18	3.91122360429e-13	9.75519023402e-17	9.67013045416e-16	9.96744822926e-21	7.34159370036e-11
0.005	8.24394757373e-18	4.42077018998e-13	1.05850583318e-16	1.04927621177e-15	1.08153734278e-20	7.96610278814e-11
0.0052	9.27331014599e-18	4.97275370794e-13	1.14487985338e-16	1.13489704661e-15	1.16979078077e-20	8.61609761149e-11
0.0054	1.03849779658e-17	5.56887143085e-13	1.23464108349e-16	1.22387554902e-15	1.26150513682e-20	9.29157782282e-11
0.0056	1.15821164408e-17	6.21082061561e-13	1.32778952302e-16	1.31621171806e-15	1.35668041084e-20	9.99254307457e-11
0.0058	1.28678909655e-17	6.90029850339e-13	1.42432517149e-16	1.41190555282e-15	1.45531660276e-20	1.07189930192e-10
0.006	1.42454669211e-17	7.63900231963e-13	1.52424802838e-16	1.51095705238e-15	1.55741371249e-20	1.14709273091e-10
0.0062	1.57180096757e-17	8.428629274e-13	1.62755809321e-16	1.6133662158e-15	1.66297173995e-20	1.22483455967e-10
0.0064	1.7288684584e-17	9.27087656044e-13	1.73425536548e-16	1.71913304218e-15	1.77199068507e-20	1.30512475345e-10
0.0066	1.89606569875e-17	1.01674413571e-12	1.8443398447e-16	1.82825753057e-15	1.88447054775e-20	1.3879632775e-10
0.0068	2.07370922145e-17	1.11200208266e-12	1.95781153037e-16	1.94073968007e-15	2.00041132792e-20	1.47335009705e-10
0.007	2.262115558e-17	1.21303121154e-12	2.07467042199e-16	2.05657948974e-15	2.11981302549e-20	1.56128517735e-10
0.0072	2.46160123858e-17	1.32000123547e-12	2.19491651908e-16	2.17577695866e-15	2.24267564039e-20	1.65176848366e-10
0.0074	2.67248279204e-17	1.43308186596e-12	2.31854982113e-16	2.29833208592e-15	2.36899917253e-20	1.74479998121e-10
0.0076	2.89507674593e-17	1.55244281295e-12	2.44557032765e-16	2.42424487058e-15	2.49878362183e-20	1.84037963525e-10
0.0078	3.12969962643e-17	1.67825378483e-12	2.57597803815e-16	2.55351531172e-15	2.63202898821e-20	1.93850741103e-10
0.008	3.37666795844e-17	1.81068448839e-12	2.70977295212e-16	2.68614340842e-15	2.76873527159e-20	2.0391832738e-10
0.0082	3.63629826552e-17	1.94990462886e-12	2.84695506908e-16	2.82212915976e-15	2.90890247189e-20	2.1424071888e-10
0.0084	3.90890706989e-17	2.09608390988e-12	2.98752438853e-16	2.96147256481e-15	3.05253058902e-20	2.24817912128e-10
0.0086	4.19481089247e-17	2.24939203354e-12	3.13148090998e-16	3.10417362265e-15	3.1996196229e-20	2.35649903649e-10
0.0088	4.49432625285e-17	2.40999870033e-12	3.27882463292e-16	3.25023233236e-15	3.35016957346e-20	2.46736689968e-10
0.009	4.80776966929e-17	2.57807360919e-12	3.42955555687e-16	3.39964869301e-15	3.50418044061e-20	2.58078267609e-10
0.0092	5.13545765872e-17	2.75378645746e-12	3.58367368132e-16	3.55242270367e-15	3.66165222427e-20	2.69674633097e-10
0.0094	5.47770673675e-17	2.93730694093e-12	3.74117900579e-16	3.70855436343e-15	3.82258492435e-20	2.81525782958e-10
0.0096	5.83483341769e-17	3.1288047538e-12	3.90207152978e-16	3.86804367137e-15	3.98697854078e-20	2.93631713716e-10
0.0098	6.20715421449e-17	3.32844958871e-12	4.06635125279e-16	4.03089062655e-15	4.15483307348e-20	3.05992421897e-10
0.01	6.5949856388e-17	3.5364111367e-12	4.23401817433e-16	4.19709522806e-15	4.32614852236e-20	3.18607904025e-10
0.0102	6.99864420093e-17	3.75285908726e-12	4.4050722939e-16	4.36665747496e-15	4.50092488734e-20	3.31478156625e-10
0.0104	7.41844640988e-17	3.9779631283e-12	4.57951361101e-16	4.53957736635e-15	4.67916216834e-20	3.44603176223e-10
0.0106	7.85470877332e-17	4.21189294616e-12	4.75734212516e-16	4.71585490129e-15	4.86086036528e-20	3.57982959343e-10
0.0108	8.30774779759e-17	4.45481822559e-12	4.93855783586e-16	4.89549007887e-15	5.04601947808e-20	3.71617502511e-10
0.011	8.77787998771e-17	4.70690864978e-12	5.1231607426e-16	5.07848289815e-15	5.23463950666e-20	3.85506802252e-10
0.0112	9.26542184739e-17	4.96833390033e-12	5.31115084491e-16	5.26483335821e-15	5.42672045092e-20	3.99650855091e-10
0.0114	9.77068987899e-17	5.2392636573e-12	5.50252814228e-16	5.45454145814e-15	5.62226231081e-20	4.14049657554e-10
0.0116	1.02940005836e-16	5.51986759913e-12	5.69729263421e-16	5.647607197e-15	5.82126508622e-20	4.28703206165e-10
0.0118	1.08356704608e-16	5.81031540273e-12	5.89544432021e-16	5.84403057388e-15	6.02372877708e-20	4.4361149745e-10
0.012	1.13960160092e-16	6.1107767434e-12	6.09698319979e-16	6.04381158785e-15	6.22965338331e-20	4.58774527934e-10
0.0122	1.19753537258e-16	6.42142129489e-12	6.30190927245e-16	6.24695023799e-15	6.43903890483e-20	4.74192294143e-10
0.0124	1.25740001062e-16	6.74241872936e-12	6.5102225377e-16	6.45344652337e-15	6.65188534156e-20	4.89864792602e-10
0.0126	1.31922716451e-16	7.0739387174e-12	6.72192299503e-16	6.66330044307e-15	6.86819269341e-20	5.05792019837e-10
0.0128	1.38304848354e-16	7.41615092804e-12	6.93701064397e-16	6.87651199617e-15	7.0879609603e-20	5.21973972372e-10
0.013	1.44889561689e-16	7.76922502871e-12	7.155485484e-16	7.09308118174e-15	7.31119014215e-20	5.38410646734e-10
0.0132	1.51680021362e-16	8.1333306853e-12	7.37734751463e-16	7.31300799887e-15	7.53788023888e-20	5.55102039447e-10
0.0134	1.58679392263e-16	8.50863756209e-12	7.60259673537e-16	7.53629244662e-15	7.76803125041e-20	5.72048147039e-10
0.0136	1.6589083927e-16	8.8953153218e-12	7.83123314573e-16	7.76293452407e-15	8.00164317666e-20	5.89248966033e-10
0.0138	1.73317527249e-16	9.29353362559e-12	8.06325674521e-16	7.9929342303e-15	8.23871601754e-20	6.06704492956e-10
0.014	1.8096262105e-16	9.70346213303e-12	8.29866753331e-16	8.22629156439e-15	8.47924977298e-20	6.24414724333e-10
0.0142	1.88829285513e-16	1.01252705021e-11	8.53746550954e-16	8.46300652542e-15	8.72324444289e-20	6.42379656691e-10
0.0144	1.96920685462e-16	1.05591283893e-11	8.7796506734e-16	8.70307911245e-15	8.97070002719e-20	6.60599286554e-10
0.0146	2.05239985709e-16	1.10052054494e-11	9.0252230244e-16	8.94650932457e-15	9.22161652579e-20	6.79073610449e-10
0.0148	2.13790351054e-16	1.14636713357e-11	9.27418256205e-16	9.19329716085e-15	9.47599393863e-20	6.97802624901e-10
0.015	2.22574946281e-16	1.19346956999e-11	9.52652928584e-16	9.44344262037e-15	9.73383226561e-20	7.16786326436e-10
0.0152	2.31596936162e-16	1.24184481921e-11	9.78226319528e-16	9.69694570221e-15	9.99513150666e-20	7.3602471158e-10
0.0154	2.40859485457e-16	1.2915098461e-11	1.00413842899e-15	9.95380640544e-15	1.02598916617e-19	7.55517776859e-10
0.0156	2.50365758911e-16	1.34248161534e-11	1.03038925691e-15	1.02140247291e-14	1.05281127306e-19	7.75265518799e-10
0.0158	2.60118921256e-16	1.39477709148e-11	1.05697880326e-15	1.04776006724e-14	1.07997947134e-19	7.95267933925e-10
0.016	2.70122137212e-16	1.44841323891e-11	1.08390706797e-15	1.07445342343e-14	1.10749376099e-19	8.15525018764e-10
0.0162	2.80378571485e-16	1.50340702184e-11	1.111174051e-15	1.10148254138e-14	1.135354142e-19	8.36036769841e-10
0.0164	2.90891388768e-16	1.55977540435e-11	1.13877975229e-15	1.12884742102e-14	1.16356061437e-19	8.56803183683e-10
0.0166	3.0166375374e-16	1.61753535034e-11	1.16672417181e-15	1.15654806224e-14	1.1921131781e-19	8.77824256816e-10
0.0168	3.12698831067e-16	1.67670382358e-11	1.19500730949e-15	1.18458446495e-14	1.22101183316e-19	8.99099985766e-10
0.017	3.23999785402e-16	1.73729778766e-11	1.22362916529e-15	1.21295662906e-14	1.25025657956e-19	9.20630367059e-10
0.0172	3.35569781385e-16	1.79933420601e-11	1.25258973917e-15	1.24166455448e-14	1.27984741728e-19	9.4241539722e-10
0.0174	3.47411983643e-16	1.86283004193e-11	1.28188903106e-15	1.27070824112e-14	1.30978434632e-19	9.64455072777e-10
0.0176	3.59529556788e-16	1.92780225852e-11	1.31152704092e-15	1.30008768888e-14	1.34006736666e-19	9.86749390256e-10
0.0178	3.71925665422e-16	1.99426781877e-11	1.34150376871e-15	1.32980289767e-14	1.37069647831e-19	1.00929834618e-09
0.018	3.8460347413e-16	2.06224368548e-11	1.37181921437e-15	1.3598538674e-14	1.40167168125e-19	1.03210193708e-09
0.0182	3.97566147487e-16	2.1317468213e-11	1.40247337785e-15	1.39024059798e-14	1.43299297548e-19	1.05516015948e-09
0.0184	4.10816850052e-16	2.20279418872e-11	1.4334662591e-15	1.42096308931e-14	1.46466036098e-19	1.07847300991e-09
0.0186	4.24358746373e-16	2.2754027501e-11	1.46479785808e-15	1.45202134131e-14	1.49667383774e-19	1.10204048489e-09
0.0188	4.38195000984e-16	2.34958946759e-11	1.49646817473e-15	1.48341535387e-14	1.52903340577e-19	1.12586258095e-09
0.019	4.52328778404e-16	2.42537130323e-11	1.52847720901e-15	1.51514512691e-14	1.56173906505e-19	1.14993929462e-09
0.0192	4.66763243143e-16	2.50276521889e-11	1.56082496086e-15	1.54721066033e-14	1.59479081558e-19	1.17427062241e-09
0.0194	4.81501559693e-16	2.58178817626e-11	1.59351143023e-15	1.57961195405e-14	1.62818865733e-19	1.19885656087e-09
0.0196	4.96546892536e-16	2.66245713691e-11	1.62653661708e-15	1.61234900797e-14	1.66193259032e-19	1.22369710651e-09
0.0198	5.11902406139e-16	2.74478906222e-11	1.65990052136e-15	1.64542182199e-14	1.69602261453e-19	1.24879225587e-09
0.02	5.27571264957e-16	2.82880091343e-11	1.69360314301e-15	1.67883039603e-14	1.73045872994e-19	1.27414200546e-09
0.0202	5.43556633431e-16	2.91450965161e-11	1.72764448199e-15	1.71257472999e-14	1.76524093656e-19	1.29974635182e-09
0.0204	5.59861675989e-16	3.0019322377e-11	1.76202453825e-15	1.74665482379e-14	1.80036923437e-19	1.32560529147e-09
0.0206	5.76489557046e-16	3.09108563245e-11	1.79674331174e-15	1.78107067732e-14	1.83584362337e-19	1.35171882094e-09
0.0208	5.93443441002e-16	3.18198679646e-11	1.83180080241e-15	1.8158222905e-14	1.87166410355e-19	1.37808693675e-09
0.021	6.10726492247e-16	3.2746526902e-11	1.8671970102e-15	1.85090966323e-14	1.9078306749e-19	1.40470963544e-09
0.0212	6.28341875155e-16	3.36910027394e-11	1.90293193508e-15	1.88633279542e-14	1.94434333741e-19	1.43158691353e-09
0.0214	6.46292754088e-16	3.46534650783e-11	1.93900557698e-15	1.92209168699e-14	1.98120209108e-19	1.45871876754e-09
0.0216	6.64582293395e-16	3.56340835184e-11	1.97541793587e-15	1.95818633783e-14	2.01840693589e-19	1.486105194e-09
0.0218	6.8321365741e-16	3.66330276578e-11	2.01216901168e-15	1.99461674785e-14	2.05595787183e-19	1.51374618944e-09
0.022	7.02190010456e-16	3.76504670933e-11	2.04925880438e-15	2.03138291697e-14	2.09385489891e-19	1.54164175039e-09
0.0222	7.21514516842e-16	3.86865714198e-11	2.08668731391e-15	2.06848484508e-14	2.13209801711e-19	1.56979187337e-09
0.0224	7.41190340864e-16	3.97415102309e-11	2.12445454022e-15	2.1059225321e-14	2.17068722642e-19	1.59819655492e-09
0.0226	7.61220646802e-16	4.08154531184e-11	2.16256048327e-15	2.14369597794e-14	2.20962252684e-19	1.62685579155e-09
0.0228	7.81608598928e-16	4.19085696727e-11	2.201005143e-15	2.1818051825e-14	2.24890391835e-19	1.65576957979e-09
0.023	8.02357361495e-16	4.30210294824e-11	2.23978851936e-15	2.22025014569e-14	2.28853140095e-19	1.68493791618e-09
0.0232	8.23470098748e-16	4.41530021349e-11	2.27891061231e-15	2.25903086742e-14	2.32850497464e-19	1.71436079723e-09
0.0234	8.44949974916e-16	4.53046572157e-11	2.31837142179e-15	2.2981473476e-14	2.36882463939e-19	1.74403821948e-09
0.0236	8.66800154214e-16	4.64761643087e-11	2.35817094776e-15	2.33759958612e-14	2.40949039521e-19	1.77397017945e-09
0.0238	8.89023800845e-16	4.76676929966e-11	2.39830919016e-15	2.37738758291e-14	2.45050224209e-19	1.80415667368e-09
0.024	9.11624079e-16	4.88794128601e-11	2.43878614895e-15	2.41751133787e-14	2.49186018001e-19	1.83459769867e-09
0.0242	9.34604152854e-16	5.01114934787e-11	2.47960182408e-15	2.4579708509e-14	2.53356420897e-19	1.86529325098e-09
0.0244	9.5796718657e-16	5.13641044299e-11	2.52075621549e-15	2.49876612192e-14	2.57561432897e-19	1.89624332712e-09
0.0246	9.817163443e-16	5.263741529e-11	2.56224932315e-15	2.53989715083e-14	2.61801053999e-19	1.92744792361e-09
0.0248	1.00585479018e-15	5.39315956336e-11	2.60408114699e-15	2.58136393754e-14	2.66075284202e-19	1.95890703699e-09
0.025	1.03038568833e-15	5.52468150336e-11	2.64625168697e-15	2.62316648195e-14	2.70384123506e-19	1.99062066379e-09
0.0252	1.05531220286e-15	5.65832430616e-11	2.68876094303e-15	2.66530478398e-14	2.7472757191e-19	2.02258880052e-09
0.0254	1.08063749788e-15	5.79410492874e-11	2.73160891514e-15	2.70777884353e-14	2.79105629414e-19	2.05481144373e-09
0.0256	1.10636473746e-15	5.93204032793e-11	2.77479560324e-15	2.75058866051e-14	2.83518296015e-19	2.08728858993e-09
0.0258	1.13249708567e-15	6.0721474604e-11	2.81832100728e-15	2.79373423483e-14	2.87965571714e-19	2.12002023566e-09
0.026	1.15903770657e-15	6.21444328267e-11	2.86218512721e-15	2.8372155664e-14	2.92447456509e-19	2.15300637743e-09
0.0262	1.18598976421e-15	6.35894475109e-11	2.90638796298e-15	2.88103265511e-14	2.96963950401e-19	2.18624701179e-09
0.0264	1.21335642262e-15	6.50566882186e-11	2.95092951454e-15	2.92518550089e-14	3.01515053387e-19	2.21974213525e-09
0.0266	1.24114084581e-15	6.65463245103e-11	2.99580978185e-15	2.96967410364e-14	3.06100765468e-19	2.25349174435e-09
0.0268	1.26934619779e-15	6.80585259449e-11	3.04102876485e-15	3.01449846326e-14	3.10721086642e-19	2.2874958356e-09
0.027	1.29797564254e-15	6.95934620795e-11	3.08658646349e-15	3.05965857966e-14	3.15376016908e-19	2.32175440555e-09
0.0272	1.32703234406e-15	7.115130247e-11	3.13248287773e-15	3.10515445276e-14	3.20065556267e-19	2.35626745072e-09
0.0274	1.3565194663e-15	7.27322166704e-11	3.17871800751e-15	3.15098608246e-14	3.24789704716e-19	2.39103496763e-09
0.0276	1.38644017321e-15	7.43363742333e-11	3.22529185279e-15	3.19715346866e-14	3.29548462255e-19	2.42605695281e-09
0.0278	1.41679762873e-15	7.59639447097e-11	3.27220441351e-15	3.24365661127e-14	3.34341828884e-19	2.46133340279e-09
0.028	1.44759499678e-15	7.76150976491e-11	3.31945568963e-15	3.29049551021e-14	3.39169804601e-19	2.4968643141e-09
0.0282	1.47883544129e-15	7.92900025991e-11	3.36704568109e-15	3.33767016538e-14	3.44032389406e-19	2.53264968327e-09
0.0284	1.51052212614e-15	8.09888291063e-11	3.41497438785e-15	3.38518057668e-14	3.48929583298e-19	2.56868950682e-09
0.0286	1.54265821522e-15	8.27117467151e-11	3.46324180986e-15	3.43302674403e-14	3.53861386276e-19	2.60498378129e-09
0.0288	1.57524687241e-15	8.44589249688e-11	3.51184794707e-15	3.48120866733e-14	3.58827798339e-19	2.64153250319e-09
0.029	1.60829126156e-15	8.62305334088e-11	3.56079279942e-15	3.52972634649e-14	3.63828819486e-19	2.67833566906e-09
0.0292	1.64179454651e-15	8.80267415752e-11	3.61007636687e-15	3.57857978142e-14	3.68864449717e-19	2.71539327543e-09
0.0294	1.67575989111e-15	8.98477190064e-11	3.65969864938e-15	3.62776897203e-14	3.73934689031e-19	2.75270531883e-09
0.0296	1.71019045916e-15	9.16936352392e-11	3.70965964688e-15	3.67729391821e-14	3.79039537427e-19	2.79027179577e-09
0.0298	1.74508941448e-15	9.35646598088e-11	3.75995935933e-15	3.72715461989e-14	3.84178994904e-19	2.8280927028e-09
0.03	1.78045992085e-15	9.54609622489e-11	3.81059778669e-15	3.77735107697e-14	3.89353061461e-19	2.86616803643e-09
0.0302	1.81630514207e-15	9.73827120916e-11	3.86157492889e-15	3.82788328935e-14	3.94561737098e-19	2.90449779321e-09
0.0304	1.85262824188e-15	9.93300788676e-11	3.9128907859e-15	3.87875125695e-14	3.99805021814e-19	2.94308196964e-09
0.0306	1.88943238405e-15	1.01303232106e-10	3.96454535766e-15	3.92995497966e-14	4.05082915608e-19	2.98192056228e-09
0.0308	1.92672073231e-15	1.03302341333e-10	4.01653864412e-15	3.98149445741e-14	4.10395418478e-19	3.02101356763e-09
0.031	1.9644964504e-15	1.05327576076e-10	4.06887064523e-15	4.0333696901e-14	4.15742530425e-19	3.06036098223e-09
0.0312	2.00276270202e-15	1.07379105859e-10	4.12154136095e-15	4.08558067762e-14	4.21124251448e-19	3.09996280261e-09
0.0314	2.04152265087e-15	1.09457100203e-10	4.17455079122e-15	4.1381274199e-14	4.26540581545e-19	3.1398190253e-09
0.0316	2.08077946064e-15	1.11561728631e-10	4.227898936e-15	4.19100991684e-14	4.31991520716e-19	3.17992964683e-09
0.0318	2.12053629501e-15	1.13693160662e-10	4.28158579523e-15	4.24422816835e-14	4.3747706896e-19	3.22029466372e-09
0.032	2.16079631763e-15	1.15851565814e-10	4.33561136887e-15	4.29778217433e-14	4.42997226276e-19	3.2609140725e-09
0.0322	2.20156269216e-15	1.18037113603e-10	4.38997565686e-15	4.35167193469e-14	4.48551992663e-19	3.3017878697e-09
0.0324	2.24283858222e-15	1.20249973544e-10	4.44467865916e-15	4.40589744935e-14	4.54141368121e-19	3.34291605185e-09
0.0326	2.28462715143e-15	1.2249031515e-10	4.49972037572e-15	4.4604587182e-14	4.59765352649e-19	3.38429861548e-09
0.0328	2.32693156341e-15	1.24758307933e-10	4.55510080648e-15	4.51535574116e-14	4.65423946246e-19	3.42593555711e-09
0.033	2.36975498174e-15	1.27054121403e-10	4.61081995141e-15	4.57058851813e-14	4.71117148911e-19	3.46782687328e-09
0.0332	2.41310057001e-15	1.29377925068e-10	4.66687781044e-15	4.62615704902e-14	4.76844960643e-19	3.50997256052e-09
0.0334	2.45697149178e-15	1.31729888436e-10	4.72327438353e-15	4.68206133375e-14	4.82607381442e-19	3.55237261535e-09
0.0336	2.50137091061e-15	1.34110181011e-10	4.78000967063e-15	4.7383013722e-14	4.88404411306e-19	3.59502703429e-09
0.0338	2.54630199005e-15	1.36518972298e-10	4.83708367169e-15	4.7948771643e-14	4.94236050236e-19	3.63793581389e-09
0.034	2.59176789361e-15	1.38956431799e-10	4.89449638665e-15	4.85178870996e-14	5.00102298229e-19	3.68109895067e-09
0.0342	2.63777178481e-15	1.41422729014e-10	4.95224781548e-15	4.90903600907e-14	5.06003155286e-19	3.72451644116e-09
0.0344	2.68431682715e-15	1.43918033443e-10	5.01033795813e-15	4.96661906155e-14	5.11938621405e-19	3.76818828188e-09
0.0346	2.73140618413e-15	1.46442514583e-10	5.06876681453e-15	5.0245378673e-14	5.17908696585e-19	3.81211446937e-09
0.0348	2.77904301921e-15	1.48996341929e-10	5.12753438464e-15	5.08279242624e-14	5.23913380827e-19	3.85629500015e-09
0.035	2.82723049587e-15	1.51579684977e-10	5.18664066842e-15	5.14138273826e-14	5.29952674128e-19	3.90072987076e-09
0.0352	2.87597177753e-15	1.54192713219e-10	5.24608566581e-15	5.20030880328e-14	5.36026576489e-19	3.94541907772e-09
0.0354	2.92527002765e-15	1.56835596146e-10	5.30586937677e-15	5.25957062121e-14	5.42135087908e-19	3.99036261756e-09
0.0356	2.97512840965e-15	1.59508503248e-10	5.36599180124e-15	5.31916819195e-14	5.48278208384e-19	4.03556048681e-09
0.0358	3.02555008692e-15	1.62211604013e-10	5.42645293917e-15	5.37910151542e-14	5.54455937917e-19	4.081012682e-09
0.036	3.07653822287e-15	1.64945067927e-10	5.48725279052e-15	5.43937059151e-14	5.60668276507e-19	4.12671919966e-09
0.0362	3.12809598089e-15	1.67709064476e-10	5.54839135524e-15	5.49997542013e-14	5.66915224151e-19	4.17268003632e-09
0.0364	3.18022652433e-15	1.70503763142e-10	5.60986863327e-15	5.5609160012e-14	5.73196780849e-19	4.2188951885e-09
0.0366	3.23293301655e-15	1.73329333408e-10	5.67168462457e-15	5.62219233462e-14	5.79512946601e-19	4.26536465274e-09
0.0368	3.2862186209e-15	1.76185944754e-10	5.73383932908e-15	5.6838044203e-14	5.85863721406e-19	4.31208842557e-09
0.037	3.34008650071e-15	1.79073766657e-10	5.79633274676e-15	5.74575225815e-14	5.92249105262e-19	4.35906650351e-09
0.0372	3.39453981929e-15	1.81992968596e-10	5.85916487756e-15	5.80803584807e-14	5.9866909817e-19	4.4062988831e-09
0.0374	3.44958173995e-15	1.84943720046e-10	5.92233572143e-15	5.87065518997e-14	6.05123700128e-19	4.45378556086e-09
0.0376	3.50521542596e-15	1.8792619048e-10	5.98584527832e-15	5.93361028376e-14	6.11612911135e-19	4.50152653332e-09
0.0378	3.56144404062e-15	1.90940549372e-10	6.04969354818e-15	5.99690112935e-14	6.1813673119e-19	4.54952179702e-09
0.038	3.61827074719e-15	1.93986966191e-10	6.11388053095e-15	6.06052772664e-14	6.24695160294e-19	4.59777134847e-09
0.0382	3.6756987089e-15	1.97065610407e-10	6.1784062266e-15	6.12449007554e-14	6.31288198444e-19	4.64627518422e-09
0.0384	3.73373108901e-15	2.00176651488e-10	6.24327063507e-15	6.18878817597e-14	6.37915845641e-19	4.69503330079e-09
0.0386	3.79237105073e-15	2.03320258899e-10	6.30847375631e-15	6.25342202782e-14	6.44578101882e-19	4.74404569471e-09
0.0388	3.85162175727e-15	2.06496602105e-10	6.37401559027e-15	6.31839163101e-14	6.51274967169e-19	4.79331236251e-09
0.039	3.91148637184e-15	2.09705850569e-10	6.4398961369e-15	6.38369698544e-14	6.58006441499e-19	4.84283330072e-09
0.0392	3.97196805761e-15	2.12948173753e-10	6.50611539616e-15	6.44933809103e-14	6.64772524871e-19	4.89260850587e-09
0.0394	4.03306997775e-15	2.16223741116e-10	6.57267336799e-15	6.51531494767e-14	6.71573217286e-19	4.94263797448e-09
0.0396	4.09479529542e-15	2.19532722115e-10	6.63957005235e-15	6.58162755527e-14	6.78408518743e-19	4.9929217031e-09
0.0398	4.15714717377e-15	2.22875286209e-10	6.70680544917e-15	6.64827591375e-14	6.85278429239e-19	5.04345968824e-09
0.04	4.22012877593e-15	2.26251602851e-10	6.77437955843e-15	6.71526002302e-14	6.92182948775e-19	5.09425192644e-09
0.0402	4.28374326501e-15	2.29661841496e-10	6.84229238005e-15	6.78257988297e-14	6.9912207735e-19	5.14529841423e-09
0.0404	4.34799380411e-15	2.33106171595e-10	6.91054391401e-15	6.85023549351e-14	7.06095814963e-19	5.19659914814e-09
0.0406	4.41288355634e-15	2.36584762598e-10	6.97913416024e-15	6.91822685457e-14	7.13104161614e-19	5.2481541247e-09
0.0408	4.47841568476e-15	2.40097783954e-10	7.0480631187e-15	6.98655396603e-14	7.201471173e-19	5.29996334043e-09
0.041	4.54459335245e-15	2.43645405111e-10	7.11733078933e-15	7.05521682781e-14	7.27224682022e-19	5.35202679187e-09
0.0412	4.61141972244e-15	2.47227795514e-10	7.18693717209e-15	7.12421543983e-14	7.34336855779e-19	5.40434447554e-09
0.0414	4.67889795779e-15	2.50845124606e-10	7.25688226693e-15	7.19354980197e-14	7.4148363857e-19	5.45691638799e-09
0.0416	4.74703122151e-15	2.54497561832e-10	7.3271660738e-15	7.26321991416e-14	7.48665030393e-19	5.50974252573e-09
0.0418	4.81582267662e-15	2.5818527663e-10	7.39778859265e-15	7.3332257763e-14	7.55881031249e-19	5.56282288529e-09
0.042	4.88527548612e-15	2.61908438441e-10	7.46874982342e-15	7.4035673883e-14	7.63131641137e-19	5.61615746322e-09
0.0422	4.95539281298e-15	2.65667216702e-10	7.54004976608e-15	7.47424475006e-14	7.70416860055e-19	5.66974625603e-09
0.0424	5.02617782019e-15	2.6946178085e-10	7.61168842057e-15	7.5452578615e-14	7.77736688003e-19	5.72358926026e-09
0.0426	5.0976336707e-15	2.73292300319e-10	7.68366578684e-15	7.61660672251e-14	7.8509112498e-19	5.77768647244e-09
0.0428	5.16976352745e-15	2.77158944542e-10	7.75598186484e-15	7.68829133302e-14	7.92480170985e-19	5.83203788909e-09
0.043	5.24257055338e-15	2.8106188295e-10	7.82863665452e-15	7.76031169292e-14	7.99903826018e-19	5.88664350676e-09
0.0432	5.31605791142e-15	2.85001284974e-10	7.90163015583e-15	7.83266780213e-14	8.07362090077e-19	5.94150332196e-09
0.0434	5.39022876445e-15	2.88977320041e-10	7.97496236873e-15	7.90535966054e-14	8.14854963162e-19	5.99661733123e-09
0.0436	5.46508627538e-15	2.92990157579e-10	8.04863329316e-15	7.97838726808e-14	8.22382445272e-19	6.0519855311e-09
0.0438	5.54063360708e-15	2.97039967012e-10	8.12264292907e-15	8.05175062464e-14	8.29944536406e-19	6.1076079181e-09
0.044	5.61687392243e-15	3.01126917765e-10	8.19699127642e-15	8.12544973014e-14	8.37541236564e-19	6.16348448876e-09
0.0442	5.69381038427e-15	3.05251179258e-10	8.27167833516e-15	8.19948458448e-14	8.45172545743e-19	6.2196152396e-09
0.0444	5.77144615544e-15	3.09412920913e-10	8.34670410522e-15	8.27385518757e-14	8.52838463945e-19	6.27600016717e-09
0.0446	5.84978439877e-15	3.13612312148e-10	8.42206858658e-15	8.34856153932e-14	8.60538991167e-19	6.33263926799e-09
0.0448	5.92882827707e-15	3.17849522381e-10	8.49777177917e-15	8.42360363964e-14	8.6827412741e-19	6.3895325386e-09
0.045	6.00858095315e-15	3.22124721028e-10	8.57381368295e-15	8.49898148842e-14	8.76043872672e-19	6.44667997551e-09
0.0452	6.08904558978e-15	3.26438077501e-10	8.65019429786e-15	8.57469508559e-14	8.83848226952e-19	6.50408157527e-09
0.0454	6.17022534975e-15	3.30789761215e-10	8.72691362387e-15	8.65074443104e-14	8.9168719025e-19	6.5617373344e-09
0.0456	6.25212339581e-15	3.3517994158e-10	8.80397166091e-15	8.72712952469e-14	8.99560762564e-19	6.61964724943e-09
0.0458	6.33474289071e-15	3.39608788006e-10	8.88136840894e-15	8.80385036645e-14	9.07468943895e-19	6.6778113169e-09
0.046	6.41808699718e-15	3.44076469899e-10	8.9591038679e-15	8.88090695621e-14	9.1541173424e-19	6.73622953333e-09
0.0462	6.50215887794e-15	3.48583156668e-10	9.03717803776e-15	8.9582992939e-14	9.23389133601e-19	6.79490189527e-09
0.0464	6.58696169571e-15	3.53129017715e-10	9.11559091846e-15	9.03602737941e-14	9.31401141974e-19	6.85382839922e-09
0.0466	6.67249861317e-15	3.57714222445e-10	9.19434250995e-15	9.11409121266e-14	9.3944775936e-19	6.91300904174e-09
0.0468	6.758772793e-15	3.62338940259e-10	9.27343281218e-15	9.19249079354e-14	9.47528985759e-19	6.97244381934e-09
0.047	6.84578739788e-15	3.67003340557e-10	9.3528618251e-15	9.27122612198e-14	9.55644821168e-19	7.03213272856e-09
0.0472	6.93354559046e-15	3.71707592737e-10	9.43262954867e-15	9.35029719787e-14	9.63795265588e-19	7.09207576594e-09
0.0474	7.02205053337e-15	3.76451866197e-10	9.51273598282e-15	9.42970402113e-14	9.71980319017e-19	7.15227292799e-09
0.0476	7.11130538925e-15	3.81236330331e-10	9.59318112752e-15	9.50944659166e-14	9.80199981455e-19	7.21272421125e-09
0.0478	7.2013133207e-15	3.86061154533e-10	9.67396498271e-15	9.58952490937e-14	9.884542529e-19	7.27342961226e-09
0.048	7.29207749034e-15	3.90926508195e-10	9.75508754835e-15	9.66993897417e-14	9.96743133353e-19	7.33438912755e-09
0.0482	7.38360106075e-15	3.95832560708e-10	9.83654882438e-15	9.75068878597e-14	1.00506662281e-18	7.39560275364e-09
0.0484	7.47588719451e-15	4.00779481461e-10	9.91834881076e-15	9.83177434466e-14	1.01342472128e-18	7.45707048706e-09
0.0486	7.56893905416e-15	4.05767439842e-10	1.00004875074e-14	9.91319565017e-14	1.02181742874e-18	7.51879232435e-09
0.0488	7.66275980228e-15	4.10796605235e-10	1.00829649143e-14	9.9949527024e-14	1.03024474522e-18	7.58076826204e-09
0.049	7.75735260138e-15	4.15867147026e-10	1.01657810315e-14	1.00770455013e-13	1.03870667069e-18	7.64299829666e-09
0.0492	7.852720614e-15	4.20979234596e-10	1.02489358587e-14	1.01594740466e-13	1.04720320517e-18	7.70548242474e-09
0.0494	7.94886700263e-15	4.26133037328e-10	1.03324293961e-14	1.02422383385e-13	1.05573434865e-18	7.76822064282e-09
0.0496	8.04579492978e-15	4.313287246e-10	1.04162616435e-14	1.03253383766e-13	1.06430010113e-18	7.83121294741e-09
0.0498	8.14350755793e-15	4.36566465791e-10	1.05004326009e-14	1.04087741611e-13	1.07290046261e-18	7.89445933506e-09
0.05	8.24200804954e-15	4.41846430277e-10	1.05849422682e-14	1.04925456917e-13	1.08153543309e-18	7.9579598023e-09
0.0502	8.34129956708e-15	4.47168787433e-10	1.06697906455e-14	1.05766529683e-13	1.09020501256e-18	8.02171434565e-09
0.0504	8.44138527298e-15	4.52533706632e-10	1.07549777326e-14	1.0661095991e-13	1.09890920104e-18	8.08572296166e-09
0.0506	8.54226832968e-15	4.57941357246e-10	1.08405035295e-14	1.07458747595e-13	1.1076479985e-18	8.14998564684e-09
0.0508	8.64395189959e-15	4.63391908644e-10	1.09263680361e-14	1.08309892739e-13	1.11642140497e-18	8.21450239774e-09
0.051	8.74643914511e-15	4.68885530196e-10	1.10125712525e-14	1.09164395339e-13	1.12522942043e-18	8.27927321087e-09
0.0512	8.84973322863e-15	4.74422391268e-10	1.10991131785e-14	1.10022255396e-13	1.13407204488e-18	8.34429808279e-09
0.0514	8.95383731253e-15	4.80002661226e-10	1.11859938141e-14	1.10883472907e-13	1.14294927833e-18	8.40957701001e-09
0.0516	9.05875455917e-15	4.85626509434e-10	1.12732131593e-14	1.11748047873e-13	1.15186112077e-18	8.47510998906e-09
0.0518	9.16448813091e-15	4.91294105254e-10	1.13607712139e-14	1.12615980292e-13	1.1608075722e-18	8.54089701649e-09
0.052	9.27104119007e-15	4.97005618046e-10	1.14486679781e-14	1.13487270164e-13	1.16978863262e-18	8.60693808882e-09
0.0522	9.37841689899e-15	5.02761217169e-10	1.15369034516e-14	1.14361917487e-13	1.17880430204e-18	8.67323320258e-09
0.0524	9.48661841996e-15	5.08561071982e-10	1.16254776345e-14	1.15239922261e-13	1.18785458044e-18	8.7397823543e-09
0.0526	9.5956489153e-15	5.1440535184e-10	1.17143905266e-14	1.16121284484e-13	1.19693946783e-18	8.80658554052e-09
0.0528	9.70551154728e-15	5.20294226097e-10	1.18036421281e-14	1.17006004156e-13	1.2060589642e-18	8.87364275777e-09
0.053	9.81620947817e-15	5.26227864107e-10	1.18932324387e-14	1.17894081276e-13	1.21521306957e-18	8.94095400258e-09
0.0532	9.92774587023e-15	5.3220643522e-10	1.19831614585e-14	1.18785515843e-13	1.22440178392e-18	9.00851927148e-09
0.0534	1.00401238857e-14	5.38230108786e-10	1.20734291874e-14	1.19680307855e-13	1.23362510725e-18	9.07633856101e-09
0.0536	1.01533466868e-14	5.44299054154e-10	1.21640356254e-14	1.20578457313e-13	1.24288303957e-18	9.14441186769e-09
0.0538	1.02674174358e-14	5.50413440669e-10	1.22549807723e-14	1.21479964215e-13	1.25217558087e-18	9.21273918805e-09
0.054	1.03823392949e-14	5.56573437677e-10	1.23462646283e-14	1.2238482856e-13	1.26150273115e-18	9.28132051864e-09
0.0542	1.04981154262e-14	5.62779214522e-10	1.24378871931e-14	1.23293050347e-13	1.27086449042e-18	9.35015585598e-09
0.0544	1.06147489919e-14	5.69030940544e-10	1.25298484668e-14	1.24204629576e-13	1.28026085867e-18	9.4192451966e-09
0.0546	1.07322431543e-14	5.75328785084e-10	1.26221484493e-14	1.25119566244e-13	1.2896918359e-18	9.48858853703e-09
0.0548	1.08506010754e-14	5.81672917481e-10	1.27147871406e-14	1.26037860353e-13	1.2991574221e-18	9.55818587382e-09
0.055	1.09698259174e-14	5.88063507073e-10	1.28077645406e-14	1.269595119e-13	1.30865761729e-18	9.62803720348e-09
0.0552	1.10899208424e-14	5.94500723193e-10	1.29010806492e-14	1.27884520885e-13	1.31819242145e-18	9.69814252255e-09
0.0554	1.12108890125e-14	6.00984735177e-10	1.29947354664e-14	1.28812887306e-13	1.32776183459e-18	9.76850182757e-09
0.0556	1.13327335898e-14	6.07515712357e-10	1.30887289923e-14	1.29744611163e-13	1.3373658567e-18	9.83911511507e-09
0.0558	1.14554577365e-14	6.14093824063e-10	1.31830612266e-14	1.30679692455e-13	1.3470044878e-18	9.90998238157e-09
0.056	1.15790646146e-14	6.20719239626e-10	1.32777321694e-14	1.31618131181e-13	1.35667772786e-18	9.98110362362e-09
0.0562	1.1703557386e-14	6.27392128371e-10	1.33727418206e-14	1.3255992734e-13	1.3663855769e-18	1.00524788377e-08
0.0564	1.1828939213e-14	6.34112659626e-10	1.34680901801e-14	1.33505080931e-13	1.37612803491e-18	1.01241080205e-08
0.0566	1.19552132575e-14	6.40881002716e-10	1.3563777248e-14	1.34453591953e-13	1.3859051019e-18	1.01959911683e-08
0.0568	1.20823826815e-14	6.47697326962e-10	1.36598030242e-14	1.35405460406e-13	1.39571677785e-18	1.02681282778e-08
0.057	1.22104506471e-14	6.54561801686e-10	1.37561675085e-14	1.36360686287e-13	1.40556306278e-18	1.03405193456e-08
0.0572	1.23394203162e-14	6.61474596209e-10	1.38528707011e-14	1.37319269598e-13	1.41544395667e-18	1.0413164368e-08
0.0574	1.24692948509e-14	6.68435879848e-10	1.39499126017e-14	1.38281210335e-13	1.42535945953e-18	1.04860633418e-08
0.0576	1.2600077413e-14	6.7544582192e-10	1.40472932104e-14	1.392465085e-13	1.43530957137e-18	1.05592162633e-08
0.0578	1.27317711645e-14	6.82504591741e-10	1.41450125271e-14	1.40215164089e-13	1.44529429216e-18	1.06326231292e-08
0.058	1.28643792674e-14	6.89612358622e-10	1.42430705518e-14	1.41187177104e-13	1.45531362193e-18	1.07062839359e-08
0.0582	1.29979048836e-14	6.96769291878e-10	1.43414672845e-14	1.42162547542e-13	1.46536756066e-18	1.07801986801e-08
0.0584	1.31323511751e-14	7.03975560817e-10	1.44402027249e-14	1.43141275404e-13	1.47545610835e-18	1.08543673581e-08
0.0586	1.32677213036e-14	7.11231334749e-10	1.45392768733e-14	1.44123360687e-13	1.48557926501e-18	1.09287899666e-08
0.0588	1.34040184312e-14	7.18536782981e-10	1.46386897293e-14	1.45108803391e-13	1.49573703063e-18	1.10034665022e-08
0.059	1.35412457196e-14	7.25892074819e-10	1.47384412931e-14	1.46097603515e-13	1.50592940522e-18	1.10783969612e-08
0.0592	1.36794063307e-14	7.33297379566e-10	1.48385315646e-14	1.47089761059e-13	1.51615638876e-18	1.11535813403e-08
0.0594	1.38185034265e-14	7.40752866526e-10	1.49389605437e-14	1.4808527602e-13	1.52641798127e-18	1.1229019636e-08
0.0596	1.39585401686e-14	7.48258704998e-10	1.50397282303e-14	1.49084148399e-13	1.53671418274e-18	1.13047118449e-08
0.0598	1.4099519719e-14	7.55815064283e-10	1.51408346245e-14	1.50086378195e-13	1.54704499316e-18	1.13806579634e-08
0.06	1.42414452394e-14	7.63422113679e-10	1.52422797262e-14	1.51091965406e-13	1.55741041254e-18	1.1456857988e-08
0.0602	1.43843198917e-14	7.7108002248e-10	1.53440635352e-14	1.52100910031e-13	1.56781044088e-18	1.15333119155e-08
0.0604	1.45281468376e-14	7.78788959983e-10	1.54461860517e-14	1.5311321207e-13	1.57824507818e-18	1.16100197421e-08
0.0606	1.46729292388e-14	7.8654909548e-10	1.55486472755e-14	1.54128871522e-13	1.58871432443e-18	1.16869814646e-08
0.0608	1.48186702572e-14	7.94360598263e-10	1.56514472065e-14	1.55147888385e-13	1.59921817964e-18	1.17641970794e-08
0.061	1.49653730545e-14	8.02223637621e-10	1.57545858448e-14	1.5617026266e-13	1.6097566438e-18	1.1841666583e-08
0.0612	1.51130407924e-14	8.10138382844e-10	1.58580631902e-14	1.57195994344e-13	1.62032971691e-18	1.19193899721e-08
0.0614	1.52616766326e-14	8.18105003217e-10	1.59618792428e-14	1.58225083438e-13	1.63093739898e-18	1.1997367243e-08
0.0616	1.54112837369e-14	8.26123668026e-10	1.60660340025e-14	1.59257529939e-13	1.64157969e-18	1.20755983924e-08
0.0618	1.55618652668e-14	8.34194546555e-10	1.61705274691e-14	1.60293333848e-13	1.65225658997e-18	1.21540834168e-08
0.062	1.57134243842e-14	8.42317808085e-10	1.62753596428e-14	1.61332495162e-13	1.66296809889e-18	1.22328223128e-08
0.0622	1.58659642506e-14	8.50493621898e-10	1.63805305234e-14	1.62375013883e-13	1.67371421676e-18	1.23118150768e-08
0.0624	1.60194880277e-14	8.58722157271e-10	1.64860401109e-14	1.63420890007e-13	1.68449494357e-18	1.23910617053e-08
0.0626	1.61739988771e-14	8.67003583483e-10	1.65918884051e-14	1.64470123535e-13	1.69531027934e-18	1.2470562195e-08
0.0628	1.63294999605e-14	8.7533806981e-10	1.66980754062e-14	1.65522714466e-13	1.70616022405e-18	1.25503165424e-08
0.063	1.64859944394e-14	8.83725785525e-10	1.6804601114e-14	1.66578662798e-13	1.71704477771e-18	1.26303247439e-08
0.0632	1.66434854755e-14	8.921668999e-10	1.69114655285e-14	1.67637968531e-13	1.72796394031e-18	1.27105867962e-08
0.0634	1.68019762304e-14	9.00661582209e-10	1.70186686496e-14	1.68700631664e-13	1.73891771186e-18	1.27911026958e-08
0.0636	1.69614698655e-14	9.09210001718e-10	1.71262104773e-14	1.69766652195e-13	1.74990609235e-18	1.28718724391e-08
0.0638	1.71219695426e-14	9.17812327698e-10	1.72340910115e-14	1.70836030125e-13	1.76092908178e-18	1.29528960227e-08
0.064	1.7283478423e-14	9.26468729413e-10	1.73423102523e-14	1.71908765451e-13	1.77198668015e-18	1.30341734432e-08
0.0642	1.74459996684e-14	9.35179376129e-10	1.74508681994e-14	1.72984858174e-13	1.78307888747e-18	1.31157046971e-08
0.0644	1.76095364402e-14	9.43944437109e-10	1.75597648529e-14	1.74064308291e-13	1.79420570372e-18	1.31974897809e-08
0.0646	1.77740919e-14	9.52764081614e-10	1.76690002128e-14	1.75147115803e-13	1.80536712892e-18	1.32795286912e-08
0.0648	1.79396692093e-14	9.61638478905e-10	1.77785742789e-14	1.76233280709e-13	1.81656316305e-18	1.33618214245e-08
0.065	1.81062715294e-14	9.70567798241e-10	1.78884870513e-14	1.77322803006e-13	1.82779380612e-18	1.34443679773e-08
0.0652	1.8273902022e-14	9.79552208877e-10	1.79987385299e-14	1.78415682695e-13	1.83905905813e-18	1.35271683461e-08
0.0654	1.84425638484e-14	9.88591880069e-10	1.81093287146e-14	1.79511919775e-13	1.85035891908e-18	1.36102225276e-08
0.0656	1.86122601701e-14	9.97686981072e-10	1.82202576054e-14	1.80611514244e-13	1.86169338896e-18	1.36935305182e-08
0.0658	1.87829941484e-14	1.00683768114e-09	1.83315252022e-14	1.81714466102e-13	1.87306246777e-18	1.37770923144e-08
0.066	1.89547689449e-14	1.01604414952e-09	1.8443131505e-14	1.82820775348e-13	1.88446615552e-18	1.38609079128e-08
0.0662	1.91275877209e-14	1.02530655546e-09	1.85550765137e-14	1.83930441981e-13	1.8959044522e-18	1.394497731e-08
0.0664	1.93014536378e-14	1.03462506821e-09	1.86673602284e-14	1.85043465999e-13	1.90737735781e-18	1.40293005024e-08
0.0666	1.94763698569e-14	1.04399985701e-09	1.87799826489e-14	1.86159847403e-13	1.91888487236e-18	1.41138774867e-08
0.0668	1.96523395397e-14	1.05343109112e-09	1.88929437751e-14	1.8727958619e-13	1.93042699583e-18	1.41987082592e-08
0.067	1.98293658474e-14	1.06291893976e-09	1.90062436071e-14	1.88402682361e-13	1.94200372823e-18	1.42837928166e-08
0.0672	2.00074519414e-14	1.0724635722e-09	1.91198821448e-14	1.89529135914e-13	1.95361506957e-18	1.43691311554e-08
0.0674	2.0186600983e-14	1.08206515765e-09	1.92338593882e-14	1.90658946849e-13	1.96526101983e-18	1.44547232722e-08
0.0676	2.03668161336e-14	1.09172386537e-09	1.93481753371e-14	1.91792115163e-13	1.97694157902e-18	1.45405691634e-08
0.0678	2.05481005543e-14	1.10143986458e-09	1.94628299915e-14	1.92928640857e-13	1.98865674713e-18	1.46266688256e-08
0.068	2.07304574066e-14	1.11121332453e-09	1.95778233515e-14	1.9406852393e-13	2.00040652417e-18	1.47130222554e-08
0.0682	2.09138898516e-14	1.12104441444e-09	1.96931554169e-14	1.9521176438e-13	2.01219091014e-18	1.47996294492e-08
0.0684	2.10984010506e-14	1.13093330355e-09	1.98088261877e-14	1.96358362208e-13	2.02400990502e-18	1.48864904036e-08
0.0686	2.12839941648e-14	1.14088016109e-09	1.99248356638e-14	1.9750831741e-13	2.03586350884e-18	1.49736051152e-08
0.0688	2.14706723555e-14	1.15088515629e-09	2.00411838453e-14	1.98661629988e-13	2.04775172157e-18	1.50609735804e-08
0.069	2.16584387839e-14	1.16094845837e-09	2.01578707319e-14	1.9981829994e-13	2.05967454323e-18	1.51485957958e-08
0.0692	2.18472966111e-14	1.17107023656e-09	2.02748963238e-14	2.00978327264e-13	2.0716319738e-18	1.5236471758e-08
0.0694	2.20372489984e-14	1.18125066009e-09	2.03922606208e-14	2.02141711961e-13	2.0836240133e-18	1.53246014635e-08
0.0696	2.2228299107e-14	1.19148989817e-09	2.05099636229e-14	2.03308454029e-13	2.09565066171e-18	1.54129849088e-08
0.0698	2.24204500979e-14	1.20178812002e-09	2.06280053301e-14	2.04478553467e-13	2.10771191905e-18	1.55016220904e-08
0.07	2.26137051324e-14	1.21214549487e-09	2.07463857423e-14	2.05652010274e-13	2.1198077853e-18	1.55905130049e-08
0.0702	2.28080673715e-14	1.22256219194e-09	2.08651048594e-14	2.0682882445e-13	2.13193826046e-18	1.56796576488e-08
0.0704	2.30035399765e-14	1.23303838043e-09	2.09841626814e-14	2.08008995993e-13	2.14410334455e-18	1.57690560186e-08
0.0706	2.32001261083e-14	1.24357422957e-09	2.11035592082e-14	2.09192524903e-13	2.15630303754e-18	1.58587081109e-08
0.0708	2.33978289281e-14	1.25416990856e-09	2.12232944399e-14	2.10379411178e-13	2.16853733946e-18	1.59486139223e-08
0.071	2.3596651597e-14	1.26482558663e-09	2.13433683763e-14	2.11569654818e-13	2.18080625028e-18	1.60387734492e-08
0.0712	2.37965972761e-14	1.27554143297e-09	2.14637810174e-14	2.12763255822e-13	2.19310977002e-18	1.61291866882e-08
0.0714	2.39976691263e-14	1.2863176168e-09	2.15845323631e-14	2.13960214188e-13	2.20544789867e-18	1.62198536358e-08
0.0716	2.41998703087e-14	1.29715430732e-09	2.17056224134e-14	2.15160529917e-13	2.21782063623e-18	1.63107742886e-08
0.0718	2.44032039844e-14	1.30805167373e-09	2.18270511683e-14	2.16364203006e-13	2.2302279827e-18	1.6401948643e-08
0.072	2.46076733144e-14	1.31900988525e-09	2.19488186277e-14	2.17571233456e-13	2.24266993808e-18	1.64933766957e-08
0.0722	2.48132814596e-14	1.33002911107e-09	2.20709247916e-14	2.18781621265e-13	2.25514650237e-18	1.65850584431e-08
0.0724	2.50200315811e-14	1.3411095204e-09	2.21933696599e-14	2.19995366432e-13	2.26765767556e-18	1.66769938819e-08
0.0726	2.52279268398e-14	1.35225128243e-09	2.23161532325e-14	2.21212468956e-13	2.28020345767e-18	1.67691830084e-08
0.0728	2.54369703968e-14	1.36345456635e-09	2.24392755094e-14	2.22432928837e-13	2.29278384868e-18	1.68616258194e-08
0.073	2.56471654128e-14	1.37471954138e-09	2.25627364905e-14	2.23656746073e-13	2.30539884859e-18	1.69543223112e-08
0.0732	2.58585150489e-14	1.38604637669e-09	2.26865361759e-14	2.24883920663e-13	2.31804845741e-18	1.70472724804e-08
0.0734	2.60710224661e-14	1.39743524148e-09	2.28106745654e-14	2.26114452608e-13	2.33073267513e-18	1.71404763237e-08
0.0736	2.62846908251e-14	1.40888630495e-09	2.29351516591e-14	2.27348341905e-13	2.34345150175e-18	1.72339338374e-08
0.0738	2.64995232869e-14	1.42039973628e-09	2.30599674568e-14	2.28585588553e-13	2.35620493728e-18	1.73276450182e-08
0.074	2.67155230124e-14	1.43197570465e-09	2.31851219584e-14	2.29826192553e-13	2.36899298171e-18	1.74216098626e-08
0.0742	2.69326931624e-14	1.44361437927e-09	2.33106151641e-14	2.31070153902e-13	2.38181563503e-18	1.7515828367e-08
0.0744	2.71510368978e-14	1.4553159293e-09	2.34364470737e-14	2.32317472601e-13	2.39467289726e-18	1.76103005281e-08
0.0746	2.73705573795e-14	1.46708052394e-09	2.35626176871e-14	2.33568148647e-13	2.40756476839e-18	1.77050263424e-08
0.0748	2.75912577682e-14	1.47890833236e-09	2.36891270043e-14	2.34822182041e-13	2.42049124841e-18	1.78000058064e-08
0.075	2.78131412248e-14	1.49079952375e-09	2.38159750253e-14	2.36079572781e-13	2.43345233733e-18	1.78952389167e-08
0.0752	2.80362109101e-14	1.50275426728e-09	2.394316175e-14	2.37340320866e-13	2.44644803515e-18	1.79907256697e-08
0.0754	2.82604699849e-14	1.51477273213e-09	2.40706871783e-14	2.38604426296e-13	2.45947834186e-18	1.80864660621e-08
0.0756	2.84859216099e-14	1.52685508748e-09	2.41985513103e-14	2.39871889069e-13	2.47254325747e-18	1.81824600903e-08
0.0758	2.8712568946e-14	1.5390015025e-09	2.43267541458e-14	2.41142709184e-13	2.48564278197e-18	1.82787077509e-08
0.076	2.89404151538e-14	1.55121214635e-09	2.44552956848e-14	2.42416886641e-13	2.49877691536e-18	1.83752090405e-08
0.0762	2.91694633941e-14	1.56348718822e-09	2.45841759273e-14	2.43694421439e-13	2.51194565765e-18	1.84719639555e-08
0.0764	2.93997168276e-14	1.57582679727e-09	2.47133948732e-14	2.44975313577e-13	2.52514900882e-18	1.85689724925e-08
0.0766	2.9631178615e-14	1.58823114267e-09	2.48429525225e-14	2.46259563053e-13	2.53838696889e-18	1.8666234648e-08
0.0768	2.98638519171e-14	1.60070039358e-09	2.49728488751e-14	2.47547169868e-13	2.55165953785e-18	1.87637504186e-08
0.077	3.00977398944e-14	1.61323471917e-09	2.51030839309e-14	2.48838134019e-13	2.56496671569e-18	1.88615198008e-08
0.0772	3.03328457078e-14	1.6258342886e-09	2.523365769e-14	2.50132455506e-13	2.57830850243e-18	1.89595427912e-08
0.0774	3.05691725177e-14	1.63849927103e-09	2.53645701522e-14	2.51430134329e-13	2.59168489805e-18	1.90578193862e-08
0.0776	3.0806723485e-14	1.65122983562e-09	2.54958213176e-14	2.52731170486e-13	2.60509590256e-18	1.91563495825e-08
0.0778	3.10455017701e-14	1.66402615153e-09	2.5627411186e-14	2.54035563976e-13	2.61854151595e-18	1.92551333765e-08
0.078	3.12855105338e-14	1.67688838792e-09	2.57593397574e-14	2.55343314798e-13	2.63202173823e-18	1.93541707647e-08
0.0782	3.15267529366e-14	1.68981671393e-09	2.58916070318e-14	2.56654422952e-13	2.64553656939e-18	1.94534617438e-08
0.0784	3.17692321391e-14	1.70281129873e-09	2.60242130091e-14	2.57968888436e-13	2.65908600944e-18	1.95530063103e-08
0.0786	3.20129513019e-14	1.71587231147e-09	2.61571576893e-14	2.5928671125e-13	2.67267005837e-18	1.96528044606e-08
0.0788	3.22579135855e-14	1.72899992129e-09	2.62904410723e-14	2.60607891393e-13	2.68628871617e-18	1.97528561914e-08
0.079	3.25041221506e-14	1.74219429734e-09	2.6424063158e-14	2.61932428864e-13	2.69994198286e-18	1.98531614991e-08
0.0792	3.27515801576e-14	1.75545560877e-09	2.65580239465e-14	2.63260323661e-13	2.71362985843e-18	1.99537203804e-08
0.0794	3.3000290767e-14	1.76878402473e-09	2.66923234377e-14	2.64591575784e-13	2.72735234288e-18	2.00545328316e-08
0.0796	3.32502571395e-14	1.78217971436e-09	2.68269616314e-14	2.65926185232e-13	2.74110943621e-18	2.01555988495e-08
0.0798	3.35014824354e-14	1.7956428468e-09	2.69619385278e-14	2.67264152004e-13	2.75490113842e-18	2.02569184304e-08
0.08	3.37539698153e-14	1.80917359119e-09	2.70972541266e-14	2.686054761e-13	2.7687274495e-18	2.0358491571e-08
0.0802	3.40077224396e-14	1.82277211668e-09	2.7232908428e-14	2.69950157517e-13	2.78258836945e-18	2.04603182678e-08
0.0804	3.42627434688e-14	1.83643859239e-09	2.73689014317e-14	2.71298196256e-13	2.79648389829e-18	2.05623985173e-08
0.0806	3.45190360633e-14	1.85017318747e-09	2.75052331378e-14	2.72649592315e-13	2.81041403599e-18	2.0664732316e-08
0.0808	3.47766033836e-14	1.86397607105e-09	2.76419035463e-14	2.74004345694e-13	2.82437878257e-18	2.07673196605e-08
0.081	3.50354485901e-14	1.87784741225e-09	2.7778912657e-14	2.75362456391e-13	2.83837813803e-18	2.08701605474e-08
0.0812	3.52955748431e-14	1.89178738023e-09	2.791626047e-14	2.76723924406e-13	2.85241210235e-18	2.09732549731e-08
0.0814	3.55569853031e-14	1.90579614409e-09	2.80539469851e-14	2.78088749738e-13	2.86648067554e-18	2.10766029342e-08
0.0816	3.58196831305e-14	1.91987387298e-09	2.81919722023e-14	2.79456932385e-13	2.88058385761e-18	2.11802044272e-08
0.0818	3.60836714857e-14	1.93402073601e-09	2.83303361216e-14	2.80828472347e-13	2.89472164854e-18	2.12840594487e-08
0.082	3.63489535288e-14	1.94823690232e-09	2.8469038743e-14	2.82203369623e-13	2.90889404835e-18	2.13881679953e-08
0.0822	3.66155324204e-14	1.96252254102e-09	2.86080800663e-14	2.83581624212e-13	2.92310105702e-18	2.14925300633e-08
0.0824	3.68834113208e-14	1.97687782124e-09	2.87474600916e-14	2.84963236113e-13	2.93734267456e-18	2.15971456494e-08
0.0826	3.71525933902e-14	1.9913029121e-09	2.88871788187e-14	2.86348205325e-13	2.95161890096e-18	2.17020147502e-08
0.0828	3.74230817889e-14	2.00579798272e-09	2.90272362476e-14	2.87736531847e-13	2.96592973623e-18	2.18071373621e-08
0.083	3.76948796773e-14	2.0203632022e-09	2.91676323784e-14	2.89128215679e-13	2.98027518036e-18	2.19125134817e-08
0.0832	3.79679902156e-14	2.03499873968e-09	2.93083672108e-14	2.90523256819e-13	2.99465523336e-18	2.20181431055e-08
0.0834	3.8242416564e-14	2.04970476426e-09	2.9449440745e-14	2.91921655266e-13	3.00906989522e-18	2.21240262301e-08
0.0836	3.85181618829e-14	2.06448144505e-09	2.95908529807e-14	2.9332341102e-13	3.02351916594e-18	2.22301628519e-08
0.0838	3.87952293324e-14	2.07932895118e-09	2.97326039181e-14	2.9472852408e-13	3.03800304552e-18	2.23365529676e-08
0.084	3.90736220728e-14	2.09424745173e-09	2.9874693557e-14	2.96136994444e-13	3.05252153397e-18	2.24431965737e-08
0.0842	3.93533432642e-14	2.10923711583e-09	3.00171218973e-14	2.97548822112e-13	3.06707463127e-18	2.25500936667e-08
0.0844	3.9634396067e-14	2.12429811258e-09	3.01598889391e-14	2.98964007083e-13	3.08166233743e-18	2.26572442431e-08
0.0846	3.99167836411e-14	2.13943061108e-09	3.03029946823e-14	3.00382549355e-13	3.09628465245e-18	2.27646482995e-08
0.0848	4.02005091469e-14	2.15463478044e-09	3.04464391268e-14	3.01804448929e-13	3.11094157633e-18	2.28723058325e-08
0.085	4.04855757444e-14	2.16991078976e-09	3.05902222726e-14	3.03229705803e-13	3.12563310906e-18	2.29802168384e-08
0.0852	4.07719865939e-14	2.18525880813e-09	3.07343441196e-14	3.04658319976e-13	3.14035925065e-18	2.3088381314e-08
0.0854	4.10597448554e-14	2.20067900466e-09	3.08788046678e-14	3.06090291447e-13	3.15512000109e-18	2.31967992557e-08
0.0856	4.1348853689e-14	2.21617154844e-09	3.10236039171e-14	3.07525620215e-13	3.16991536039e-18	2.33054706601e-08
0.0858	4.16393162549e-14	2.23173660858e-09	3.11687418676e-14	3.0896430628e-13	3.18474532854e-18	2.34143955237e-08
0.086	4.19311357131e-14	2.24737435415e-09	3.1314218519e-14	3.1040634964e-13	3.19960990554e-18	2.3523573843e-08
0.0862	4.22243152237e-14	2.26308495425e-09	3.14600338715e-14	3.11851750295e-13	3.2145090914e-18	2.36330056146e-08
0.0864	4.25188579468e-14	2.27886857798e-09	3.16061879249e-14	3.13300508243e-13	3.2294428861e-18	2.3742690835e-08
0.0866	4.28147670425e-14	2.29472539442e-09	3.17526806791e-14	3.14752623484e-13	3.24441128965e-18	2.38526295007e-08
0.0868	4.31120456706e-14	2.31065557266e-09	3.18995121342e-14	3.16208096016e-13	3.25941430206e-18	2.39628216084e-08
0.087	4.34106969914e-14	2.32665928179e-09	3.20466822901e-14	3.1766692584e-13	3.27445192331e-18	2.40732671544e-08
0.0872	4.37107241647e-14	2.34273669088e-09	3.21941911468e-14	3.19129112953e-13	3.28952415341e-18	2.41839661354e-08
0.0874	4.40121303506e-14	2.35888796903e-09	3.23420387041e-14	3.20594657356e-13	3.30463099235e-18	2.4294918548e-08
0.0876	4.43149187091e-14	2.37511328531e-09	3.2490224962e-14	3.22063559046e-13	3.31977244014e-18	2.44061243885e-08
0.0878	4.46190924001e-14	2.3914128088e-09	3.26387499206e-14	3.23535818023e-13	3.33494849678e-18	2.45175836537e-08
0.088	4.49246545836e-14	2.40778670858e-09	3.27876135797e-14	3.25011434287e-13	3.35015916226e-18	2.46292963399e-08
0.0882	4.52316084195e-14	2.42423515373e-09	3.29368159393e-14	3.26490407836e-13	3.36540443658e-18	2.47412624438e-08
0.0884	4.55399570678e-14	2.44075831331e-09	3.30863569993e-14	3.2797273867e-13	3.38068431974e-18	2.48534819619e-08
0.0886	4.58497036883e-14	2.45735635642e-09	3.32362367597e-14	3.29458426786e-13	3.39599881175e-18	2.49659548907e-08
0.0888	4.6160851441e-14	2.4740294521e-09	3.33864552205e-14	3.30947472186e-13	3.4113479126e-18	2.50786812268e-08
0.089	4.64734034858e-14	2.49077776945e-09	3.35370123815e-14	3.32439874867e-13	3.42673162229e-18	2.51916609667e-08
0.0892	4.67873629825e-14	2.50760147751e-09	3.36879082428e-14	3.33935634828e-13	3.44214994081e-18	2.53048941069e-08
0.0894	4.7102733091e-14	2.52450074537e-09	3.38391428043e-14	3.35434752069e-13	3.45760286818e-18	2.5418380644e-08
0.0896	4.74195169711e-14	2.54147574208e-09	3.39907160659e-14	3.3693722659e-13	3.47309040438e-18	2.55321205744e-08
0.0898	4.77377177827e-14	2.55852663672e-09	3.41426280276e-14	3.38443058388e-13	3.48861254942e-18	2.56461138949e-08
0.09	4.80573386857e-14	2.57565359833e-09	3.42948786894e-14	3.39952247463e-13	3.50416930329e-18	2.57603606018e-08
0.0902	4.83783828397e-14	2.59285679599e-09	3.44474680512e-14	3.41464793814e-13	3.519760666e-18	2.58748606918e-08
0.0904	4.87008534047e-14	2.61013639874e-09	3.46003961129e-14	3.4298069744e-13	3.53538663755e-18	2.59896141613e-08
0.0906	4.90247535404e-14	2.62749257566e-09	3.47536628745e-14	3.4449995834e-13	3.55104721793e-18	2.61046210069e-08
0.0908	4.93500864065e-14	2.64492549579e-09	3.49072683359e-14	3.46022576514e-13	3.56674240714e-18	2.62198812251e-08
0.091	4.96768551629e-14	2.66243532819e-09	3.50612124972e-14	3.4754855196e-13	3.58247220518e-18	2.63353948126e-08
0.0912	5.00050629692e-14	2.68002224191e-09	3.52154953582e-14	3.49077884677e-13	3.59823661205e-18	2.64511617657e-08
0.0914	5.03347129852e-14	2.697686406e-09	3.53701169189e-14	3.50610574665e-13	3.61403562776e-18	2.65671820811e-08
0.0916	5.06658083706e-14	2.71542798952e-09	3.55250771792e-14	3.52146621922e-13	3.62986925229e-18	2.66834557553e-08
0.0918	5.09983522852e-14	2.7332471615e-09	3.56803761392e-14	3.53686026449e-13	3.64573748565e-18	2.67999827848e-08
0.092	5.13323478886e-14	2.751144091e-09	3.58360137986e-14	3.55228788243e-13	3.66164032784e-18	2.69167631661e-08
0.0922	5.16677983404e-14	2.76911894706e-09	3.59919901576e-14	3.56774907303e-13	3.67757777886e-18	2.70337968959e-08
0.0924	5.20047068004e-14	2.78717189873e-09	3.61483052161e-14	3.5832438363e-13	3.6935498387e-18	2.71510839706e-08
0.0926	5.23430764282e-14	2.80530311504e-09	3.63049589739e-14	3.59877217221e-13	3.70955650737e-18	2.72686243868e-08
0.0928	5.26829103835e-14	2.82351276504e-09	3.64619514311e-14	3.61433408077e-13	3.72559778486e-18	2.7386418141e-08
0.093	5.30242118258e-14	2.84180101776e-09	3.66192825876e-14	3.62992956196e-13	3.74167367118e-18	2.75044652298e-08
0.0932	5.33669839147e-14	2.86016804225e-09	3.67769524434e-14	3.64555861577e-13	3.75778416632e-18	2.76227656496e-08
0.0934	5.371122981e-14	2.87861400753e-09	3.69349609983e-14	3.66122124219e-13	3.77392927028e-18	2.77413193971e-08
0.0936	5.40569526711e-14	2.89713908264e-09	3.70933082524e-14	3.67691744121e-13	3.79010898306e-18	2.78601264688e-08
0.0938	5.44041556576e-14	2.91574343662e-09	3.72519942057e-14	3.69264721283e-13	3.80632330466e-18	2.79791868611e-08
0.094	5.47528419292e-14	2.93442723849e-09	3.74110188579e-14	3.70841055704e-13	3.82257223509e-18	2.80985005707e-08
0.0942	5.51030146452e-14	2.95319065728e-09	3.75703822092e-14	3.72420747382e-13	3.83885577433e-18	2.82180675941e-08
0.0944	5.54546769654e-14	2.97203386202e-09	3.77300842594e-14	3.74003796317e-13	3.85517392239e-18	2.83378879279e-08
0.0946	5.58078320491e-14	2.99095702174e-09	3.78901250086e-14	3.75590202507e-13	3.87152667926e-18	2.84579615684e-08
0.0948	5.61624830559e-14	3.00996030546e-09	3.80505044565e-14	3.77179965952e-13	3.88791404496e-18	2.85782885124e-08
0.095	5.65186331453e-14	3.02904388221e-09	3.82112226033e-14	3.78773086652e-13	3.90433601946e-18	2.86988687563e-08
0.0952	5.68762854767e-14	3.048207921e-09	3.83722794489e-14	3.80369564604e-13	3.92079260279e-18	2.88197022967e-08
0.0954	5.72354432097e-14	3.06745259085e-09	3.85336749932e-14	3.81969399808e-13	3.93728379492e-18	2.89407891301e-08
0.0956	5.75961095036e-14	3.08677806079e-09	3.86954092361e-14	3.83572592263e-13	3.95380959587e-18	2.90621292531e-08
0.0958	5.7958287518e-14	3.10618449982e-09	3.88574821776e-14	3.85179141969e-13	3.97037000564e-18	2.91837226621e-08
0.096	5.83219804122e-14	3.12567207697e-09	3.90198938177e-14	3.86789048923e-13	3.98696502421e-18	2.93055693538e-08
0.0962	5.86871913457e-14	3.14524096125e-09	3.91826441563e-14	3.88402313126e-13	4.00359465159e-18	2.94276693246e-08
0.0964	5.90539234778e-14	3.16489132167e-09	3.93457331934e-14	3.90018934577e-13	4.02025888779e-18	2.95500225712e-08
0.0966	5.94221799679e-14	3.18462332724e-09	3.95091609288e-14	3.91638913274e-13	4.03695773279e-18	2.967262909e-08
0.0968	5.97919639755e-14	3.20443714697e-09	3.96729273627e-14	3.93262249216e-13	4.0536911866e-18	2.97954888776e-08
0.097	6.01632786599e-14	3.22433294986e-09	3.98370324948e-14	3.94888942404e-13	4.07045924922e-18	2.99186019305e-08
0.0972	6.05361271804e-14	3.24431090492e-09	4.00014763252e-14	3.96518992835e-13	4.08726192065e-18	3.00419682453e-08
0.0974	6.09105126963e-14	3.26437118116e-09	4.01662588538e-14	3.98152400508e-13	4.10409920088e-18	3.01655878184e-08
0.0976	6.1286438367e-14	3.28451394758e-09	4.03313800806e-14	3.99789165424e-13	4.12097108992e-18	3.02894606466e-08
0.0978	6.16639073518e-14	3.30473937318e-09	4.04968400055e-14	4.01429287581e-13	4.13787758776e-18	3.04135867262e-08
0.098	6.204292281e-14	3.32504762695e-09	4.06626386285e-14	4.03072766977e-13	4.1548186944e-18	3.05379660538e-08
0.0982	6.24234879008e-14	3.3454388779e-09	4.08287759494e-14	4.04719603613e-13	4.17179440985e-18	3.06625986259e-08
0.0984	6.28056057836e-14	3.36591329502e-09	4.09952519684e-14	4.06369797487e-13	4.18880473409e-18	3.07874844392e-08
0.0986	6.31892796175e-14	3.38647104731e-09	4.11620666852e-14	4.08023348598e-13	4.20584966714e-18	3.09126234901e-08
0.0988	6.35745125619e-14	3.40711230375e-09	4.13292201e-14	4.09680256946e-13	4.22292920899e-18	3.10380157752e-08
0.099	6.39613077759e-14	3.42783723335e-09	4.14967122125e-14	4.11340522529e-13	4.24004335964e-18	3.1163661291e-08
0.0992	6.43496684188e-14	3.44864600509e-09	4.16645430228e-14	4.13004145346e-13	4.25719211909e-18	3.1289560034e-08
0.0994	6.47395976497e-14	3.46953878796e-09	4.18327125308e-14	4.14671125397e-13	4.27437548733e-18	3.14157120008e-08
0.0996	6.51310986279e-14	3.49051575094e-09	4.20012207365e-14	4.16341462681e-13	4.29159346437e-18	3.1542117188e-08
0.0998	6.55241745125e-14	3.51157706302e-09	4.21700676398e-14	4.18015157196e-13	4.30884605021e-18	3.1668775592e-08
0.1	6.59188284627e-14	3.53272289319e-09	4.23392532407e-14	4.19692208942e-13	4.32613324484e-18	3.17956872094e-08
