0	0.0	0.0	0.0	0.0	0.0	0.0
0.0002	2.00497837032e-21	1.07519114526e-16	6.43572299292e-19	6.37961340367e-18	6.57574828259e-23	4.84391889388e-13
0.0004	1.60398101889e-20	8.60150921655e-16	2.57428907171e-18	2.55184512753e-17	2.63029929239e-22	1.93755875045e-12
0.0006	5.41343027766e-20	2.90300262898e-15	5.79215012909e-18	5.74165101059e-17	5.91817336144e-22	4.35948737261e-12
0.0008	1.28318213133e-19	6.88117546047e-15	1.02971552832e-17	1.02073786386e-16	1.05211970044e-21	7.75016454543e-12
0.001	2.50621247938e-19	1.34397646565e-14	1.6089304346e-17	1.59490276608e-16	1.64393701904e-21	1.21095770586e-11
0.0012	4.3307306355e-19	2.3223859474e-14	2.31685971291e-17	2.29665977261e-16	2.36726928884e-21	1.74377117018e-11
0.0014	6.87703266007e-19	3.68785431862e-14	3.15350334445e-17	3.12600884837e-16	3.22211650675e-21	2.37345552652e-11
0.0016	1.02654141103e-18	5.50488930829e-14	4.1188613104e-17	4.08294995827e-16	4.20847866967e-21	3.10000945385e-11
0.0018	1.46161700401e-18	7.83799804707e-14	5.21293359193e-17	5.16748306722e-16	5.3263557745e-21	3.92343163121e-11
0.002	2.00495950003e-18	1.07516870672e-13	6.43572017023e-17	6.37960814012e-16	6.57574781815e-21	4.84372073762e-11
0.0022	2.66859830385e-18	1.43104623028e-13	7.78722102649e-17	7.71932514189e-16	7.95665479752e-21	5.86087545212e-11
0.0024	3.4645627699e-18	1.85788290893e-13	9.26743614187e-17	9.18663403744e-16	9.46907670952e-21	6.97489445375e-11
0.0026	4.4048822023e-18	2.36212921641e-13	1.08763654976e-16	1.07815347917e-15	1.1113013551e-20	8.18577642159e-11
0.0028	5.50158585486e-18	2.95023556662e-13	1.26140090748e-16	1.25040273695e-15	1.2888465319e-20	9.49352003471e-11
0.003	6.76670293105e-18	3.62865231362e-13	1.44803668547e-16	1.43541117358e-15	1.47954320103e-20	1.08981239722e-10
0.0032	8.21226258403e-18	4.40382975164e-13	1.64754388184e-16	1.63317878556e-15	1.68339136218e-20	1.23995869131e-10
0.0034	9.85029391665e-18	5.28221811509e-13	1.85992249472e-16	1.84370556937e-15	1.90039101505e-20	1.39979075367e-10
0.0036	1.16928259814e-17	6.27026757853e-13	2.08517252222e-16	2.0669915215e-15	2.13054215932e-20	1.56930845219e-10
0.0038	1.37518877806e-17	7.37442825671e-13	2.32329396246e-16	2.30303663845e-15	2.37384479469e-20	1.74851165479e-10
0.004	1.60395082659e-17	8.60115020452e-13	2.57428681357e-16	2.5518409167e-15	2.63029892084e-20	1.9374002294e-10
0.0042	1.85677163391e-17	9.95688341706e-13	2.83815107365e-16	2.81340435275e-15	2.89990453747e-20	2.13597404392e-10
0.0044	2.13485408514e-17	1.14480778296e-12	3.11488674082e-16	3.08772694308e-15	3.18266164427e-20	2.34423296627e-10
0.0046	2.43940106036e-17	1.30811833175e-12	3.40449381321e-16	3.3748086842e-15	3.47857024092e-20	2.56217686437e-10
0.0048	2.77161543464e-17	1.48626496963e-12	3.70697228893e-16	3.67464957258e-15	3.78763032712e-20	2.78980560614e-10
0.005	3.13270007802e-17	1.67989267219e-12	4.0223221661e-16	3.98724960472e-15	4.10984190256e-20	3.02711905949e-10
0.0052	3.52385785548e-17	1.88964640902e-12	4.35054344284e-16	4.31260877712e-15	4.44520496692e-20	3.27411709236e-10
0.0054	3.94629162699e-17	2.11617114372e-12	4.69163611726e-16	4.65072708626e-15	4.7937195199e-20	3.53079957267e-10
0.0056	4.40120424749e-17	2.36011183393e-12	5.04560018749e-16	5.00160452863e-15	5.15538556119e-20	3.79716636833e-10
0.0058	4.88979856687e-17	2.62211343129e-12	5.41243565165e-16	5.36524110072e-15	5.53020309048e-20	4.07321734728e-10
0.006	5.41327743002e-17	2.90282088146e-12	5.79214250784e-16	5.74163679904e-15	5.91817210746e-20	4.35895237745e-10
0.0062	5.97284367676e-17	3.20287912412e-12	6.1847207542e-16	6.13079162005e-15	6.31929261182e-20	4.65437132675e-10
0.0064	6.56970014191e-17	3.52293309297e-12	6.59017038883e-16	6.53270556027e-15	6.73356460325e-20	4.95947406312e-10
0.0066	7.20504965524e-17	3.86362771572e-12	7.00849140986e-16	6.94737861617e-15	7.16098808144e-20	5.27426045449e-10
0.0068	7.8800950415e-17	4.2256079141e-12	7.4396838154e-16	7.37481078425e-15	7.60156304608e-20	5.59873036879e-10
0.007	8.59603912039e-17	4.60951860387e-12	7.88374760357e-16	7.81500206101e-15	8.05528949686e-20	5.93288367395e-10
0.0072	9.35408470659e-17	5.01600469478e-12	8.3406827725e-16	8.26795244292e-15	8.52216743347e-20	6.27672023791e-10
0.0074	1.01554346098e-16	5.44571109063e-12	8.81048932029e-16	8.73366192649e-15	9.0021968556e-20	6.6302399286e-10
0.0076	1.10012916345e-16	5.89928268921e-12	9.29316724507e-16	9.2121305082e-15	9.49537776295e-20	6.99344261396e-10
0.0078	1.18928585804e-16	6.37736438235e-12	9.78871654496e-16	9.70335818454e-15	1.00017101552e-19	7.36632816193e-10
0.008	1.28313382421e-16	6.88060105588e-12	1.02971372181e-15	1.0207344952e-14	1.0521194032e-19	7.74889644044e-10
0.0082	1.3817933409e-16	7.40963758965e-12	1.08184292625e-15	1.07240908071e-14	1.10538293932e-19	8.14114731744e-10
0.0084	1.48538468656e-16	7.96511885755e-12	1.13525926764e-15	1.12535957463e-14	1.15996162383e-19	8.54308066087e-10
0.0086	1.59402813914e-16	8.54768972745e-12	1.18996274579e-15	1.17958597661e-14	1.2158554567e-19	8.95469633866e-10
0.0088	1.70784397608e-16	9.15799506126e-12	1.24595336051e-15	1.2350882863e-14	1.27306443791e-19	9.37599421877e-10
0.009	1.82695247433e-16	9.79667971492e-12	1.30323111161e-15	1.29186650334e-14	1.33158856743e-19	9.80697416913e-10
0.0092	1.95147391031e-16	1.04643885384e-11	1.3617959989e-15	1.3499206274e-14	1.39142784522e-19	1.02476360577e-09
0.0094	2.08152855997e-16	1.11617663755e-11	1.4216480222e-15	1.4092506581e-14	1.45258227125e-19	1.06979797524e-09
0.0096	2.21723669872e-16	1.18894580645e-11	1.48278718132e-15	1.46985659512e-14	1.5150518455e-19	1.11580051212e-09
0.0098	2.35871860151e-16	1.26481084371e-11	1.54521347606e-15	1.53173843809e-14	1.57883656792e-19	1.16277120321e-09
0.01	2.50609454274e-16	1.34383623195e-11	1.60892690624e-15	1.59489618666e-14	1.6439364385e-19	1.21071003529e-09
0.0102	2.65948479636e-16	1.42608645316e-11	1.67392747168e-15	1.65932984049e-14	1.71035145719e-19	1.25961699518e-09
0.0104	2.81900963576e-16	1.51162598876e-11	1.74021517218e-15	1.72503939921e-14	1.77808162397e-19	1.30949206965e-09
0.0106	2.98478933386e-16	1.60051931954e-11	1.80779000756e-15	1.79202486249e-14	1.84712693881e-19	1.3603352455e-09
0.0108	3.15694416308e-16	1.69283092572e-11	1.87665197762e-15	1.86028622997e-14	1.91748740167e-19	1.41214650954e-09
0.011	3.33559439533e-16	1.78862528691e-11	1.94680108219e-15	1.9298235013e-14	1.98916301253e-19	1.46492584856e-09
0.0112	3.52086030201e-16	1.88796688213e-11	2.01823732107e-15	2.00063667612e-14	2.06215377135e-19	1.51867324935e-09
0.0114	3.71286215402e-16	1.99092018977e-11	2.09096069407e-15	2.07272575409e-14	2.13645967811e-19	1.5733886987e-09
0.0116	3.91172022175e-16	2.09754968767e-11	2.164971201e-15	2.14609073486e-14	2.21208073276e-19	1.62907218343e-09
0.0118	4.11755477512e-16	2.20791985304e-11	2.24026884168e-15	2.22073161808e-14	2.28901693529e-19	1.68572369031e-09
0.012	4.3304860835e-16	2.32209516249e-11	2.31685361592e-15	2.29664840338e-14	2.36726828566e-19	1.74334320615e-09
0.0122	4.55063441579e-16	2.44014009206e-11	2.39472552353e-15	2.37384109044e-14	2.44683478384e-19	1.80193071774e-09
0.0124	4.77812004037e-16	2.56211911716e-11	2.47388456433e-15	2.45230967888e-14	2.52771642979e-19	1.86148621189e-09
0.0126	5.01306322513e-16	2.68809671261e-11	2.55433073811e-15	2.53205416837e-14	2.60991322349e-19	1.92200967538e-09
0.0128	5.25558423744e-16	2.81813735265e-11	2.63606404471e-15	2.61307455854e-14	2.69342516491e-19	1.98350109501e-09
0.013	5.50580334419e-16	2.95230551091e-11	2.71908448392e-15	2.69537084906e-14	2.77825225402e-19	2.04596045759e-09
0.0132	5.76384081175e-16	3.09066566041e-11	2.80339205556e-15	2.77894303957e-14	2.86439449078e-19	2.1093877499e-09
0.0134	6.02981690598e-16	3.23328227359e-11	2.88898675944e-15	2.86379112971e-14	2.95185187516e-19	2.17378295875e-09
0.0136	6.30385189226e-16	3.38021982228e-11	2.97586859538e-15	2.94991511915e-14	3.04062440713e-19	2.23914607093e-09
0.0138	6.58606603544e-16	3.53154277772e-11	3.06403756318e-15	3.03731500752e-14	3.13071208667e-19	2.30547707323e-09
0.014	6.8765795999e-16	3.68731561055e-11	3.15349366266e-15	3.12599079447e-14	3.22211491373e-19	2.37277595247e-09
0.0142	7.17551284949e-16	3.84760279081e-11	3.24423689363e-15	3.21594247966e-14	3.3148328883e-19	2.44104269543e-09
0.0144	7.48298604756e-16	4.01246878793e-11	3.33626725589e-15	3.30717006273e-14	3.40886601033e-19	2.51027728891e-09
0.0146	7.79911945696e-16	4.18197807076e-11	3.42958474927e-15	3.39967354334e-14	3.5042142798e-19	2.58047971971e-09
0.0148	8.12403334005e-16	4.35619510756e-11	3.52418937358e-15	3.49345292112e-14	3.60087769668e-19	2.65164997462e-09
0.015	8.45784795867e-16	4.53518436596e-11	3.62008112862e-15	3.58850819574e-14	3.69885626093e-19	2.72378804046e-09
0.0152	8.80068357415e-16	4.71901031301e-11	3.71726001421e-15	3.68483936684e-14	3.79814997253e-19	2.796893904e-09
0.0154	9.15266044736e-16	4.90773741517e-11	3.81572603015e-15	3.78244643407e-14	3.89875883144e-19	2.87096755206e-09
0.0156	9.5138988386e-16	5.10143013829e-11	3.91547917627e-15	3.88132939707e-14	4.00068283764e-19	2.94600897143e-09
0.0158	9.88451900773e-16	5.30015294763e-11	4.01651945238e-15	3.98148825551e-14	4.10392199108e-19	3.02201814891e-09
0.016	1.02646412141e-15	5.50397030784e-11	4.11884685828e-15	4.08292300902e-14	4.20847629175e-19	3.0989950713e-09
0.0162	1.06543857164e-15	5.71294668298e-11	4.22246139378e-15	4.18563365725e-14	4.31434573961e-19	3.1769397254e-09
0.0164	1.10538727732e-15	5.92714653651e-11	4.32736305871e-15	4.28962019987e-14	4.42153033462e-19	3.255852098e-09
0.0166	1.14632226421e-15	6.1466343313e-11	4.43355185286e-15	4.3948826365e-14	4.53003007677e-19	3.3357321759e-09
0.0168	1.18825555805e-15	6.3714745296e-11	4.54102777606e-15	4.50142096681e-14	4.63984496601e-19	3.41657994591e-09
0.017	1.23119918453e-15	6.6017315931e-11	4.64979082811e-15	4.60923519044e-14	4.75097500231e-19	3.49839539482e-09
0.0172	1.27516516926e-15	6.83746998284e-11	4.75984100883e-15	4.71832530704e-14	4.86342018566e-19	3.58117850944e-09
0.0174	1.32016553784e-15	7.07875415932e-11	4.87117831803e-15	4.82869131626e-14	4.977180516e-19	3.66492927655e-09
0.0176	1.3662123158e-15	7.32564858238e-11	4.98380275551e-15	4.94033321775e-14	5.09225599332e-19	3.74964768297e-09
0.0178	1.4133175286e-15	7.57821771133e-11	5.0977143211e-15	5.05325101116e-14	5.20864661758e-19	3.83533371549e-09
0.018	1.46149320169e-15	7.83652600482e-11	5.2129130146e-15	5.16744469613e-14	5.32635238875e-19	3.92198736091e-09
0.0182	1.51075136045e-15	8.10063792093e-11	5.32939883583e-15	5.28291427233e-14	5.44537330681e-19	4.00960860603e-09
0.0184	1.5611040302e-15	8.37061791715e-11	5.44717178459e-15	5.39965973939e-14	5.56570937171e-19	4.09819743766e-09
0.0186	1.61256323622e-15	8.64653045036e-11	5.5662318607e-15	5.51768109696e-14	5.68736058343e-19	4.18775384258e-09
0.0188	1.66514100374e-15	8.92843997685e-11	5.68657906397e-15	5.6369783447e-14	5.81032694193e-19	4.27827780761e-09
0.019	1.71884935794e-15	9.21641095229e-11	5.80821339422e-15	5.75755148225e-14	5.9346084472e-19	4.36976931954e-09
0.0192	1.77370032394e-15	9.51050783178e-11	5.93113485125e-15	5.87940050926e-14	6.06020509919e-19	4.46222836517e-09
0.0194	1.82970592683e-15	9.8107950698e-11	6.05534343488e-15	6.00252542539e-14	6.18711689787e-19	4.55565493131e-09
0.0196	1.88687819164e-15	1.01173371203e-10	6.18083914491e-15	6.12692623027e-14	6.31534384322e-19	4.65004900475e-09
0.0198	1.94522914333e-15	1.04301984364e-10	6.30762198116e-15	6.25260292356e-14	6.4448859352e-19	4.7454105723e-09
0.02	2.00477080684e-15	1.0749443471e-10	6.43569194345e-15	6.37955550492e-14	6.57574317378e-19	4.84173962075e-09
0.0202	2.06551520704e-15	1.10751366761e-10	6.56504903158e-15	6.50778397398e-14	6.70791555893e-19	4.93903613692e-09
0.0204	2.12747436876e-15	1.14073425033e-10	6.69569324536e-15	6.6372883304e-14	6.84140309062e-19	5.03730010759e-09
0.0206	2.19066031677e-15	1.17461254033e-10	6.82762458462e-15	6.76806857382e-14	6.97620576882e-19	5.13653151957e-09
0.0208	2.25508507581e-15	1.20915498266e-10	6.96084304915e-15	6.9001247039e-14	7.1123235935e-19	5.23673035966e-09
0.021	2.32076067054e-15	1.24436802228e-10	7.09534863877e-15	7.03345672028e-14	7.24975656462e-19	5.33789661467e-09
0.0212	2.38769912559e-15	1.2802581041e-10	7.23114135329e-15	7.16806462261e-14	7.38850468216e-19	5.4400302714e-09
0.0214	2.45591246553e-15	1.31683167297e-10	7.36822119253e-15	7.30394841055e-14	7.52856794609e-19	5.54313131664e-09
0.0216	2.5254127149e-15	1.3540951737e-10	7.50658815629e-15	7.44110808374e-14	7.66994635637e-19	5.6471997372e-09
0.0218	2.59621189816e-15	1.392055051e-10	7.6462422444e-15	7.57954364183e-14	7.81263991297e-19	5.75223551988e-09
0.022	2.66832203973e-15	1.43071774955e-10	7.78718345665e-15	7.71925508447e-14	7.95664861586e-19	5.85823865149e-09
0.0222	2.741755164e-15	1.47008971395e-10	7.92941179286e-15	7.86024241131e-14	8.10197246502e-19	5.96520911882e-09
0.0224	2.81652329528e-15	1.51017738877e-10	8.07292725285e-15	8.002505622e-14	8.2486114604e-19	6.07314690868e-09
0.0226	2.89263845785e-15	1.5509872185e-10	8.21772983643e-15	8.14604471618e-14	8.39656560198e-19	6.18205200788e-09
0.0228	2.97011267593e-15	1.59252564756e-10	8.3638195434e-15	8.29085969351e-14	8.54583488974e-19	6.2919244032e-09
0.023	3.04895797368e-15	1.63479912033e-10	8.51119637358e-15	8.43695055363e-14	8.69641932362e-19	6.40276408147e-09
0.0232	3.12918637524e-15	1.67781408113e-10	8.65986032678e-15	8.5843172962e-14	8.84831890362e-19	6.51457102947e-09
0.0234	3.21080990468e-15	1.72157697419e-10	8.80981140281e-15	8.73295992086e-14	9.00153362969e-19	6.62734523402e-09
0.0236	3.29384058601e-15	1.76609424373e-10	8.96104960149e-15	8.88287842727e-14	9.1560635018e-19	6.74108668192e-09
0.0238	3.37829044321e-15	1.81137233387e-10	9.11357492262e-15	9.03407281506e-14	9.31190851993e-19	6.85579535997e-09
0.024	3.4641715002e-15	1.85741768869e-10	9.26738736602e-15	9.1865430839e-14	9.46906868404e-19	6.97147125496e-09
0.0242	3.55149578084e-15	1.90423675219e-10	9.4224869315e-15	9.34028923343e-14	9.6275439941e-19	7.08811435372e-09
0.0244	3.64027530897e-15	1.95183596834e-10	9.57887361888e-15	9.49531126329e-14	9.78733445008e-19	7.20572464304e-09
0.0246	3.73052210834e-15	2.00022178102e-10	9.73654742796e-15	9.65160917315e-14	9.94844005195e-19	7.32430210972e-09
0.0248	3.82224820268e-15	2.04940063408e-10	9.89550835855e-15	9.80918296264e-14	1.01108607997e-18	7.44384674057e-09
0.025	3.91546561565e-15	2.09937897128e-10	1.00557564105e-14	9.96803263141e-14	1.02745966932e-18	7.56435852239e-09
0.0252	4.01018637088e-15	2.15016323634e-10	1.02172915835e-14	1.01281581791e-13	1.04396477326e-18	7.68583744199e-09
0.0254	4.10642249194e-15	2.20175987292e-10	1.03801138775e-14	1.02895596054e-13	1.06060139177e-18	7.80828348617e-09
0.0256	4.20418600234e-15	2.25417532461e-10	1.05442232923e-14	1.045223691e-13	1.07736952486e-18	7.93169664174e-09
0.0258	4.30348892554e-15	2.30741603495e-10	1.07096198277e-14	1.06161900924e-13	1.09426917251e-18	8.05607689549e-09
0.026	4.40434328498e-15	2.36148844741e-10	1.08763034834e-14	1.07814191523e-13	1.11130033474e-18	8.18142423425e-09
0.0262	4.50676110401e-15	2.41639900541e-10	1.10442742593e-14	1.09479240894e-13	1.12846301152e-18	8.3077386448e-09
0.0264	4.61075440595e-15	2.47215415231e-10	1.12135321553e-14	1.11157049034e-13	1.14575720287e-18	8.43502011395e-09
0.0266	4.71633521407e-15	2.52876033139e-10	1.1384077171e-14	1.12847615938e-13	1.16318290878e-18	8.56326862852e-09
0.0268	4.82351555159e-15	2.5862239859e-10	1.15559093064e-14	1.14550941604e-13	1.18074012924e-18	8.6924841753e-09
0.027	4.93230744167e-15	2.64455155902e-10	1.17290285613e-14	1.16267026027e-13	1.19842886425e-18	8.8226667411e-09
0.0272	5.04272290743e-15	2.70374949386e-10	1.19034349354e-14	1.17995869205e-13	1.21624911381e-18	8.95381631272e-09
0.0274	5.15477397192e-15	2.76382423347e-10	1.20791284285e-14	1.19737471133e-13	1.23420087792e-18	9.08593287698e-09
0.0276	5.26847265818e-15	2.82478222087e-10	1.22561090406e-14	1.21491831809e-13	1.25228415657e-18	9.21901642067e-09
0.0278	5.38383098916e-15	2.88662989897e-10	1.24343767713e-14	1.23258951228e-13	1.27049894976e-18	9.35306693061e-09
0.028	5.50086098778e-15	2.94937371066e-10	1.26139316206e-14	1.25038829388e-13	1.28884525748e-18	9.48808439359e-09
0.0282	5.61957467689e-15	3.01302009877e-10	1.27947735881e-14	1.26831466284e-13	1.30732307974e-18	9.62406879643e-09
0.0284	5.73998407933e-15	3.07757550604e-10	1.29769026738e-14	1.28636861914e-13	1.32593241653e-18	9.76102012592e-09
0.0286	5.86210121784e-15	3.14304637517e-10	1.31603188775e-14	1.30455016273e-13	1.34467326785e-18	9.89893836889e-09
0.0288	5.98593811515e-15	3.20943914881e-10	1.33450221988e-14	1.32285929359e-13	1.36354563369e-18	1.00378235121e-08
0.029	6.11150679391e-15	3.27676026953e-10	1.35310126378e-14	1.34129601167e-13	1.38254951405e-18	1.01776755424e-08
0.0292	6.23881927674e-15	3.34501617986e-10	1.37182901941e-14	1.35986031694e-13	1.40168490893e-18	1.03184944466e-08
0.0294	6.3678875862e-15	3.41421332224e-10	1.39068548676e-14	1.37855220937e-13	1.42095181832e-18	1.04602802115e-08
0.0296	6.49872374481e-15	3.48435813909e-10	1.40967066581e-14	1.39737168892e-13	1.44035024222e-18	1.06030328239e-08
0.0298	6.63133977502e-15	3.55545707273e-10	1.42878455655e-14	1.41631875556e-13	1.45988018064e-18	1.07467522706e-08
0.03	6.76574769924e-15	3.62751656546e-10	1.44802715894e-14	1.43539340925e-13	1.47954163355e-18	1.08914385384e-08
0.0302	6.90195953985e-15	3.70054305948e-10	1.46739847298e-14	1.45459564995e-13	1.49933460097e-18	1.10370916142e-08
0.0304	7.03998731914e-15	3.77454299697e-10	1.48689849864e-14	1.47392547764e-13	1.51925908289e-18	1.11837114846e-08
0.0306	7.17984305939e-15	3.84952282001e-10	1.50652723591e-14	1.49338289227e-13	1.53931507931e-18	1.13312981366e-08
0.0308	7.32153878279e-15	3.92548897066e-10	1.52628468476e-14	1.51296789382e-13	1.55950259022e-18	1.1479851557e-08
0.031	7.46508651151e-15	4.00244789089e-10	1.54617084519e-14	1.53268048224e-13	1.57982161562e-18	1.16293717325e-08
0.0312	7.61049826767e-15	4.08040602263e-10	1.56618571716e-14	1.5525206575e-13	1.6002721555e-18	1.17798586499e-08
0.0314	7.75778607331e-15	4.15936980772e-10	1.58632930066e-14	1.57248841956e-13	1.62085420987e-18	1.19313122962e-08
0.0316	7.90696195045e-15	4.23934568799e-10	1.60660159568e-14	1.5925837684e-13	1.64156777872e-18	1.20837326579e-08
0.0318	8.05803792105e-15	4.32034010516e-10	1.62700260219e-14	1.61280670397e-13	1.66241286205e-18	1.22371197221e-08
0.032	8.21102600701e-15	4.40235950093e-10	1.64753232017e-14	1.63315722625e-13	1.68338945985e-18	1.23914734755e-08
0.0322	8.3659382302e-15	4.48541031691e-10	1.66819074961e-14	1.65363533518e-13	1.70449757212e-18	1.25467939048e-08
0.0324	8.52278661242e-15	4.56949899466e-10	1.68897789048e-14	1.67424103075e-13	1.72573719886e-18	1.2703080997e-08
0.0326	8.68158317543e-15	4.65463197569e-10	1.70989374277e-14	1.69497431292e-13	1.74710834007e-18	1.28603347388e-08
0.0328	8.84233994094e-15	4.74081570144e-10	1.73093830646e-14	1.71583518164e-13	1.76861099573e-18	1.3018555117e-08
0.033	9.0050689306e-15	4.8280566133e-10	1.75211158153e-14	1.73682363689e-13	1.79024516586e-18	1.31777421185e-08
0.0332	9.16978216602e-15	4.91636115258e-10	1.77341356797e-14	1.75793967863e-13	1.81201085044e-18	1.333789573e-08
0.0334	9.33649166877e-15	5.00573576056e-10	1.79484426574e-14	1.77918330682e-13	1.83390804948e-18	1.34990159383e-08
0.0336	9.50520946033e-15	5.09618687843e-10	1.81640367484e-14	1.80055452144e-13	1.85593676296e-18	1.36611027303e-08
0.0338	9.67594756217e-15	5.18772094734e-10	1.83809179524e-14	1.82205332244e-13	1.8780969909e-18	1.38241560928e-08
0.034	9.8487179957e-15	5.28034440837e-10	1.85990862693e-14	1.84367970978e-13	1.90038873327e-18	1.39881760126e-08
0.0342	1.00235327823e-14	5.37406370255e-10	1.88185416988e-14	1.86543368345e-13	1.92281199009e-18	1.41531624764e-08
0.0344	1.02004039432e-14	5.46888527084e-10	1.90392842409e-14	1.88731524339e-13	1.94536676134e-18	1.43191154711e-08
0.0346	1.03793434997e-14	5.56481555415e-10	1.92613138952e-14	1.90932438957e-13	1.96805304702e-18	1.44860349836e-08
0.0348	1.0560363473e-14	5.66186099332e-10	1.94846306617e-14	1.93146112197e-13	1.99087084714e-18	1.46539210006e-08
0.035	1.07434758843e-14	5.76002802913e-10	1.970923454e-14	1.95372544054e-13	2.01382016169e-18	1.48227735089e-08
0.0352	1.09286927546e-14	5.85932310233e-10	1.99351255301e-14	1.97611734525e-13	2.03690099066e-18	1.49925924953e-08
0.0354	1.11160261051e-14	5.95975265356e-10	2.01623036317e-14	1.99863683606e-13	2.06011333405e-18	1.51633779467e-08
0.0356	1.13054879567e-14	6.06132312343e-10	2.03907688447e-14	2.02128391294e-13	2.08345719186e-18	1.53351298499e-08
0.0358	1.14970903303e-14	6.1640409525e-10	2.06205211689e-14	2.04405857586e-13	2.10693256409e-18	1.55078481916e-08
0.036	1.16908452469e-14	6.26791258124e-10	2.0851560604e-14	2.06696082477e-13	2.13053945073e-18	1.56815329587e-08
0.0362	1.18867647274e-14	6.37294445009e-10	2.10838871499e-14	2.08999065965e-13	2.15427785177e-18	1.5856184138e-08
0.0364	1.20848607924e-14	6.47914299941e-10	2.13175008064e-14	2.11314808046e-13	2.17814776723e-18	1.60318017163e-08
0.0366	1.22851454629e-14	6.58651466951e-10	2.15524015733e-14	2.13643308716e-13	2.20214919708e-18	1.62083856804e-08
0.0368	1.24876307594e-14	6.69506590064e-10	2.17885894505e-14	2.15984567971e-13	2.22628214134e-18	1.63859360172e-08
0.037	1.26923287027e-14	6.80480313297e-10	2.20260644377e-14	2.1833858581e-13	2.2505466e-18	1.65644527133e-08
0.0372	1.28992513133e-14	6.91573280665e-10	2.22648265347e-14	2.20705362226e-13	2.27494257305e-18	1.67439357558e-08
0.0374	1.31084106118e-14	7.02786136174e-10	2.25048757414e-14	2.23084897219e-13	2.29947006048e-18	1.69243851313e-08
0.0376	1.33198186187e-14	7.14119523825e-10	2.27462120576e-14	2.25477190783e-13	2.32412906231e-18	1.71058008266e-08
0.0378	1.35334873544e-14	7.25574087612e-10	2.29888354831e-14	2.27882242915e-13	2.34891957852e-18	1.72881828287e-08
0.038	1.37494288393e-14	7.37150471525e-10	2.32327460176e-14	2.30300053612e-13	2.37384160912e-18	1.74715311242e-08
0.0382	1.39676550938e-14	7.48849319546e-10	2.34779436611e-14	2.32730622871e-13	2.39889515409e-18	1.76558457e-08
0.0384	1.41881781382e-14	7.60671275653e-10	2.37244284133e-14	2.35173950687e-13	2.42408021343e-18	1.7841126543e-08
0.0386	1.44110099928e-14	7.72616983816e-10	2.3972200274e-14	2.37630037057e-13	2.44939678715e-18	1.80273736399e-08
0.0388	1.46361626776e-14	7.84687088e-10	2.4221259243e-14	2.40098881978e-13	2.47484487524e-18	1.82145869775e-08
0.039	1.4863648213e-14	7.96882232164e-10	2.44716053202e-14	2.42580485447e-13	2.50042447769e-18	1.84027665427e-08
0.0392	1.50934786189e-14	8.09203060261e-10	2.47232385054e-14	2.45074847459e-13	2.52613559451e-18	1.85919123223e-08
0.0394	1.53256659154e-14	8.21650216239e-10	2.49761587984e-14	2.47581968011e-13	2.55197822569e-18	1.8782024303e-08
0.0396	1.55602221226e-14	8.34224344038e-10	2.52303661989e-14	2.501018471e-13	2.57795237122e-18	1.89731024718e-08
0.0398	1.57971592603e-14	8.46926087593e-10	2.54858607069e-14	2.52634484723e-13	2.60405803111e-18	1.91651468153e-08
0.04	1.60364893485e-14	8.59756090834e-10	2.5742642322e-14	2.55179880875e-13	2.63029520535e-18	1.93581573205e-08
0.0402	1.6278224407e-14	8.72714997684e-10	2.60007110442e-14	2.57738035553e-13	2.65666389393e-18	1.95521339741e-08
0.0404	1.65223764556e-14	8.85803452059e-10	2.62600668732e-14	2.60308948754e-13	2.68316409686e-18	1.97470767629e-08
0.0406	1.67689575141e-14	8.99022097872e-10	2.65207098089e-14	2.62892620474e-13	2.70979581413e-18	1.99429856738e-08
0.0408	1.70179796021e-14	9.12371579026e-10	2.6782639851e-14	2.65489050709e-13	2.73655904574e-18	2.01398606936e-08
0.041	1.72694547393e-14	9.25852539422e-10	2.70458569995e-14	2.68098239457e-13	2.76345379168e-18	2.03377018091e-08
0.0412	1.75233949453e-14	9.39465622952e-10	2.73103612539e-14	2.70720186713e-13	2.79048005196e-18	2.05365090071e-08
0.0414	1.77798122396e-14	9.53211473504e-10	2.75761526143e-14	2.73354892475e-13	2.81763782656e-18	2.07362822743e-08
0.0416	1.80387186417e-14	9.6709073496e-10	2.78432310804e-14	2.76002356738e-13	2.84492711549e-18	2.09370215978e-08
0.0418	1.83001261712e-14	9.81104051194e-10	2.81115966521e-14	2.78662579499e-13	2.87234791875e-18	2.11387269641e-08
0.042	1.85640468472e-14	9.95252066076e-10	2.8381249329e-14	2.81335560755e-13	2.89990023632e-18	2.13413983602e-08
0.0422	1.88304926893e-14	1.00953542347e-09	2.86521891111e-14	2.84021300502e-13	2.92758406821e-18	2.15450357729e-08
0.0424	1.90994757167e-14	1.02395476723e-09	2.89244159982e-14	2.86719798737e-13	2.95539941441e-18	2.1749639189e-08
0.0426	1.93710079486e-14	1.03851074121e-09	2.919792999e-14	2.89431055455e-13	2.98334627492e-18	2.19552085953e-08
0.0428	1.96451014043e-14	1.05320398926e-09	2.94727310864e-14	2.92155070655e-13	3.01142464974e-18	2.21617439786e-08
0.043	1.99217681029e-14	1.06803515521e-09	2.97488192872e-14	2.94891844331e-13	3.03963453887e-18	2.23692453257e-08
0.0432	2.02010200634e-14	1.0830048829e-09	3.00261945922e-14	2.97641376481e-13	3.06797594229e-18	2.25777126234e-08
0.0434	2.04828693049e-14	1.09811381616e-09	3.03048570012e-14	3.00403667101e-13	3.09644886002e-18	2.27871458587e-08
0.0436	2.07673278464e-14	1.1133625988e-09	3.0584806514e-14	3.03178716187e-13	3.12505329203e-18	2.29975450182e-08
0.0438	2.10544077069e-14	1.12875187465e-09	3.08660431305e-14	3.05966523737e-13	3.15378923834e-18	2.32089100888e-08
0.044	2.13441209052e-14	1.14428228751e-09	3.11485668504e-14	3.08767089745e-13	3.18265669894e-18	2.34212410573e-08
0.0442	2.16364794602e-14	1.15995448118e-09	3.14323776736e-14	3.1158041421e-13	3.21165567383e-18	2.36345379105e-08
0.0444	2.19314953907e-14	1.17576909947e-09	3.17174755999e-14	3.14406497128e-13	3.24078616299e-18	2.38488006353e-08
0.0446	2.22291807153e-14	1.19172678616e-09	3.2003860629e-14	3.17245338494e-13	3.27004816644e-18	2.40640292184e-08
0.0448	2.25295474529e-14	1.20782818505e-09	3.22915327608e-14	3.20096938306e-13	3.29944168416e-18	2.42802236467e-08
0.045	2.2832607622e-14	1.22407393991e-09	3.25804919952e-14	3.2296129656e-13	3.32896671615e-18	2.44973839069e-08
0.0452	2.31383732412e-14	1.24046469451e-09	3.28707383319e-14	3.25838413252e-13	3.35862326242e-18	2.4715509986e-08
0.0454	2.3446856329e-14	1.25700109262e-09	3.31622717707e-14	3.2872828838e-13	3.38841132295e-18	2.49346018707e-08
0.0456	2.37580689041e-14	1.273683778e-09	3.34550923114e-14	3.31630921938e-13	3.41833089774e-18	2.51546595478e-08
0.0458	2.40720229847e-14	1.29051339442e-09	3.3749199954e-14	3.34546313925e-13	3.4483819868e-18	2.53756830042e-08
0.046	2.43887305893e-14	1.30749058562e-09	3.4044594698e-14	3.37474464336e-13	3.47856459011e-18	2.55976722267e-08
0.0462	2.47082037362e-14	1.32461599534e-09	3.43412765435e-14	3.40415373168e-13	3.50887870768e-18	2.5820627202e-08
0.0464	2.50304544437e-14	1.34189026732e-09	3.46392454902e-14	3.43369040418e-13	3.5393243395e-18	2.6044547917e-08
0.0466	2.535549473e-14	1.35931404529e-09	3.49385015378e-14	3.46335466081e-13	3.56990148557e-18	2.62694343586e-08
0.0468	2.56833366134e-14	1.37688797298e-09	3.52390446863e-14	3.49314650155e-13	3.60061014588e-18	2.64952865135e-08
0.047	2.60139921119e-14	1.39461269412e-09	3.55408749354e-14	3.52306592635e-13	3.63145032044e-18	2.67221043685e-08
0.0472	2.63474732437e-14	1.4124888524e-09	3.58439922849e-14	3.55311293519e-13	3.66242200923e-18	2.69498879106e-08
0.0474	2.66837920268e-14	1.43051709155e-09	3.61483967347e-14	3.58328752803e-13	3.69352521226e-18	2.71786371264e-08
0.0476	2.70229604791e-14	1.44869805526e-09	3.64540882846e-14	3.61358970483e-13	3.72475992953e-18	2.74083520028e-08
0.0478	2.73649906187e-14	1.46703238722e-09	3.67610669343e-14	3.64401946556e-13	3.75612616102e-18	2.76390325266e-08
0.048	2.77098944633e-14	1.48552073114e-09	3.70693326837e-14	3.67457681019e-13	3.78762390674e-18	2.78706786847e-08
0.0482	2.80576840309e-14	1.50416373069e-09	3.73788855326e-14	3.70526173867e-13	3.81925316668e-18	2.81032904638e-08
0.0484	2.84083713391e-14	1.52296202955e-09	3.76897254809e-14	3.73607425097e-13	3.85101394085e-18	2.83368678508e-08
0.0486	2.87619684058e-14	1.5419162714e-09	3.80018525282e-14	3.76701434707e-13	3.88290622923e-18	2.85714108325e-08
0.0488	2.91184872487e-14	1.56102709989e-09	3.83152666745e-14	3.79808202691e-13	3.91493003183e-18	2.88069193958e-08
0.049	2.94779398853e-14	1.5802951587e-09	3.86299679195e-14	3.82927729048e-13	3.94708534863e-18	2.90433935273e-08
0.0492	2.98403383332e-14	1.59972109147e-09	3.89459562631e-14	3.86060013772e-13	3.97937217965e-18	2.9280833214e-08
0.0494	3.020569461e-14	1.61930554185e-09	3.92632317051e-14	3.89205056862e-13	4.01179052487e-18	2.95192384427e-08
0.0496	3.05740207332e-14	1.63904915348e-09	3.95817942452e-14	3.92362858313e-13	4.04434038429e-18	2.97586092002e-08
0.0498	3.09453287201e-14	1.65895257001e-09	3.99016438834e-14	3.95533418121e-13	4.07702175791e-18	2.99989454732e-08
0.05	3.13196305883e-14	1.67901643505e-09	4.02227806193e-14	3.98716736284e-13	4.10983464573e-18	3.02402472487e-08
0.0502	3.16969383549e-14	1.69924139225e-09	4.05452044529e-14	4.01912812797e-13	4.14277904774e-18	3.04825145135e-08
0.0504	3.20772640373e-14	1.7196280852e-09	4.08689153839e-14	4.05121647658e-13	4.17585496393e-18	3.07257472543e-08
0.0506	3.24606196528e-14	1.74017715753e-09	4.11939134121e-14	4.08343240862e-13	4.20906239432e-18	3.0969945458e-08
0.0508	3.28470172184e-14	1.76088925285e-09	4.15201985374e-14	4.11577592407e-13	4.24240133889e-18	3.12151091114e-08
0.051	3.32364687514e-14	1.78176501474e-09	4.18477707595e-14	4.14824702288e-13	4.27587179764e-18	3.14612382013e-08
0.0512	3.36289862688e-14	1.80280508682e-09	4.21766300783e-14	4.18084570503e-13	4.30947377056e-18	3.17083327146e-08
0.0514	3.40245817876e-14	1.82401011266e-09	4.25067764936e-14	4.21357197047e-13	4.34320725766e-18	3.1956392638e-08
0.0516	3.44232673249e-14	1.84538073585e-09	4.28382100052e-14	4.24642581918e-13	4.37707225893e-18	3.22054179584e-08
0.0518	3.48250548974e-14	1.86691759996e-09	4.3170930613e-14	4.27940725111e-13	4.41106877437e-18	3.24554086627e-08
0.052	3.52299565223e-14	1.88862134857e-09	4.35049383166e-14	4.31251626623e-13	4.44519680397e-18	3.27063647375e-08
0.0522	3.56379842161e-14	1.91049262524e-09	4.3840233116e-14	4.34575286451e-13	4.47945634774e-18	3.29582861698e-08
0.0524	3.60491499959e-14	1.93253207353e-09	4.41768150109e-14	4.37911704591e-13	4.51384740566e-18	3.32111729463e-08
0.0526	3.64634658781e-14	1.95474033699e-09	4.45146840012e-14	4.41260881039e-13	4.54836997774e-18	3.3465025054e-08
0.0528	3.68809438797e-14	1.97711805917e-09	4.48538400867e-14	4.44622815793e-13	4.58302406397e-18	3.37198424795e-08
0.053	3.73015960171e-14	1.99966588361e-09	4.51942832671e-14	4.47997508849e-13	4.61780966435e-18	3.39756252098e-08
0.0532	3.77254343069e-14	2.02238445384e-09	4.55360135423e-14	4.51384960202e-13	4.65272677888e-18	3.42323732316e-08
0.0534	3.81524707657e-14	2.04527441339e-09	4.58790309122e-14	4.5478516985e-13	4.68777540755e-18	3.44900865318e-08
0.0536	3.858271741e-14	2.06833640578e-09	4.62233353764e-14	4.58198137789e-13	4.72295555036e-18	3.47487650972e-08
0.0538	3.90161862561e-14	2.09157107454e-09	4.65689269349e-14	4.61623864016e-13	4.75826720731e-18	3.50084089146e-08
0.054	3.94528893205e-14	2.11497906317e-09	4.69158055874e-14	4.65062348527e-13	4.79371037839e-18	3.52690179708e-08
0.0542	3.98928386195e-14	2.13856101518e-09	4.72639713338e-14	4.68513591318e-13	4.8292850636e-18	3.55305922527e-08
0.0544	4.03360461693e-14	2.16231757407e-09	4.76134241739e-14	4.71977592387e-13	4.86499126294e-18	3.57931317471e-08
0.0546	4.07825239862e-14	2.18624938332e-09	4.79641641074e-14	4.75454351729e-13	4.9008289764e-18	3.60566364407e-08
0.0548	4.12322840864e-14	2.21035708643e-09	4.83161911342e-14	4.78943869341e-13	4.93679820399e-18	3.63211063205e-08
0.055	4.1685338486e-14	2.23464132688e-09	4.86695052541e-14	4.8244614522e-13	4.97289894569e-18	3.65865413732e-08
0.0552	4.2141699201e-14	2.25910274813e-09	4.9024106467e-14	4.85961179361e-13	5.00913120151e-18	3.68529415857e-08
0.0554	4.26013782475e-14	2.28374199367e-09	4.93799947725e-14	4.89488971762e-13	5.04549497144e-18	3.71203069448e-08
0.0556	4.30643876414e-14	2.30855970696e-09	4.97371701706e-14	4.93029522419e-13	5.08199025548e-18	3.73886374373e-08
0.0558	4.35307393987e-14	2.33355653144e-09	5.0095632661e-14	4.96582831329e-13	5.11861705362e-18	3.765793305e-08
0.056	4.40004455353e-14	2.35873311058e-09	5.04553822436e-14	5.00148898487e-13	5.15537536587e-18	3.79281937697e-08
0.0562	4.4473518067e-14	2.38409008781e-09	5.08164189182e-14	5.03727723892e-13	5.19226519222e-18	3.81994195834e-08
0.0564	4.49499690095e-14	2.40962810658e-09	5.11787426846e-14	5.07319307538e-13	5.22928653266e-18	3.84716104777e-08
0.0566	4.54298103786e-14	2.43534781032e-09	5.15423535425e-14	5.10923649422e-13	5.2664393872e-18	3.87447664396e-08
0.0568	4.59130541899e-14	2.46124984245e-09	5.19072514919e-14	5.14540749541e-13	5.30372375583e-18	3.90188874558e-08
0.057	4.63997124591e-14	2.48733484641e-09	5.22734365324e-14	5.18170607892e-13	5.34113963855e-18	3.92939735132e-08
0.0572	4.68897972017e-14	2.51360346559e-09	5.2640908664e-14	5.21813224471e-13	5.37868703535e-18	3.95700245986e-08
0.0574	4.73833204333e-14	2.54005634342e-09	5.30096678865e-14	5.25468599274e-13	5.41636594623e-18	3.98470406988e-08
0.0576	4.78802941693e-14	2.5666941233e-09	5.33797141996e-14	5.29136732298e-13	5.45417637119e-18	4.01250218006e-08
0.0578	4.83807304251e-14	2.59351744861e-09	5.37510476032e-14	5.3281762354e-13	5.49211831022e-18	4.04039678909e-08
0.058	4.88846412162e-14	2.62052696277e-09	5.4123668097e-14	5.36511272995e-13	5.53019176333e-18	4.06838789565e-08
0.0582	4.93920385578e-14	2.64772330914e-09	5.4497575681e-14	5.40217680661e-13	5.5683967305e-18	4.09647549842e-08
0.0584	4.99029344653e-14	2.67510713111e-09	5.48727703548e-14	5.43936846534e-13	5.60673321174e-18	4.12465959608e-08
0.0586	5.04173409537e-14	2.70267907205e-09	5.52492521184e-14	5.4766877061e-13	5.64520120705e-18	4.15294018732e-08
0.0588	5.09352700384e-14	2.73043977533e-09	5.56270209714e-14	5.51413452886e-13	5.68380071641e-18	4.18131727082e-08
0.059	5.14567337344e-14	2.75838988431e-09	5.60060769139e-14	5.55170893358e-13	5.72253173983e-18	4.20979084526e-08
0.0592	5.19817440568e-14	2.78653004235e-09	5.63864199454e-14	5.58941092023e-13	5.7613942773e-18	4.23836090932e-08
0.0594	5.25103130205e-14	2.8148608928e-09	5.67680500659e-14	5.62724048877e-13	5.80038832882e-18	4.26702746169e-08
0.0596	5.30424526407e-14	2.84338307899e-09	5.71509672752e-14	5.66519763918e-13	5.83951389439e-18	4.29579050105e-08
0.0598	5.35781749322e-14	2.87209724428e-09	5.75351715731e-14	5.7032823714e-13	5.87877097401e-18	4.32465002607e-08
0.06	5.41174919098e-14	2.90100403198e-09	5.79206629594e-14	5.74149468541e-13	5.91815956766e-18	4.35360603545e-08
0.0602	5.46604155884e-14	2.93010408543e-09	5.83074414339e-14	5.77983458118e-13	5.95767967536e-18	4.38265852787e-08
0.0604	5.52069579827e-14	2.95939804794e-09	5.86955069964e-14	5.81830205867e-13	5.99733129708e-18	4.41180750201e-08
0.0606	5.57571311075e-14	2.98888656283e-09	5.90848596468e-14	5.85689711783e-13	6.03711443284e-18	4.44105295654e-08
0.0608	5.63109469775e-14	3.0185702734e-09	5.94754993848e-14	5.89561975865e-13	6.07702908263e-18	4.47039489016e-08
0.061	5.68684176071e-14	3.04844982296e-09	5.98674262102e-14	5.93446998107e-13	6.11707524644e-18	4.49983330155e-08
0.0612	5.74295550111e-14	3.07852585481e-09	6.02606401229e-14	5.97344778508e-13	6.15725292428e-18	4.52936818938e-08
0.0614	5.7994371204e-14	3.10879901222e-09	6.06551411227e-14	6.01255317063e-13	6.19756211613e-18	4.55899955234e-08
0.0616	5.85628782001e-14	3.1392699385e-09	6.10509292094e-14	6.05178613768e-13	6.238002822e-18	4.58872738912e-08
0.0618	5.91350880139e-14	3.16993927691e-09	6.14480043828e-14	6.09114668621e-13	6.27857504188e-18	4.6185516984e-08
0.062	5.97110126598e-14	3.20080767072e-09	6.18463666427e-14	6.13063481617e-13	6.31927877578e-18	4.64847247885e-08
0.0622	6.02906641521e-14	3.23187576321e-09	6.22460159889e-14	6.17025052754e-13	6.36011402368e-18	4.67848972917e-08
0.0624	6.08740545051e-14	3.26314419763e-09	6.26469524213e-14	6.20999382027e-13	6.40108078558e-18	4.70860344803e-08
0.0626	6.14611957329e-14	3.29461361724e-09	6.30491759396e-14	6.24986469434e-13	6.44217906149e-18	4.73881363411e-08
0.0628	6.20520998498e-14	3.32628466528e-09	6.34526865436e-14	6.2898631497e-13	6.48340885139e-18	4.76912028611e-08
0.063	6.26467788698e-14	3.35815798499e-09	6.38574842333e-14	6.32998918632e-13	6.52477015529e-18	4.7995234027e-08
0.0632	6.3245244807e-14	3.39023421962e-09	6.42635690083e-14	6.37024280417e-13	6.56626297317e-18	4.83002298256e-08
0.0634	6.38475096754e-14	3.42251401239e-09	6.46709408686e-14	6.41062400322e-13	6.60788730505e-18	4.86061902439e-08
0.0636	6.4453585489e-14	3.45499800653e-09	6.50795998138e-14	6.45113278341e-13	6.64964315091e-18	4.89131152685e-08
0.0638	6.50634842617e-14	3.48768684525e-09	6.54895458439e-14	6.49176914473e-13	6.69153051076e-18	4.92210048863e-08
0.064	6.56772180074e-14	3.52058117177e-09	6.59007789586e-14	6.53253308714e-13	6.73354938458e-18	4.95298590843e-08
0.0642	6.62947987399e-14	3.55368162929e-09	6.63132991577e-14	6.5734246106e-13	6.77569977238e-18	4.98396778491e-08
0.0644	6.69162384728e-14	3.58698886101e-09	6.67271064411e-14	6.61444371507e-13	6.81798167415e-18	5.01504611676e-08
0.0646	6.75415492201e-14	3.62050351013e-09	6.71422008086e-14	6.65559040053e-13	6.86039508989e-18	5.04622090266e-08
0.0648	6.81707429952e-14	3.65422621984e-09	6.75585822599e-14	6.69686466693e-13	6.9029400196e-18	5.07749214131e-08
0.065	6.88038318118e-14	3.68815763331e-09	6.7976250795e-14	6.73826651424e-13	6.94561646327e-18	5.10885983137e-08
0.0652	6.94408276836e-14	3.72229839373e-09	6.83952064135e-14	6.77979594242e-13	6.9884244209e-18	5.14032397153e-08
0.0654	7.00817426239e-14	3.75664914426e-09	6.88154491154e-14	6.82145295145e-13	7.03136389249e-18	5.17188456049e-08
0.0656	7.07265886462e-14	3.79121052807e-09	6.92369789004e-14	6.86323754128e-13	7.07443487803e-18	5.20354159691e-08
0.0658	7.1375377764e-14	3.82598318832e-09	6.96597957683e-14	6.90514971189e-13	7.11763737753e-18	5.23529507948e-08
0.066	7.20281219907e-14	3.86096776816e-09	7.0083899719e-14	6.94718946323e-13	7.16097139097e-18	5.26714500688e-08
0.0662	7.26848333394e-14	3.89616491073e-09	7.05092907522e-14	6.98935679527e-13	7.20443691835e-18	5.2990913778e-08
0.0664	7.33455238236e-14	3.93157525918e-09	7.09359688678e-14	7.03165170797e-13	7.24803395968e-18	5.33113419092e-08
0.0666	7.40102054563e-14	3.96719945664e-09	7.13639340656e-14	7.07407420131e-13	7.29176251495e-18	5.36327344493e-08
0.0668	7.46788902508e-14	4.00303814624e-09	7.17931863455e-14	7.11662427524e-13	7.33562258415e-18	5.3955091385e-08
0.067	7.53515902201e-14	4.0390919711e-09	7.22237257071e-14	7.15930192973e-13	7.37961416729e-18	5.42784127032e-08
0.0672	7.60283173774e-14	4.07536157434e-09	7.26555521503e-14	7.20210716474e-13	7.42373726436e-18	5.46026983907e-08
0.0674	7.67090837356e-14	4.11184759907e-09	7.3088665675e-14	7.24503998024e-13	7.46799187535e-18	5.49279484343e-08
0.0676	7.73939013077e-14	4.1485506884e-09	7.35230662809e-14	7.2881003762e-13	7.51237800026e-18	5.52541628209e-08
0.0678	7.80827821065e-14	4.18547148541e-09	7.39587539679e-14	7.33128835258e-13	7.5568956391e-18	5.55813415373e-08
0.068	7.8775738145e-14	4.22261063321e-09	7.43957287357e-14	7.37460390935e-13	7.60154479185e-18	5.59094845704e-08
0.0682	7.9472781436e-14	4.25996877488e-09	7.48339905842e-14	7.41804704646e-13	7.64632545851e-18	5.62385919069e-08
0.0684	8.01739239921e-14	4.29754655351e-09	7.52735395133e-14	7.46161776389e-13	7.69123763909e-18	5.65686635337e-08
0.0686	8.08791778262e-14	4.33534461216e-09	7.57143755226e-14	7.50531606159e-13	7.73628133358e-18	5.68996994377e-08
0.0688	8.15885549509e-14	4.37336359391e-09	7.6156498612e-14	7.54914193954e-13	7.78145654197e-18	5.72316996055e-08
0.069	8.23020673787e-14	4.41160414182e-09	7.65999087814e-14	7.5930953977e-13	7.82676326426e-18	5.75646640242e-08
0.0692	8.30197271222e-14	4.45006689894e-09	7.70446060305e-14	7.63717643604e-13	7.87220150045e-18	5.78985926805e-08
0.0694	8.3741546194e-14	4.48875250833e-09	7.74905903592e-14	7.68138505451e-13	7.91777125053e-18	5.82334855612e-08
0.0696	8.44675366065e-14	4.52766161303e-09	7.79378617672e-14	7.72572125308e-13	7.96347251451e-18	5.85693426533e-08
0.0698	8.51977103721e-14	4.56679485608e-09	7.83864202544e-14	7.77018503173e-13	8.00930529237e-18	5.89061639434e-08
0.07	8.59320795031e-14	4.60615288052e-09	7.88362658206e-14	7.81477639041e-13	8.05526958413e-18	5.92439494184e-08
0.0702	8.66706560118e-14	4.64573632936e-09	7.92873984656e-14	7.85949532909e-13	8.10136538976e-18	5.95826990653e-08
0.0704	8.74134519106e-14	4.68554584564e-09	7.97398181892e-14	7.90434184773e-13	8.14759270928e-18	5.99224128707e-08
0.0706	8.81604792116e-14	4.72558207237e-09	8.01935249912e-14	7.9493159463e-13	8.19395154267e-18	6.02630908216e-08
0.0708	8.89117499269e-14	4.76584565255e-09	8.06485188715e-14	7.99441762476e-13	8.24044188993e-18	6.06047329047e-08
0.071	8.96672760687e-14	4.80633722919e-09	8.11047998298e-14	8.03964688308e-13	8.28706375107e-18	6.09473391069e-08
0.0712	9.0427069649e-14	4.84705744528e-09	8.15623678659e-14	8.08500372122e-13	8.33381712607e-18	6.12909094151e-08
0.0714	9.11911426798e-14	4.88800694382e-09	8.20212229798e-14	8.13048813915e-13	8.38070201494e-18	6.1635443816e-08
0.0716	9.19595071731e-14	4.9291863678e-09	8.24813651711e-14	8.17610013684e-13	8.42771841767e-18	6.19809422965e-08
0.0718	9.27321751408e-14	4.97059636018e-09	8.29427944397e-14	8.22183971424e-13	8.47486633426e-18	6.23274048434e-08
0.072	9.35091585947e-14	5.01223756395e-09	8.34055107854e-14	8.26770687133e-13	8.5221457647e-18	6.26748314436e-08
0.0722	9.42904695466e-14	5.05411062208e-09	8.38695142081e-14	8.31370160806e-13	8.569556709e-18	6.30232220839e-08
0.0724	9.50761200083e-14	5.09621617751e-09	8.43348047075e-14	8.3598239244e-13	8.61709916714e-18	6.33725767511e-08
0.0726	9.58661219914e-14	5.13855487322e-09	8.48013822834e-14	8.40607382033e-13	8.66477313913e-18	6.3722895432e-08
0.0728	9.66604875077e-14	5.18112735214e-09	8.52692469356e-14	8.45245129579e-13	8.71257862497e-18	6.40741781136e-08
0.073	9.74592285687e-14	5.22393425723e-09	8.57383986641e-14	8.49895635077e-13	8.76051562464e-18	6.44264247825e-08
0.0732	9.8262357186e-14	5.26697623141e-09	8.62088374685e-14	8.54558898521e-13	8.80858413815e-18	6.47796354257e-08
0.0734	9.9069885371e-14	5.31025391763e-09	8.66805633487e-14	8.59234919909e-13	8.85678416549e-18	6.513381003e-08
0.0736	9.98818251353e-14	5.3537679588e-09	8.71535763045e-14	8.63923699238e-13	8.90511570666e-18	6.54889485822e-08
0.0738	1.0069818849e-13	5.39751899785e-09	8.76278763357e-14	8.68625236503e-13	8.95357876166e-18	6.58450510692e-08
0.074	1.01518987447e-13	5.44150767768e-09	8.81034634421e-14	8.73339531701e-13	9.00217333048e-18	6.62021174777e-08
0.0742	1.02344234017e-13	5.48573464121e-09	8.85803376236e-14	8.78066584829e-13	9.05089941313e-18	6.65601477947e-08
0.0744	1.03173940212e-13	5.53020053134e-09	8.90584988799e-14	8.82806395883e-13	9.09975700959e-18	6.69191420069e-08
0.0746	1.04008118042e-13	5.57490599097e-09	8.95379472109e-14	8.8755896486e-13	9.14874611987e-18	6.72791001012e-08
0.0748	1.04846779519e-13	5.61985166297e-09	9.00186826163e-14	8.92324291756e-13	9.19786674396e-18	6.76400220644e-08
0.075	1.05689936654e-13	5.66503819025e-09	9.05007050961e-14	8.97102376568e-13	9.24711888186e-18	6.80019078834e-08
0.0752	1.06537601459e-13	5.71046621567e-09	9.09840146499e-14	9.01893219291e-13	9.29650253356e-18	6.83647575449e-08
0.0754	1.07389785943e-13	5.75613638211e-09	9.14686112776e-14	9.06696819924e-13	9.34601769907e-18	6.87285710359e-08
0.0756	1.08246502118e-13	5.80204933242e-09	9.19544949791e-14	9.11513178461e-13	9.39566437838e-18	6.90933483432e-08
0.0758	1.09107761995e-13	5.84820570949e-09	9.24416657541e-14	9.163422949e-13	9.44544257148e-18	6.94590894535e-08
0.076	1.09973577584e-13	5.89460615614e-09	9.29301236024e-14	9.21184169238e-13	9.49535227837e-18	6.98257943538e-08
0.0762	1.10843960897e-13	5.94125131525e-09	9.34198685239e-14	9.26038801469e-13	9.54539349906e-18	7.01934630308e-08
0.0764	1.11718923945e-13	5.98814182963e-09	9.39109005183e-14	9.30906191592e-13	9.59556623353e-18	7.05620954714e-08
0.0766	1.12598478737e-13	6.03527834214e-09	9.44032195856e-14	9.35786339603e-13	9.64587048179e-18	7.09316916624e-08
0.0768	1.13482637285e-13	6.0826614956e-09	9.48968257254e-14	9.40679245497e-13	9.69630624383e-18	7.13022515908e-08
0.077	1.14371411599e-13	6.13029193284e-09	9.53917189376e-14	9.45584909272e-13	9.74687351964e-18	7.16737752432e-08
0.0772	1.15264813689e-13	6.17817029667e-09	9.5887899222e-14	9.50503330924e-13	9.79757230923e-18	7.20462626065e-08
0.0774	1.16162855567e-13	6.22629722991e-09	9.63853665785e-14	9.5543451045e-13	9.84840261259e-18	7.24197136677e-08
0.0776	1.17065549243e-13	6.27467337536e-09	9.68841210068e-14	9.60378447846e-13	9.89936442972e-18	7.27941284134e-08
0.0778	1.17972906726e-13	6.32329937582e-09	9.73841625067e-14	9.65335143108e-13	9.95045776062e-18	7.31695068306e-08
0.078	1.18884940028e-13	6.37217587408e-09	9.78854910781e-14	9.70304596233e-13	1.00016826053e-17	7.3545848906e-08
0.0782	1.19801661159e-13	6.42130351294e-09	9.83881067208e-14	9.75286807218e-13	1.00530389637e-17	7.39231546266e-08
0.0784	1.20723082129e-13	6.47068293518e-09	9.88920094346e-14	9.80281776059e-13	1.01045268359e-17	7.43014239791e-08
0.0786	1.21649214947e-13	6.52031478357e-09	9.93971992193e-14	9.85289502752e-13	1.01561462218e-17	7.46806569504e-08
0.0788	1.22580071625e-13	6.57019970088e-09	9.99036760746e-14	9.90309987294e-13	1.02078971215e-17	7.50608535273e-08
0.079	1.23515664172e-13	6.62033832988e-09	1.00411440001e-13	9.95343229682e-13	1.02597795349e-17	7.54420136967e-08
0.0792	1.24456004599e-13	6.67073131333e-09	1.00920490997e-13	1.00038922991e-12	1.03117934621e-17	7.58241374454e-08
0.0794	1.25401104915e-13	6.72137929398e-09	1.01430829063e-13	1.00544798798e-12	1.0363938903e-17	7.62072247602e-08
0.0796	1.2635097713e-13	6.77228291456e-09	1.01942454199e-13	1.01051950388e-12	1.04162158576e-17	7.6591275628e-08
0.0798	1.27305633255e-13	6.82344281784e-09	1.02455366406e-13	1.01560377762e-12	1.0468624326e-17	7.69762900356e-08
0.08	1.28265085298e-13	6.87485964653e-09	1.02969565681e-13	1.02070080918e-12	1.05211643081e-17	7.73622679699e-08
0.0802	1.2922934527e-13	6.92653404337e-09	1.03485052026e-13	1.02581059857e-12	1.05738358039e-17	7.77492094176e-08
0.0804	1.30198425181e-13	6.97846665108e-09	1.04001825441e-13	1.03093314577e-12	1.06266388135e-17	7.81371143656e-08
0.0806	1.31172337041e-13	7.03065811238e-09	1.04519885924e-13	1.0360684508e-12	1.06795733368e-17	7.85259828008e-08
0.0808	1.32151092858e-13	7.08310906997e-09	1.05039233476e-13	1.04121651364e-12	1.07326393738e-17	7.891581471e-08
0.081	1.33134704642e-13	7.13582016657e-09	1.05559868097e-13	1.04637733429e-12	1.07858369245e-17	7.930661008e-08
0.0812	1.34123184404e-13	7.18879204486e-09	1.06081789786e-13	1.05155091274e-12	1.08391659889e-17	7.96983688977e-08
0.0814	1.35116544152e-13	7.24202534755e-09	1.06604998543e-13	1.056737249e-12	1.08926265671e-17	8.00910911499e-08
0.0816	1.36114795896e-13	7.29552071732e-09	1.07129494369e-13	1.06193634306e-12	1.09462186589e-17	8.04847768235e-08
0.0818	1.37117951645e-13	7.34927879685e-09	1.07655277262e-13	1.06714819492e-12	1.09999422645e-17	8.08794259052e-08
0.082	1.3812602341e-13	7.40330022882e-09	1.08182347223e-13	1.07237280457e-12	1.10537973837e-17	8.1275038382e-08
0.0822	1.39139023198e-13	7.45758565589e-09	1.08710704252e-13	1.077610172e-12	1.11077840167e-17	8.16716142406e-08
0.0824	1.40156963019e-13	7.51213572072e-09	1.09240348348e-13	1.08286029723e-12	1.11619021633e-17	8.20691534679e-08
0.0826	1.41179854883e-13	7.56695106598e-09	1.09771279511e-13	1.08812318023e-12	1.12161518236e-17	8.24676560507e-08
0.0828	1.42207710798e-13	7.62203233432e-09	1.10303497741e-13	1.09339882102e-12	1.12705329977e-17	8.28671219759e-08
0.083	1.43240542774e-13	7.67738016837e-09	1.10837003038e-13	1.09868721958e-12	1.13250456854e-17	8.32675512304e-08
0.0832	1.44278362819e-13	7.73299521078e-09	1.11371795401e-13	1.10398837591e-12	1.13796898868e-17	8.36689438008e-08
0.0834	1.45321182943e-13	7.78887810419e-09	1.11907874831e-13	1.10930229001e-12	1.14344656018e-17	8.40712996742e-08
0.0836	1.46369015155e-13	7.84502949121e-09	1.12445241327e-13	1.11462896188e-12	1.14893728306e-17	8.44746188373e-08
0.0838	1.47421871463e-13	7.90145001447e-09	1.12983894889e-13	1.1199683915e-12	1.1544411573e-17	8.4878901277e-08
0.084	1.48479763877e-13	7.95814031658e-09	1.13523835516e-13	1.12532057889e-12	1.15995818291e-17	8.52841469801e-08
0.0842	1.49542704404e-13	8.01510104016e-09	1.1406506321e-13	1.13068552403e-12	1.16548835988e-17	8.56903559334e-08
0.0844	1.50610705054e-13	8.0723328278e-09	1.14607577969e-13	1.13606322691e-12	1.17103168822e-17	8.60975281238e-08
0.0846	1.51683777836e-13	8.12983632211e-09	1.15151379793e-13	1.14145368755e-12	1.17658816793e-17	8.65056635382e-08
0.0848	1.52761934758e-13	8.18761216568e-09	1.15696468682e-13	1.14685690593e-12	1.182157799e-17	8.69147621633e-08
0.085	1.53845187829e-13	8.24566100108e-09	1.16242844636e-13	1.15227288205e-12	1.18774058144e-17	8.73248239861e-08
0.0852	1.54933549057e-13	8.3039834709e-09	1.16790507654e-13	1.15770161591e-12	1.19333651525e-17	8.77358489932e-08
0.0854	1.5602703045e-13	8.36258021772e-09	1.17339457738e-13	1.1631431075e-12	1.19894560042e-17	8.81478371717e-08
0.0856	1.57125644018e-13	8.42145188409e-09	1.17889694885e-13	1.16859735682e-12	1.20456783695e-17	8.85607885083e-08
0.0858	1.58229401769e-13	8.48059911259e-09	1.18441219097e-13	1.17406436386e-12	1.21020322485e-17	8.89747029899e-08
0.086	1.5933831571e-13	8.54002254576e-09	1.18994030372e-13	1.17954412863e-12	1.21585176411e-17	8.93895806033e-08
0.0862	1.6045239785e-13	8.59972282616e-09	1.19548128712e-13	1.18503665112e-12	1.22151345473e-17	8.98054213353e-08
0.0864	1.61571660198e-13	8.65970059632e-09	1.20103514114e-13	1.19054193132e-12	1.22718829672e-17	9.02222251728e-08
0.0866	1.62696114761e-13	8.7199564988e-09	1.20660186581e-13	1.19605996924e-12	1.23287629007e-17	9.06399921027e-08
0.0868	1.63825773548e-13	8.78049117611e-09	1.2121814611e-13	1.20159076486e-12	1.23857743478e-17	9.10587221117e-08
0.087	1.64960648567e-13	8.84130527079e-09	1.21777392702e-13	1.20713431819e-12	1.24429173086e-17	9.14784151868e-08
0.0872	1.66100751826e-13	8.90239942534e-09	1.22337926358e-13	1.21269062922e-12	1.25001917829e-17	9.18990713147e-08
0.0874	1.67246095332e-13	8.9637742823e-09	1.22899747076e-13	1.21825969795e-12	1.25575977709e-17	9.23206904823e-08
0.0876	1.68396691095e-13	9.02543048416e-09	1.23462854856e-13	1.22384152437e-12	1.26151352725e-17	9.27432726765e-08
0.0878	1.6955255112e-13	9.08736867343e-09	1.24027249698e-13	1.22943610849e-12	1.26728042878e-17	9.3166817884e-08
0.088	1.70713687418e-13	9.1495894926e-09	1.24592931603e-13	1.23504345029e-12	1.27306048166e-17	9.35913260917e-08
0.0882	1.71880111994e-13	9.21209358416e-09	1.25159900569e-13	1.24066354978e-12	1.2788536859e-17	9.40167972866e-08
0.0884	1.73051836857e-13	9.27488159059e-09	1.25728156597e-13	1.24629640694e-12	1.2846600415e-17	9.44432314553e-08
0.0886	1.74228874016e-13	9.33795415438e-09	1.26297699687e-13	1.25194202179e-12	1.29047954847e-17	9.48706285848e-08
0.0888	1.75411235476e-13	9.40131191799e-09	1.26868529838e-13	1.25760039431e-12	1.29631220679e-17	9.52989886618e-08
0.089	1.76598933246e-13	9.46495552389e-09	1.2744064705e-13	1.26327152449e-12	1.30215801647e-17	9.57283116733e-08
0.0892	1.77791979333e-13	9.52888561455e-09	1.28014051323e-13	1.26895541235e-12	1.30801697751e-17	9.61585976061e-08
0.0894	1.78990385746e-13	9.59310283241e-09	1.28588742656e-13	1.27465205786e-12	1.31388908991e-17	9.6589846447e-08
0.0896	1.8019416449e-13	9.65760781992e-09	1.2916472105e-13	1.28036146104e-12	1.31977435366e-17	9.70220581829e-08
0.0898	1.81403327574e-13	9.72240121952e-09	1.29741986505e-13	1.28608362187e-12	1.32567276878e-17	9.74552328006e-08
0.09	1.82617887006e-13	9.78748367365e-09	1.3032053902e-13	1.29181854036e-12	1.33158433525e-17	9.78893702869e-08
0.0902	1.83837854791e-13	9.85285582475e-09	1.30900378594e-13	1.29756621649e-12	1.33750905308e-17	9.83244706287e-08
0.0904	1.85063242938e-13	9.91851831523e-09	1.31481505229e-13	1.30332665027e-12	1.34344692227e-17	9.87605338128e-08
0.0906	1.86294063453e-13	9.98447178751e-09	1.32063918923e-13	1.30909984169e-12	1.34939794281e-17	9.91975598262e-08
0.0908	1.87530328345e-13	1.0050716884e-08	1.32647619677e-13	1.31488579075e-12	1.35536211471e-17	9.96355486555e-08
0.091	1.88772049619e-13	1.01172542471e-08	1.33232607489e-13	1.32068449745e-12	1.36133943797e-17	1.00074500288e-07
0.0912	1.90019239283e-13	1.01840845193e-08	1.33818882361e-13	1.32649596177e-12	1.36732991258e-17	1.0051441471e-07
0.0914	1.91271909344e-13	1.02512083428e-08	1.34406444292e-13	1.33232018373e-12	1.37333353855e-17	1.00955291908e-07
0.0916	1.92530071808e-13	1.03186263602e-08	1.34995293281e-13	1.33815716331e-12	1.37935031587e-17	1.0139713187e-07
0.0918	1.93793738684e-13	1.03863392137e-08	1.35585429329e-13	1.3440069005e-12	1.38538024455e-17	1.01839934582e-07
0.092	1.95062921977e-13	1.04543475458e-08	1.36176852435e-13	1.34986939532e-12	1.39142332458e-17	1.02283700031e-07
0.0922	1.96337633694e-13	1.05226519988e-08	1.36769562599e-13	1.35574464775e-12	1.39747955597e-17	1.02728428204e-07
0.0924	1.97617885842e-13	1.05912532152e-08	1.37363559821e-13	1.36163265779e-12	1.40354893871e-17	1.03174119088e-07
0.0926	1.98903690427e-13	1.06601518372e-08	1.37958844101e-13	1.36753342544e-12	1.4096314728e-17	1.0362077267e-07
0.0928	2.00195059457e-13	1.07293485072e-08	1.38555415438e-13	1.37344695069e-12	1.41572715825e-17	1.04068388936e-07
0.093	2.01492004938e-13	1.07988438675e-08	1.39153273833e-13	1.37937323354e-12	1.42183599505e-17	1.04516967873e-07
0.0932	2.02794538876e-13	1.08686385605e-08	1.39752419285e-13	1.38531227399e-12	1.4279579832e-17	1.04966509469e-07
0.0934	2.04102673278e-13	1.09387332286e-08	1.40352851794e-13	1.39126407203e-12	1.43409312271e-17	1.05417013709e-07
0.0936	2.0541642015e-13	1.1009128514e-08	1.40954571359e-13	1.39722862766e-12	1.44024141356e-17	1.05868480581e-07
0.0938	2.06735791499e-13	1.10798250591e-08	1.41557577981e-13	1.40320594088e-12	1.44640285577e-17	1.06320910072e-07
0.094	2.08060799331e-13	1.11508235063e-08	1.4216187166e-13	1.40919601167e-12	1.45257744933e-17	1.06774302169e-07
0.0942	2.09391455652e-13	1.12221244977e-08	1.42767452395e-13	1.41519884005e-12	1.45876519424e-17	1.07228656858e-07
0.0944	2.10727772468e-13	1.12937286757e-08	1.43374320186e-13	1.421214426e-12	1.46496609051e-17	1.07683974126e-07
0.0946	2.12069761786e-13	1.13656366826e-08	1.43982475033e-13	1.42724276953e-12	1.47118013812e-17	1.0814025396e-07
0.0948	2.13417435612e-13	1.14378491608e-08	1.44591916935e-13	1.43328387062e-12	1.47740733708e-17	1.08597496347e-07
0.095	2.14770805952e-13	1.15103667524e-08	1.45202645893e-13	1.43933772928e-12	1.4836476874e-17	1.09055701274e-07
0.0952	2.16129884811e-13	1.15831900998e-08	1.45814661906e-13	1.44540434549e-12	1.48990118906e-17	1.09514868727e-07
0.0954	2.17494684197e-13	1.16563198452e-08	1.46427964974e-13	1.45148371927e-12	1.49616784207e-17	1.09974998694e-07
0.0956	2.18865216114e-13	1.1729756631e-08	1.47042555097e-13	1.4575758506e-12	1.50244764643e-17	1.10436091162e-07
0.0958	2.20241492568e-13	1.18035010993e-08	1.47658432275e-13	1.46368073948e-12	1.50874060214e-17	1.10898146116e-07
0.096	2.21623525566e-13	1.18775538925e-08	1.48275596507e-13	1.46979838591e-12	1.5150467092e-17	1.11361163544e-07
0.0962	2.23011327113e-13	1.19519156528e-08	1.48894047794e-13	1.47592878988e-12	1.52136596761e-17	1.11825143434e-07
0.0964	2.24404909216e-13	1.20265870224e-08	1.49513786135e-13	1.48207195139e-12	1.52769837736e-17	1.12290085771e-07
0.0966	2.25804283878e-13	1.21015686435e-08	1.5013481153e-13	1.48822787044e-12	1.53404393846e-17	1.12755990542e-07
0.0968	2.27209463107e-13	1.21768611585e-08	1.50757123978e-13	1.49439654702e-12	1.54040265091e-17	1.13222857735e-07
0.097	2.28620458908e-13	1.22524652095e-08	1.5138072348e-13	1.50057798113e-12	1.5467745147e-17	1.13690687336e-07
0.0972	2.30037283285e-13	1.23283814387e-08	1.52005610036e-13	1.50677217277e-12	1.55315952985e-17	1.14159479332e-07
0.0974	2.31459948246e-13	1.24046104884e-08	1.52631783645e-13	1.51297912193e-12	1.55955769633e-17	1.1462923371e-07
0.0976	2.32888465795e-13	1.24811530008e-08	1.53259244306e-13	1.51919882861e-12	1.56596901417e-17	1.15099950457e-07
0.0978	2.34322847937e-13	1.25580096181e-08	1.53887992021e-13	1.52543129281e-12	1.57239348335e-17	1.15571629559e-07
0.098	2.35763106678e-13	1.26351809824e-08	1.54518026788e-13	1.53167651451e-12	1.57883110387e-17	1.16044271004e-07
0.0982	2.37209254023e-13	1.2712667736e-08	1.55149348608e-13	1.53793449373e-12	1.58528187574e-17	1.16517874779e-07
0.0984	2.38661301978e-13	1.27904705211e-08	1.5578195748e-13	1.54420523045e-12	1.59174579896e-17	1.16992440869e-07
0.0986	2.40119262547e-13	1.28685899798e-08	1.56415853404e-13	1.55048872467e-12	1.59822287351e-17	1.17467969262e-07
0.0988	2.41583147735e-13	1.29470267543e-08	1.5705103638e-13	1.55678497639e-12	1.60471309942e-17	1.17944459946e-07
0.099	2.43052969548e-13	1.30257814867e-08	1.57687506408e-13	1.56309398561e-12	1.61121647666e-17	1.18421912906e-07
0.0992	2.44528739991e-13	1.31048548193e-08	1.58325263487e-13	1.56941575232e-12	1.61773300525e-17	1.18900328129e-07
0.0994	2.46010471069e-13	1.31842473942e-08	1.58964307617e-13	1.57575027651e-12	1.62426268519e-17	1.19379705603e-07
0.0996	2.47498174786e-13	1.32639598536e-08	1.59604638799e-13	1.58209755819e-12	1.63080551646e-17	1.19860045314e-07
0.0998	2.48991863148e-13	1.33439928395e-08	1.60246257031e-13	1.58845759735e-12	1.63736149908e-17	1.2034134725e-07
0.1	2.50491548158e-13	1.34243469941e-08	1.60889162315e-13	1.59483039398e-12	1.64393063304e-17	1.20823611396e-07
