0	0.0	0.0	0.0	0.0	0.0	0.0
0.0002	6.33151064313e-22	3.39534045872e-17	2.03233357671e-19	2.01461475905e-18	2.07655208924e-23	1.52965859807e-13
0.0004	5.06520321756e-21	2.71626606838e-16	8.12933391067e-19	8.05845829747e-18	8.30620829177e-23	6.11860658036e-13
0.0006	1.70950429821e-20	9.16737672308e-16	1.82910004076e-18	1.81315295071e-17	1.86889685098e-22	1.37668022293e-12
0.0008	4.05215409894e-20	2.17300277699e-15	3.25173324734e-18	3.22338272799e-17	3.32248326456e-22	2.44742038277e-12
0.001	7.91435519804e-20	4.24413620732e-15	5.08083295136e-18	5.03653505077e-17	5.19138006014e-22	3.82407696587e-12
0.0012	1.36759914805e-19	7.3338503602e-15	7.31639909341e-18	7.25260980825e-17	7.47558722793e-22	5.50664580058e-12
0.0014	2.17169452423e-19	1.1645855743e-14	9.95843161406e-18	9.8716068896e-17	1.01751047582e-21	7.49512271531e-12
0.0016	3.24170971903e-19	1.73838609736e-14	1.30069304539e-17	1.2893526184e-16	1.32899326411e-21	9.78950353848e-12
0.0018	4.61563264424e-19	2.47515727802e-14	1.64618955535e-17	1.63183675807e-16	1.68200708668e-21	1.23897840986e-11
0.002	6.33145105272e-19	3.39526960018e-14	2.03233268534e-17	2.01461309688e-16	2.07655194257e-21	1.52959602241e-11
0.0022	8.42715253846e-19	4.51909335877e-14	2.45912242942e-17	2.43768162376e-16	2.5126278308e-21	1.85080277435e-11
0.0024	1.09407245365e-18	5.86699865978e-14	2.92655878164e-17	2.90104232761e-16	2.99023475037e-21	2.20259824855e-11
0.0026	1.39101543231e-18	7.45935542025e-14	3.43464173608e-17	3.40469519737e-16	3.50937270033e-21	2.58498202787e-11
0.0028	1.73734290154e-18	9.31653336828e-14	3.98337128677e-17	3.94864022195e-16	4.07004167968e-21	2.99795369517e-11
0.003	2.13685355717e-18	1.1458902043e-13	4.57274742779e-17	4.53287739027e-16	4.67224168746e-21	3.44151283332e-11
0.0032	2.59334607917e-18	1.39068307947e-13	5.20277015318e-17	5.15740669124e-16	5.31597272268e-21	3.9156590252e-11
0.0034	3.11061913157e-18	1.66806887845e-13	5.87343945701e-17	5.8222281138e-16	6.00123478437e-21	4.42039185368e-11
0.0036	3.69247136255e-18	1.98008449848e-13	6.58475533333e-17	6.52734164684e-16	6.72802787155e-21	4.95571090165e-11
0.0038	4.34270140439e-18	2.32876681791e-13	7.3367177762e-17	7.2727472793e-16	7.49635198323e-21	5.52161575198e-11
0.004	5.06510787345e-18	2.71615269617e-13	8.12932677968e-17	8.0584450001e-16	8.30620711845e-21	6.11810598758e-11
0.0042	5.86348937025e-18	3.14427897381e-13	8.96258233783e-17	8.88443479815e-16	9.15759327623e-21	6.74518119132e-11
0.0044	6.74164447938e-18	3.61518247249e-13	9.83648444469e-17	9.75071666236e-16	1.00505104556e-20	7.40284094611e-11
0.0046	7.70337176956e-18	4.13089999499e-13	1.07510330943e-16	1.06572905817e-15	1.09849586555e-20	8.09108483484e-11
0.0048	8.75246979361e-18	4.69346832515e-13	1.17062282808e-16	1.1604156545e-15	1.19609378751e-20	8.80991244043e-11
0.005	9.89273708847e-18	5.30492422797e-13	1.27020699982e-16	1.25913145412e-15	1.29784481133e-20	9.55932334577e-11
0.0052	1.11279721752e-17	5.96730444953e-13	1.37385582405e-16	1.36187645593e-15	1.40374893692e-20	1.03393171338e-10
0.0054	1.24619735589e-17	6.68264571702e-13	1.48156930019e-16	1.46865065882e-15	1.51380616418e-20	1.11498933874e-10
0.0056	1.38985397289e-17	7.45298473873e-13	1.59334742763e-16	1.57945406167e-15	1.62801649301e-20	1.19910516895e-10
0.0058	1.54414691585e-17	8.28035820407e-13	1.70919020578e-16	1.69428666339e-15	1.74637992331e-20	1.2862791623e-10
0.006	1.70945603053e-17	9.16680278355e-13	1.82909763406e-16	1.81314846285e-15	1.86889645499e-20	1.37651127709e-10
0.0062	1.88616116108e-17	1.01143551288e-12	1.95306971185e-16	1.93603945896e-15	1.99556608794e-20	1.4698014716e-10
0.0064	2.07464215008e-17	1.11250518725e-12	2.08110643858e-16	2.06295965061e-15	2.12638882208e-20	1.56614970414e-10
0.0066	2.2752788385e-17	1.22009296286e-12	2.21320781364e-16	2.19390903669e-15	2.2613646573e-20	1.665555933e-10
0.0068	2.48845106574e-17	1.33440249919e-12	2.34937383644e-16	2.32888761608e-15	2.4004935935e-20	1.76802011646e-10
0.007	2.7145386696e-17	1.45563745385e-12	2.48960450639e-16	2.46789538769e-15	2.54377563059e-20	1.87354221283e-10
0.0072	2.95392148629e-17	1.58400148256e-12	2.63389982289e-16	2.6109323504e-15	2.69121076846e-20	1.98212218039e-10
0.0074	3.20697935045e-17	1.71969823915e-12	2.78225978535e-16	2.7579985031e-15	2.84279900703e-20	2.09375997745e-10
0.0076	3.47409209511e-17	1.86293137554e-12	2.93468439318e-16	2.90909384469e-15	2.9985403462e-20	2.2084555623e-10
0.0078	3.75563955172e-17	2.0139045418e-12	3.09117364578e-16	3.06421837407e-15	3.15843478585e-20	2.32620889324e-10
0.008	4.05200155013e-17	2.17282138607e-12	3.25172754255e-16	3.22337209011e-15	3.32248232591e-20	2.44701992856e-10
0.0082	4.36355791862e-17	2.33988555463e-12	3.4163460829e-16	3.38655499171e-15	3.49068296626e-20	2.57088862656e-10
0.0084	4.69068848387e-17	2.51530069186e-12	3.58502926624e-16	3.55376707778e-15	3.66303670682e-20	2.69781494554e-10
0.0086	5.03377307097e-17	2.69927044025e-12	3.75777709197e-16	3.72500834718e-15	3.83954354748e-20	2.82779884379e-10
0.0088	5.39319150342e-17	2.8919984404e-12	3.9345895595e-16	3.90027879883e-15	4.02020348815e-20	2.96084027961e-10
0.009	5.76932360314e-17	3.09368833103e-12	4.11546666824e-16	4.07957843161e-15	4.20501652873e-20	3.0969392113e-10
0.0092	6.16254919046e-17	3.30454374895e-12	4.30040841759e-16	4.26290724441e-15	4.39398266912e-20	3.23609559717e-10
0.0094	6.57324808411e-17	3.52476832912e-12	4.48941480695e-16	4.45026523612e-15	4.58710190922e-20	3.3783093955e-10
0.0096	7.00180010123e-17	3.75456570456e-12	4.68248583574e-16	4.64165240564e-15	4.78437424894e-20	3.5235805646e-10
0.0098	7.44858505739e-17	3.99413950645e-12	4.87962150335e-16	4.83706875186e-15	4.98579968817e-20	3.67190906276e-10
0.01	7.91398276656e-17	4.24369336404e-12	5.08082180919e-16	5.03651427367e-15	5.19137822683e-20	3.8232948483e-10
0.0102	8.39837304112e-17	4.50343090471e-12	5.28608675268e-16	5.23998896996e-15	5.40110986481e-20	3.9777378795e-10
0.0104	8.90213569186e-17	4.77355575396e-12	5.49541633321e-16	5.44749283962e-15	5.61499460201e-20	4.13523811467e-10
0.0106	9.42565052799e-17	5.05427153539e-12	5.70881055019e-16	5.65902588155e-15	5.83303243834e-20	4.29579551212e-10
0.0108	9.96929735711e-17	5.34578187071e-12	5.92626940303e-16	5.87458809464e-15	6.0552233737e-20	4.45941003014e-10
0.011	1.05334559853e-16	5.64829037973e-12	6.14779289112e-16	6.09417947778e-15	6.28156740799e-20	4.62608162703e-10
0.0112	1.11185062169e-16	5.9620006804e-12	6.37338101389e-16	6.31780002986e-15	6.51206454111e-20	4.7958102611e-10
0.0114	1.17248278548e-16	6.28711638876e-12	6.60303377073e-16	6.54544974977e-15	6.74671477297e-20	4.96859589065e-10
0.0116	1.23528007003e-16	6.62384111896e-12	6.83675116105e-16	6.7771286364e-15	6.98551810346e-20	5.14443847398e-10
0.0118	1.3002804553e-16	6.97237848328e-12	7.07453318426e-16	7.01283668866e-15	7.2284745325e-20	5.3233379694e-10
0.012	1.3675219211e-16	7.33293209208e-12	7.31637983975e-16	7.25257390542e-15	7.47558405998e-20	5.50529433521e-10
0.0122	1.43704244709e-16	7.70570555387e-12	7.56229112694e-16	7.49634028559e-15	7.7268466858e-20	5.69030752972e-10
0.0124	1.50888001275e-16	8.09090247523e-12	7.81226704524e-16	7.74413582804e-15	7.98226240987e-20	5.87837751122e-10
0.0126	1.58307259741e-16	8.48872646088e-12	8.06630759404e-16	7.99596053169e-15	8.24183123209e-20	6.06950423804e-10
0.0128	1.65965818024e-16	8.89938111365e-12	8.32441277276e-16	8.2518143954e-15	8.50555315236e-20	6.26368766846e-10
0.013	1.73867474027e-16	9.32307003446e-12	8.58658258079e-16	8.51169741809e-15	8.77342817058e-20	6.4609277608e-10
0.0132	1.82016025634e-16	9.75999682236e-12	8.85281701756e-16	8.77560959864e-15	9.04545628666e-20	6.66122447337e-10
0.0134	1.90415270715e-16	1.02103650745e-11	9.12311608245e-16	9.04355093594e-15	9.3216375005e-20	6.86457776446e-10
0.0136	1.99069007124e-16	1.06743783862e-11	9.39747977488e-16	9.31552142888e-15	9.60197181199e-20	7.0709875924e-10
0.0138	2.07981032698e-16	1.11522403507e-11	9.67590809425e-16	9.59152107636e-15	9.88645922105e-20	7.28045391547e-10
0.014	2.1715514526e-16	1.16441545596e-11	9.95840103997e-16	9.87154987727e-15	1.01750997276e-19	7.492976692e-10
0.0142	2.26595142615e-16	1.21503246025e-11	1.02449586114e-15	1.01556078305e-14	1.04678933315e-19	7.70855588029e-10
0.0144	2.36304822554e-16	1.26709540671e-11	1.05355808081e-15	1.04436949349e-14	1.07648400326e-19	7.92719143865e-10
0.0146	2.46287982851e-16	1.32062465393e-11	1.08302676293e-15	1.07358111895e-14	1.1065939831e-19	8.14888332539e-10
0.0148	2.56548421265e-16	1.37564056028e-11	1.11290190745e-15	1.1031956593e-14	1.13711927264e-19	8.37363149881e-10
0.015	2.67089935537e-16	1.43216348399e-11	1.1431835143e-15	1.13321311444e-14	1.16805987187e-19	8.60143591723e-10
0.0152	2.77916323394e-16	1.49021378306e-11	1.17387158343e-15	1.16363348427e-14	1.1994157808e-19	8.83229653896e-10
0.0154	2.89031382548e-16	1.54981181532e-11	1.20496611479e-15	1.19445676865e-14	1.2311869994e-19	9.06621332231e-10
0.0156	3.00438910693e-16	1.61097793841e-11	1.2364671083e-15	1.2256829675e-14	1.26337352767e-19	9.30318622558e-10
0.0158	3.12142705507e-16	1.67373250978e-11	1.26837456391e-15	1.25731208069e-14	1.29597536561e-19	9.5432152071e-10
0.016	3.24146564655e-16	1.73809588669e-11	1.30068848156e-15	1.28934410811e-14	1.32899251318e-19	9.78630022517e-10
0.0162	3.36454285783e-16	1.8040884262e-11	1.33340886119e-15	1.32177904966e-14	1.3624249704e-19	1.00324412381e-09
0.0164	3.49069666522e-16	1.87173048521e-11	1.36653570275e-15	1.35461690522e-14	1.39627273725e-19	1.02816382042e-09
0.0166	3.61996504488e-16	1.94104242041e-11	1.40006900617e-15	1.38785767468e-14	1.43053581372e-19	1.05338910818e-09
0.0168	3.7523859728e-16	2.0120445883e-11	1.43400877139e-15	1.42150135794e-14	1.46521419979e-19	1.07891998292e-09
0.017	3.88799742482e-16	2.08475734519e-11	1.46835499835e-15	1.45554795487e-14	1.50030789547e-19	1.10475644047e-09
0.0172	4.02683737662e-16	2.15920104721e-11	1.503107687e-15	1.48999746538e-14	1.53581690073e-19	1.13089847666e-09
0.0174	4.16894380371e-16	2.23539605031e-11	1.53826683727e-15	1.52484988934e-14	1.57174121558e-19	1.15734608733e-09
0.0176	4.31435468146e-16	2.31336271023e-11	1.57383244911e-15	1.56010522666e-14	1.60808084e-19	1.18409926831e-09
0.0178	4.46310798506e-16	2.39312138252e-11	1.60980452245e-15	1.59576347721e-14	1.64483577397e-19	1.21115801542e-09
0.018	4.61524168956e-16	2.47469242257e-11	1.64618305724e-15	1.63182464088e-14	1.6820060175e-19	1.2385223245e-09
0.0182	4.77079376984e-16	2.55809618556e-11	1.68296805342e-15	1.66828871758e-14	1.71959157057e-19	1.26619219138e-09
0.0184	4.92980220062e-16	2.64335302647e-11	1.72015951092e-15	1.70515570717e-14	1.75759243317e-19	1.29416761189e-09
0.0186	5.09230495647e-16	2.73048330011e-11	1.7577574297e-15	1.74242560957e-14	1.79600860529e-19	1.32244858187e-09
0.0188	5.2583400118e-16	2.81950736111e-11	1.79576180968e-15	1.78009842464e-14	1.83484008693e-19	1.35103509714e-09
0.019	5.42794534085e-16	2.91044556388e-11	1.83417265081e-15	1.81817415229e-14	1.87408687806e-19	1.37992715354e-09
0.0192	5.60115891772e-16	3.00331826267e-11	1.87298995303e-15	1.8566527924e-14	1.91374897869e-19	1.4091247469e-09
0.0194	5.77801871632e-16	3.09814581152e-11	1.91221371628e-15	1.89553434486e-14	1.9538263888e-19	1.43862787305e-09
0.0196	5.95856271043e-16	3.19494856429e-11	1.9518439405e-15	1.93481880956e-14	1.99431910838e-19	1.46843652782e-09
0.0198	6.14282887367e-16	3.29374687466e-11	1.99188062563e-15	1.97450618639e-14	2.03522713743e-19	1.49855070704e-09
0.02	6.33085517949e-16	3.39456109611e-11	2.03232377162e-15	2.01459647524e-14	2.07655047593e-19	1.52897040655e-09
0.0202	6.52267960118e-16	3.49741158194e-11	2.07317337839e-15	2.05508967599e-14	2.11828912387e-19	1.55969562218e-09
0.0204	6.71834011187e-16	3.60231868524e-11	2.1144294459e-15	2.09598578855e-14	2.16044308125e-19	1.59072634976e-09
0.0206	6.91787468455e-16	3.70930275894e-11	2.15609197409e-15	2.13728481278e-14	2.20301234805e-19	1.62206258513e-09
0.0208	7.12132129202e-16	3.81838415576e-11	2.19816096289e-15	2.1789867486e-14	2.24599692426e-19	1.6537043241e-09
0.021	7.32871790696e-16	3.92958322824e-11	2.24063641224e-15	2.22109159588e-14	2.28939680988e-19	1.68565156253e-09
0.0212	7.54010250186e-16	4.04292032873e-11	2.28351832209e-15	2.26359935451e-14	2.33321200489e-19	1.71790429623e-09
0.0214	7.75551304906e-16	4.15841580939e-11	2.32680669238e-15	2.30651002439e-14	2.37744250929e-19	1.75046252104e-09
0.0216	7.97498752073e-16	4.2760900222e-11	2.37050152304e-15	2.34982360539e-14	2.42208832306e-19	1.7833262328e-09
0.0218	8.19856388892e-16	4.39596331894e-11	2.41460281402e-15	2.39354009742e-14	2.4671494462e-19	1.81649542733e-09
0.022	8.42628012548e-16	4.51805605119e-11	2.45911056526e-15	2.43765950036e-14	2.51262587869e-19	1.84997010047e-09
0.0222	8.65817420211e-16	4.64238857038e-11	2.50402477669e-15	2.4821818141e-14	2.55851762053e-19	1.88375024805e-09
0.0224	8.89428409036e-16	4.76898122771e-11	2.54934544827e-15	2.52710703852e-14	2.60482467171e-19	1.9178358659e-09
0.0226	9.13464776163e-16	4.89785437421e-11	2.59507257992e-15	2.57243517353e-14	2.65154703221e-19	1.95222694986e-09
0.0228	9.37930318713e-16	5.02902836072e-11	2.6412061716e-15	2.618166219e-14	2.69868470202e-19	1.98692349575e-09
0.023	9.62828833795e-16	5.16252353789e-11	2.68774622323e-15	2.66430017483e-14	2.74623768114e-19	2.02192549941e-09
0.0232	9.88164118498e-16	5.29836025619e-11	2.73469273477e-15	2.71083704091e-14	2.79420596956e-19	2.05723295668e-09
0.0234	1.0139399699e-15	5.43655886588e-11	2.78204570615e-15	2.75777681711e-14	2.84258956727e-19	2.09284586338e-09
0.0236	1.04016018506e-15	5.57713971705e-11	2.82980513731e-15	2.80511950335e-14	2.89138847425e-19	2.12876421534e-09
0.0238	1.06682856101e-15	5.72012315959e-11	2.8779710282e-15	2.85286509949e-14	2.9406026905e-19	2.16498800841e-09
0.024	1.0939488948e-15	5.86552954322e-11	2.92654337874e-15	2.90101360544e-14	2.99023221601e-19	2.20151723841e-09
0.0242	1.12152498342e-15	6.01337921744e-11	2.9755221889e-15	2.94956502108e-14	3.04027705077e-19	2.23835190117e-09
0.0244	1.14956062388e-15	6.16369253159e-11	3.02490745859e-15	2.9985193463e-14	3.09073719476e-19	2.27549199254e-09
0.0246	1.17805961316e-15	6.3164898348e-11	3.07469918778e-15	3.04787658099e-14	3.14161264799e-19	2.31293750833e-09
0.0248	1.20702574821e-15	6.47179147603e-11	3.12489737638e-15	3.09763672504e-14	3.19290341043e-19	2.35068844439e-09
0.025	1.236462826e-15	6.62961780404e-11	3.17550202436e-15	3.14779977834e-14	3.24460948208e-19	2.38874479654e-09
0.0252	1.26637464344e-15	6.7899891674e-11	3.22651313164e-15	3.19836574078e-14	3.29673086292e-19	2.42710656063e-09
0.0254	1.29676499745e-15	6.95292591449e-11	3.27793069817e-15	3.24933461224e-14	3.34926755296e-19	2.46577373248e-09
0.0256	1.32763768495e-15	7.11844839352e-11	3.32975472389e-15	3.30070639262e-14	3.40221955218e-19	2.50474630792e-09
0.0258	1.3589965028e-15	7.28657695248e-11	3.38198520873e-15	3.3524810818e-14	3.45558686057e-19	2.54402428279e-09
0.026	1.39084524789e-15	7.4573319392e-11	3.43462215265e-15	3.40465867968e-14	3.50936947811e-19	2.58360765292e-09
0.0262	1.42318771706e-15	7.6307337013e-11	3.48766555558e-15	3.45723918614e-14	3.56356740481e-19	2.62349641415e-09
0.0264	1.45602770714e-15	7.80680258623e-11	3.54111541745e-15	3.51022260107e-14	3.61818064064e-19	2.6636905623e-09
0.0266	1.48936901497e-15	7.98555894124e-11	3.59497173822e-15	3.56360892436e-14	3.67320918561e-19	2.70419009322e-09
0.0268	1.52321543734e-15	8.16702311338e-11	3.64923451782e-15	3.61739815591e-14	3.7286530397e-19	2.74499500273e-09
0.027	1.55757077105e-15	8.35121544954e-11	3.70390375619e-15	3.6715902956e-14	3.7845122029e-19	2.78610528666e-09
0.0272	1.59243881287e-15	8.5381562964e-11	3.75897945327e-15	3.72618534331e-14	3.8407866752e-19	2.82752094086e-09
0.0274	1.62782335956e-15	8.72786600044e-11	3.81446160901e-15	3.78118329895e-14	3.89747645659e-19	2.86924196115e-09
0.0276	1.66372820785e-15	8.920364908e-11	3.87035022334e-15	3.83658416239e-14	3.95458154706e-19	2.91126834337e-09
0.0278	1.70015715447e-15	9.11567336517e-11	3.92664529621e-15	3.89238793353e-14	4.01210194661e-19	2.95360008335e-09
0.028	1.73711399614e-15	9.31381171789e-11	3.98334682755e-15	3.94859461225e-14	4.07003765521e-19	2.99623717692e-09
0.0282	1.77460252955e-15	9.5148003119e-11	4.04045481731e-15	4.00520419845e-14	4.12838867287e-19	3.03917961992e-09
0.0284	1.81262655137e-15	9.71865949275e-11	4.09796926542e-15	4.06221669202e-14	4.18715499957e-19	3.08242740819e-09
0.0286	1.85118985827e-15	9.92540960581e-11	4.15589017183e-15	4.11963209284e-14	4.24633663531e-19	3.12598053754e-09
0.0288	1.89029624689e-15	1.01350709963e-10	4.21421753648e-15	4.1774504008e-14	4.30593358006e-19	3.16983900383e-09
0.029	1.92994951387e-15	1.03476640091e-10	4.2729513593e-15	4.23567161579e-14	4.36594583383e-19	3.21400280288e-09
0.0292	1.97015345581e-15	1.0563208989e-10	4.33209164025e-15	4.29429573771e-14	4.42637339661e-19	3.25847193052e-09
0.0294	2.01091186933e-15	1.07817262808e-10	4.39163837925e-15	4.35332276643e-14	4.48721626837e-19	3.30324638259e-09
0.0296	2.05222855099e-15	1.10032362287e-10	4.45159157626e-15	4.41275270186e-14	4.54847444912e-19	3.34832615493e-09
0.0298	2.09410729737e-15	1.12277591771e-10	4.5119512312e-15	4.47258554387e-14	4.61014793885e-19	3.39371124336e-09
0.03	2.13655190502e-15	1.14553154699e-10	4.57271734402e-15	4.53282129236e-14	4.67223673754e-19	3.43940164372e-09
0.0302	2.17956617048e-15	1.1685925451e-10	4.63388991467e-15	4.59345994722e-14	4.73474084518e-19	3.48539735185e-09
0.0304	2.22315389026e-15	1.19196094641e-10	4.69546894308e-15	4.65450150834e-14	4.79766026177e-19	3.53169836357e-09
0.0306	2.26731886086e-15	1.21563878527e-10	4.75745442919e-15	4.7159459756e-14	4.86099498729e-19	3.57830467473e-09
0.0308	2.31206487878e-15	1.239628096e-10	4.81984637294e-15	4.77779334889e-14	4.92474502174e-19	3.62521628115e-09
0.031	2.35739574048e-15	1.26393091291e-10	4.88264477428e-15	4.84004362811e-14	4.9889103651e-19	3.67243317868e-09
0.0312	2.40331524242e-15	1.2885492703e-10	4.94584963314e-15	4.90269681315e-14	5.05349101737e-19	3.71995536314e-09
0.0314	2.44982718104e-15	1.31348520244e-10	5.00946094947e-15	4.96575290388e-14	5.11848697854e-19	3.76778283036e-09
0.0316	2.49693535277e-15	1.33874074358e-10	5.0734787232e-15	5.02921190021e-14	5.18389824859e-19	3.81591557619e-09
0.0318	2.54464355402e-15	1.36431792795e-10	5.13790295428e-15	5.09307380202e-14	5.24972482752e-19	3.86435359646e-09
0.032	2.59295558116e-15	1.39021878977e-10	5.20273364264e-15	5.1573386092e-14	5.31596671531e-19	3.913096887e-09
0.0322	2.64187523059e-15	1.41644536323e-10	5.26797078823e-15	5.22200632163e-14	5.38262391196e-19	3.96214544364e-09
0.0324	2.69140629866e-15	1.44299968252e-10	5.33361439099e-15	5.28707693922e-14	5.44969641746e-19	4.01149926222e-09
0.0326	2.74155258172e-15	1.4698837818e-10	5.39966445086e-15	5.35255046184e-14	5.51718423179e-19	4.06115833857e-09
0.0328	2.79231787609e-15	1.49709969519e-10	5.46612096778e-15	5.41842688939e-14	5.58508735495e-19	4.11112266853e-09
0.033	2.84370597808e-15	1.52464945683e-10	5.53298394169e-15	5.48470622176e-14	5.65340578693e-19	4.16139224794e-09
0.0332	2.89572068401e-15	1.55253510082e-10	5.60025337252e-15	5.55138845883e-14	5.72213952772e-19	4.21196707262e-09
0.0334	2.94836579014e-15	1.58075866123e-10	5.66792926023e-15	5.61847360049e-14	5.7912885773e-19	4.26284713841e-09
0.0336	3.00164509274e-15	1.60932217213e-10	5.73601160475e-15	5.68596164664e-14	5.86085293568e-19	4.31403244115e-09
0.0338	3.05556238805e-15	1.63822766758e-10	5.80450040602e-15	5.75385259716e-14	5.93083260283e-19	4.36552297667e-09
0.034	3.11012147233e-15	1.66747718159e-10	5.87339566399e-15	5.82214645195e-14	6.00122757875e-19	4.41731874081e-09
0.0342	3.16532614177e-15	1.69707274817e-10	5.94269737858e-15	5.89084321088e-14	6.07203786343e-19	4.46941972939e-09
0.0344	3.22118019258e-15	1.72701640132e-10	6.01240554975e-15	5.95994287386e-14	6.14326345686e-19	4.52182593826e-09
0.0346	3.27768742096e-15	1.75731017499e-10	6.08252017744e-15	6.02944544076e-14	6.21490435902e-19	4.57453736324e-09
0.0348	3.33485162306e-15	1.78795610315e-10	6.15304126157e-15	6.09935091148e-14	6.28696056992e-19	4.62755400018e-09
0.035	3.39267659504e-15	1.81895621973e-10	6.22396880211e-15	6.16965928591e-14	6.35943208954e-19	4.68087584491e-09
0.0352	3.45116613304e-15	1.85031255863e-10	6.29530279898e-15	6.24037056394e-14	6.43231891787e-19	4.73450289326e-09
0.0354	3.51032403319e-15	1.88202715375e-10	6.36704325212e-15	6.31148474546e-14	6.50562105489e-19	4.78843514107e-09
0.0356	3.57015409158e-15	1.91410203898e-10	6.43919016149e-15	6.38300183035e-14	6.57933850061e-19	4.84267258417e-09
0.0358	3.63066010431e-15	1.94653924816e-10	6.51174352701e-15	6.4549218185e-14	6.65347125501e-19	4.8972152184e-09
0.036	3.69184586745e-15	1.97934081513e-10	6.58470334863e-15	6.52724470981e-14	6.72801931808e-19	4.95206303959e-09
0.0362	3.75371517706e-15	2.01250877371e-10	6.65806962628e-15	6.59997050416e-14	6.80298268981e-19	5.00721604358e-09
0.0364	3.81627182919e-15	2.04604515771e-10	6.73184235992e-15	6.67309920144e-14	6.87836137019e-19	5.0626742262e-09
0.0366	3.87951961986e-15	2.0799520009e-10	6.80602154948e-15	6.74663080155e-14	6.95415535922e-19	5.11843758329e-09
0.0368	3.94346234509e-15	2.11423133704e-10	6.8806071949e-15	6.82056530436e-14	7.03036465687e-19	5.17450611068e-09
0.037	4.00810380085e-15	2.14888519989e-10	6.95559929611e-15	6.89490270977e-14	7.10698926315e-19	5.23087980421e-09
0.0372	4.07344778315e-15	2.18391562315e-10	7.03099785308e-15	6.96964301768e-14	7.18402917804e-19	5.28755865972e-09
0.0374	4.13949808794e-15	2.21932464055e-10	7.10680286572e-15	7.04478622796e-14	7.26148440153e-19	5.34454267303e-09
0.0376	4.20625851116e-15	2.25511428576e-10	7.18301433398e-15	7.12033234051e-14	7.33935493362e-19	5.40183183998e-09
0.0378	4.27373284875e-15	2.29128659246e-10	7.25963225781e-15	7.19628135522e-14	7.41764077428e-19	5.45942615642e-09
0.038	4.34192489662e-15	2.32784359429e-10	7.33665663714e-15	7.27263327197e-14	7.49634192352e-19	5.51732561817e-09
0.0382	4.41083845068e-15	2.36478732488e-10	7.41408747192e-15	7.34938809065e-14	7.57545838133e-19	5.57553022107e-09
0.0384	4.48047730681e-15	2.40211981785e-10	7.49192476208e-15	7.42654581116e-14	7.65499014769e-19	5.63403996095e-09
0.0386	4.55084526088e-15	2.43984310679e-10	7.57016850757e-15	7.50410643339e-14	7.73493722259e-19	5.69285483365e-09
0.0388	4.62194610873e-15	2.47795922526e-10	7.64881870832e-15	7.58206995721e-14	7.81529960602e-19	5.75197483501e-09
0.039	4.6937836462e-15	2.51647020683e-10	7.72787536429e-15	7.66043638253e-14	7.89607729798e-19	5.81139996086e-09
0.0392	4.76636166913e-15	2.55537808504e-10	7.80733847539e-15	7.73920570923e-14	7.97727029846e-19	5.87113020704e-09
0.0394	4.8396839733e-15	2.59468489339e-10	7.88720804159e-15	7.8183779372e-14	8.05887860744e-19	5.93116556938e-09
0.0396	4.91375435451e-15	2.63439266538e-10	7.96748406281e-15	7.89795306633e-14	8.14090222491e-19	5.99150604372e-09
0.0398	4.98857660852e-15	2.67450343451e-10	8.04816653901e-15	7.9779310965e-14	8.22334115087e-19	6.05215162589e-09
0.04	5.06415453111e-15	2.71501923421e-10	8.12925547011e-15	8.05831202762e-14	8.3061953853e-19	6.11310231173e-09
0.0402	5.14049191801e-15	2.75594209795e-10	8.21075085607e-15	8.13909585956e-14	8.3894649282e-19	6.17435809708e-09
0.0404	5.21759256494e-15	2.79727405913e-10	8.29265269681e-15	8.22028259222e-14	8.47314977956e-19	6.23591897777e-09
0.0406	5.29546026761e-15	2.83901715117e-10	8.37496099229e-15	8.30187222548e-14	8.55724993936e-19	6.29778494963e-09
0.0408	5.37409882171e-15	2.88117340745e-10	8.45767574243e-15	8.38386475924e-14	8.6417654076e-19	6.35995600851e-09
0.041	5.45351202294e-15	2.92374486133e-10	8.54079694719e-15	8.46626019338e-14	8.72669618427e-19	6.42243215024e-09
0.0412	5.53370366693e-15	2.96673354616e-10	8.62432460651e-15	8.54905852779e-14	8.81204226935e-19	6.48521337065e-09
0.0414	5.61467754935e-15	3.01014149528e-10	8.70825872032e-15	8.63225976237e-14	8.89780366283e-19	6.54829966558e-09
0.0416	5.69643746581e-15	3.05397074198e-10	8.79259928856e-15	8.71586389699e-14	8.98398036472e-19	6.61169103087e-09
0.0418	5.77898721195e-15	3.09822331956e-10	8.87734631117e-15	8.79987093156e-14	9.07057237499e-19	6.67538746235e-09
0.042	5.86233058334e-15	3.14290126129e-10	8.96249978811e-15	8.88428086596e-14	9.15757969364e-19	6.73938895586e-09
0.0422	5.94647137558e-15	3.18800660043e-10	9.0480597193e-15	8.96909370007e-14	9.24500232066e-19	6.80369550724e-09
0.0424	6.03141338423e-15	3.2335413702e-10	9.13402610468e-15	9.0543094338e-14	9.33284025604e-19	6.86830711231e-09
0.0426	6.11716040484e-15	3.27950760383e-10	9.2203989442e-15	9.13992806702e-14	9.42109349976e-19	6.93322376693e-09
0.0428	6.20371623294e-15	3.3259073345e-10	9.3071782378e-15	9.22594959962e-14	9.50976205182e-19	6.99844546691e-09
0.043	6.29108466406e-15	3.3727425954e-10	9.39436398542e-15	9.3123740315e-14	9.59884591222e-19	7.06397220811e-09
0.0432	6.3792694937e-15	3.42001541969e-10	9.481956187e-15	9.39920136255e-14	9.68834508093e-19	7.12980398635e-09
0.0434	6.46827451734e-15	3.4677278405e-10	9.56995484247e-15	9.48643159265e-14	9.77825955795e-19	7.19594079748e-09
0.0436	6.55810353045e-15	3.51588189095e-10	9.65835995179e-15	9.5740647217e-14	9.86858934327e-19	7.26238263732e-09
0.0438	6.6487603285e-15	3.56447960415e-10	9.74717151489e-15	9.66210074957e-14	9.95933443687e-19	7.32912950172e-09
0.044	6.74024870691e-15	3.61352301318e-10	9.83638953171e-15	9.75053967617e-14	1.00504948388e-18	7.39618138651e-09
0.0442	6.83257246112e-15	3.6630141511e-10	9.92601400219e-15	9.83938150138e-14	1.01420705489e-18	7.46353828753e-09
0.0444	6.92573538653e-15	3.71295505096e-10	1.00160449263e-14	9.92862622509e-14	1.02340615673e-18	7.53120020061e-09
0.0446	7.01974127852e-15	3.76334774578e-10	1.01064823039e-14	1.00182738472e-13	1.0326467894e-18	7.59916712159e-09
0.0448	7.11459393249e-15	3.81419426858e-10	1.0197326135e-14	1.01083243676e-13	1.04192895289e-18	7.66743904632e-09
0.045	7.21029714378e-15	3.86549665233e-10	1.02885764195e-14	1.01987777861e-13	1.05125264721e-18	7.73601597061e-09
0.0452	7.30685470774e-15	3.91725693002e-10	1.03802331574e-14	1.02896341027e-13	1.06061787234e-18	7.80489789032e-09
0.0454	7.4042704197e-15	3.96947713458e-10	1.04722963486e-14	1.03808933173e-13	1.0700246283e-18	7.87408480128e-09
0.0456	7.50254807497e-15	4.02215929896e-10	1.05647659931e-14	1.04725554296e-13	1.07947291508e-18	7.94357669932e-09
0.0458	7.60169146885e-15	4.07530545607e-10	1.06576420907e-14	1.05646204397e-13	1.08896273267e-18	8.01337358028e-09
0.046	7.70170439662e-15	4.12891763879e-10	1.07509246415e-14	1.06570883475e-13	1.09849408109e-18	8.08347544e-09
0.0462	7.80259065353e-15	4.18299788001e-10	1.08446136453e-14	1.07499591527e-13	1.10806696032e-18	8.15388227432e-09
0.0464	7.90435403485e-15	4.23754821258e-10	1.09387091022e-14	1.08432328553e-13	1.11768137037e-18	8.22459407907e-09
0.0466	8.0069983358e-15	4.29257066934e-10	1.10332110119e-14	1.09369094552e-13	1.12733731123e-18	8.29561085008e-09
0.0468	8.1105273516e-15	4.34806728311e-10	1.11281193746e-14	1.10309889523e-13	1.13703478291e-18	8.36693258321e-09
0.047	8.21494487746e-15	4.40404008668e-10	1.12234341901e-14	1.11254713464e-13	1.1467737854e-18	8.43855927427e-09
0.0472	8.32025470855e-15	4.46049111285e-10	1.13191554584e-14	1.12203566374e-13	1.15655431871e-18	8.51049091912e-09
0.0474	8.42646064004e-15	4.51742239436e-10	1.14152831794e-14	1.13156448254e-13	1.16637638282e-18	8.58272751359e-09
0.0476	8.53356646709e-15	4.57483596397e-10	1.1511817353e-14	1.141133591e-13	1.17623997775e-18	8.65526905351e-09
0.0478	8.64157598484e-15	4.63273385439e-10	1.16087579793e-14	1.15074298912e-13	1.18614510348e-18	8.72811553472e-09
0.048	8.75049298841e-15	4.69111809834e-10	1.1706105058e-14	1.1603926769e-13	1.19609176002e-18	8.80126695306e-09
0.0482	8.8603212729e-15	4.7499907285e-10	1.18038585893e-14	1.17008265432e-13	1.20607994737e-18	8.87472330436e-09
0.0484	8.97106463341e-15	4.80935377754e-10	1.19020185729e-14	1.17981292136e-13	1.21610966553e-18	8.94848458447e-09
0.0486	9.082726865e-15	4.8692092781e-10	1.20005850089e-14	1.18958347802e-13	1.22618091449e-18	9.02255078922e-09
0.0488	9.19531176273e-15	4.92955926282e-10	1.20995578972e-14	1.19939432429e-13	1.23629369426e-18	9.09692191445e-09
0.049	9.30882312166e-15	4.99040576431e-10	1.21989372378e-14	1.20924546015e-13	1.24644800483e-18	9.17159795599e-09
0.0492	9.4232647368e-15	5.05175081515e-10	1.22987230305e-14	1.2191368856e-13	1.2566438462e-18	9.24657890969e-09
0.0494	9.53864040316e-15	5.11359644793e-10	1.23989152753e-14	1.22906860062e-13	1.26688121838e-18	9.32186477138e-09
0.0496	9.65495391574e-15	5.1759446952e-10	1.24995139722e-14	1.2390406052e-13	1.27716012135e-18	9.39745553689e-09
0.0498	9.77220906952e-15	5.23879758949e-10	1.26005191211e-14	1.24905289933e-13	1.28748055513e-18	9.47335120208e-09
0.05	9.89040965945e-15	5.30215716333e-10	1.27019307219e-14	1.259105483e-13	1.2978425197e-18	9.54955176276e-09
0.0502	1.00095594805e-14	5.3660254492e-10	1.28037487746e-14	1.2691983562e-13	1.30824601507e-18	9.62605721479e-09
0.0504	1.01296623276e-14	5.43040447958e-10	1.29059732791e-14	1.27933151892e-13	1.31869104124e-18	9.70286755399e-09
0.0506	1.02507219956e-14	5.49529628695e-10	1.30086042354e-14	1.28950497114e-13	1.32917759821e-18	9.77998277621e-09
0.0508	1.03727422795e-14	5.56070290373e-10	1.31116416434e-14	1.29971871286e-13	1.33970568596e-18	9.85740287728e-09
0.051	1.04957269741e-14	5.62662636235e-10	1.3215085503e-14	1.30997274407e-13	1.35027530452e-18	9.93512785305e-09
0.0512	1.06196798744e-14	5.69306869522e-10	1.33189358142e-14	1.32026706475e-13	1.36088645386e-18	1.00131576993e-08
0.0514	1.0744604775e-14	5.76003193472e-10	1.34231925769e-14	1.33060167489e-13	1.371539134e-18	1.0091492412e-08
0.0516	1.0870505471e-14	5.82751811321e-10	1.35278557911e-14	1.34097657448e-13	1.38223334493e-18	1.01701319869e-08
0.0518	1.09973857571e-14	5.89552926304e-10	1.36329254567e-14	1.35139176351e-13	1.39296908664e-18	1.02490764198e-08
0.052	1.11252494281e-14	5.96406741655e-10	1.37384015737e-14	1.36184724197e-13	1.40374635915e-18	1.03283257066e-08
0.0522	1.12541002788e-14	6.03313460603e-10	1.38442841419e-14	1.37234300984e-13	1.41456516244e-18	1.04078798431e-08
0.0524	1.1383942104e-14	6.10273286378e-10	1.39505731613e-14	1.38287906713e-13	1.42542549652e-18	1.04877388252e-08
0.0526	1.15147786984e-14	6.17286422208e-10	1.4057268632e-14	1.39345541381e-13	1.43632736139e-18	1.05679026486e-08
0.0528	1.16466138567e-14	6.24353071317e-10	1.41643705537e-14	1.40407204987e-13	1.44727075704e-18	1.06483713093e-08
0.053	1.17794513738e-14	6.31473436928e-10	1.42718789264e-14	1.41472897531e-13	1.45825568348e-18	1.07291448031e-08
0.0532	1.19132950443e-14	6.38647722264e-10	1.43797937502e-14	1.42542619011e-13	1.4692821407e-18	1.08102231258e-08
0.0534	1.20481486629e-14	6.45876130543e-10	1.44881150249e-14	1.43616369426e-13	1.4803501287e-18	1.08916062732e-08
0.0536	1.21840160242e-14	6.53158864984e-10	1.45968427504e-14	1.44694148776e-13	1.49145964748e-18	1.09732942412e-08
0.0538	1.2320900923e-14	6.60496128803e-10	1.47059769268e-14	1.45775957058e-13	1.50261069704e-18	1.10552870257e-08
0.054	1.24588071538e-14	6.67888125213e-10	1.48155175539e-14	1.46861794272e-13	1.51380327739e-18	1.11375846224e-08
0.0542	1.25977385114e-14	6.75335057426e-10	1.49254646317e-14	1.47951660416e-13	1.5250373885e-18	1.12201870272e-08
0.0544	1.27376987903e-14	6.82837128653e-10	1.50358181602e-14	1.49045555491e-13	1.5363130304e-18	1.13030942359e-08
0.0546	1.28786917851e-14	6.90394542101e-10	1.51465781392e-14	1.50143479493e-13	1.54763020307e-18	1.13863062444e-08
0.0548	1.30207212904e-14	6.98007500978e-10	1.52577445687e-14	1.51245432423e-13	1.55898890652e-18	1.14698230486e-08
0.055	1.31637911008e-14	7.05676208487e-10	1.53693174487e-14	1.5235141428e-13	1.57038914074e-18	1.15536446442e-08
0.0552	1.33079050108e-14	7.13400867832e-10	1.5481296779e-14	1.53461425061e-13	1.58183090574e-18	1.16377710271e-08
0.0554	1.3453066815e-14	7.21181682213e-10	1.55936825597e-14	1.54575464767e-13	1.59331420151e-18	1.17222021931e-08
0.0556	1.35992803078e-14	7.29018854828e-10	1.57064747907e-14	1.55693533396e-13	1.60483902805e-18	1.18069381381e-08
0.0558	1.37465492838e-14	7.36912588876e-10	1.58196734719e-14	1.56815630946e-13	1.61640538535e-18	1.18919788579e-08
0.056	1.38948775375e-14	7.44863087551e-10	1.59332786033e-14	1.57941757417e-13	1.62801327343e-18	1.19773243483e-08
0.0562	1.40442688633e-14	7.52870554045e-10	1.60472901847e-14	1.59071912808e-13	1.63966269228e-18	1.20629746053e-08
0.0564	1.41947270556e-14	7.60935191552e-10	1.61617082162e-14	1.60206097117e-13	1.65135364189e-18	1.21489296245e-08
0.0566	1.4346255909e-14	7.69057203259e-10	1.62765326976e-14	1.61344310344e-13	1.66308612227e-18	1.2235189402e-08
0.0568	1.44988592179e-14	7.77236792354e-10	1.6391763629e-14	1.62486552487e-13	1.67486013342e-18	1.23217539334e-08
0.057	1.46525407765e-14	7.85474162024e-10	1.65074010102e-14	1.63632823545e-13	1.68667567533e-18	1.24086232147e-08
0.0572	1.48073043795e-14	7.93769515451e-10	1.66234448413e-14	1.64783123517e-13	1.698532748e-18	1.24957972417e-08
0.0574	1.4963153821e-14	8.02123055818e-10	1.67398951221e-14	1.65937452402e-13	1.71043135144e-18	1.25832760101e-08
0.0576	1.51200928956e-14	8.10534986304e-10	1.68567518525e-14	1.67095810199e-13	1.72237148564e-18	1.2671059516e-08
0.0578	1.52781253974e-14	8.19005510089e-10	1.69740150326e-14	1.68258196907e-13	1.7343531506e-18	1.2759147755e-08
0.058	1.54372551209e-14	8.27534830347e-10	1.70916846622e-14	1.69424612525e-13	1.74637634631e-18	1.28475407231e-08
0.0582	1.55974858604e-14	8.36123150254e-10	1.72097607414e-14	1.70595057051e-13	1.75844107279e-18	1.29362384161e-08
0.0584	1.57588214101e-14	8.44770672981e-10	1.73282432699e-14	1.71769530484e-13	1.77054733002e-18	1.30252408297e-08
0.0586	1.59212655643e-14	8.53477601699e-10	1.74471322479e-14	1.72948032824e-13	1.78269511801e-18	1.311454796e-08
0.0588	1.60848221174e-14	8.62244139578e-10	1.75664276752e-14	1.74130564069e-13	1.79488443676e-18	1.32041598026e-08
0.059	1.62494948635e-14	8.71070489783e-10	1.76861295517e-14	1.75317124218e-13	1.80711528626e-18	1.32940763535e-08
0.0592	1.64152875969e-14	8.7995685548e-10	1.78062378775e-14	1.7650771327e-13	1.81938766652e-18	1.33842976084e-08
0.0594	1.65822041117e-14	8.88903439831e-10	1.79267526524e-14	1.77702331224e-13	1.83170157752e-18	1.34748235632e-08
0.0596	1.67502482023e-14	8.97910445998e-10	1.80476738764e-14	1.78900978079e-13	1.84405701928e-18	1.35656542138e-08
0.0598	1.69194236628e-14	9.0697807714e-10	1.81690015494e-14	1.80103653834e-13	1.85645399179e-18	1.3656789556e-08
0.06	1.70897342873e-14	9.16106536414e-10	1.82907356714e-14	1.81310358487e-13	1.86889249505e-18	1.37482295856e-08
0.0602	1.726118387e-14	9.25296026977e-10	1.84128762423e-14	1.82521092037e-13	1.88137252906e-18	1.38399742985e-08
0.0604	1.74337762051e-14	9.3454675198e-10	1.8535423262e-14	1.83735854484e-13	1.89389409382e-18	1.39320236905e-08
0.0606	1.76075150866e-14	9.43858914576e-10	1.86583767306e-14	1.84954645826e-13	1.90645718932e-18	1.40243777575e-08
0.0608	1.77824043087e-14	9.53232717916e-10	1.87817366478e-14	1.86177466063e-13	1.91906181557e-18	1.41170364952e-08
0.061	1.79584476654e-14	9.62668365146e-10	1.89055030137e-14	1.87404315192e-13	1.93170797256e-18	1.42099998996e-08
0.0612	1.81356489509e-14	9.72166059413e-10	1.90296758283e-14	1.88635193213e-13	1.9443956603e-18	1.43032679665e-08
0.0614	1.83140119592e-14	9.8172600386e-10	1.91542550914e-14	1.89870100125e-13	1.95712487878e-18	1.43968406916e-08
0.0616	1.84935404842e-14	9.91348401631e-10	1.9279240803e-14	1.91109035927e-13	1.969895628e-18	1.44907180709e-08
0.0618	1.86742383202e-14	1.00103345587e-09	1.9404632963e-14	1.92352000617e-13	1.98270790796e-18	1.45849001002e-08
0.062	1.8856109261e-14	1.0107813697e-09	1.95304315714e-14	1.93598994195e-13	1.99556171867e-18	1.46793867753e-08
0.0622	1.90391571007e-14	1.02059234628e-09	1.96566366281e-14	1.94850016659e-13	2.00845706011e-18	1.47741780921e-08
0.0624	1.92233856332e-14	1.03046658873e-09	1.9783248133e-14	1.96105068009e-13	2.02139393229e-18	1.48692740464e-08
0.0626	1.94087986525e-14	1.04040430018e-09	1.99102660862e-14	1.97364148242e-13	2.03437233521e-18	1.4964674634e-08
0.0628	1.95953999526e-14	1.05040568377e-09	2.00376904875e-14	1.98627257359e-13	2.04739226886e-18	1.50603798509e-08
0.063	1.97831933273e-14	1.06047094263e-09	2.01655213368e-14	1.99894395358e-13	2.06045373325e-18	1.51563896927e-08
0.0632	1.99721825706e-14	1.07060027988e-09	2.02937586342e-14	2.01165562237e-13	2.07355672837e-18	1.52527041555e-08
0.0634	2.01623714764e-14	1.08079389865e-09	2.04224023795e-14	2.02440757996e-13	2.08670125423e-18	1.53493232349e-08
0.0636	2.03537638386e-14	1.09105200206e-09	2.05514525728e-14	2.03719982634e-13	2.09988731081e-18	1.54462469269e-08
0.0638	2.05463634511e-14	1.10137479324e-09	2.06809092139e-14	2.05003236149e-13	2.11311489813e-18	1.55434752273e-08
0.064	2.07401741076e-14	1.1117624753e-09	2.08107723027e-14	2.06290518541e-13	2.12638401618e-18	1.56410081319e-08
0.0642	2.09351996021e-14	1.12221525135e-09	2.09410418393e-14	2.07581829808e-13	2.13969466496e-18	1.57388456365e-08
0.0644	2.11314437283e-14	1.13273332453e-09	2.10717178235e-14	2.0887716995e-13	2.15304684447e-18	1.58369877371e-08
0.0646	2.132891028e-14	1.14331689794e-09	2.12028002553e-14	2.10176538964e-13	2.1664405547e-18	1.59354344295e-08
0.0648	2.15276030511e-14	1.15396617469e-09	2.13342891347e-14	2.1147993685e-13	2.17987579566e-18	1.60341857094e-08
0.065	2.17275258353e-14	1.16468135789e-09	2.14661844616e-14	2.12787363607e-13	2.19335256735e-18	1.61332415727e-08
0.0652	2.19286824264e-14	1.17546265065e-09	2.15984862358e-14	2.14098819234e-13	2.20687086976e-18	1.62326020154e-08
0.0654	2.21310766181e-14	1.18631025608e-09	2.17311944575e-14	2.1541430373e-13	2.22043070289e-18	1.63322670331e-08
0.0656	2.23347122041e-14	1.19722437729e-09	2.18643091264e-14	2.16733817093e-13	2.23403206675e-18	1.64322366218e-08
0.0658	2.25395929781e-14	1.20820521736e-09	2.19978302426e-14	2.18057359323e-13	2.24767496132e-18	1.65325107773e-08
0.066	2.27457227339e-14	1.21925297942e-09	2.2131757806e-14	2.19384930418e-13	2.26135938662e-18	1.66330894954e-08
0.0662	2.29531052651e-14	1.23036786655e-09	2.22660918165e-14	2.20716530377e-13	2.27508534264e-18	1.6733972772e-08
0.0664	2.31617443653e-14	1.24155008185e-09	2.24008322741e-14	2.22052159199e-13	2.28885282937e-18	1.68351606029e-08
0.0666	2.33716438283e-14	1.25279982841e-09	2.25359791786e-14	2.23391816883e-13	2.30266184683e-18	1.6936652984e-08
0.0668	2.35828074476e-14	1.26411730934e-09	2.26715325301e-14	2.24735503428e-13	2.316512395e-18	1.7038449911e-08
0.067	2.37952390169e-14	1.27550272772e-09	2.28074923285e-14	2.26083218833e-13	2.33040447388e-18	1.71405513799e-08
0.0672	2.40089423297e-14	1.28695628663e-09	2.29438585738e-14	2.27434963097e-13	2.34433808348e-18	1.72429573865e-08
0.0674	2.42239211797e-14	1.29847818918e-09	2.30806312658e-14	2.28790736218e-13	2.35831322379e-18	1.73456679266e-08
0.0676	2.44401793603e-14	1.31006863844e-09	2.32178104045e-14	2.30150538196e-13	2.37232989482e-18	1.74486829961e-08
0.0678	2.46577206652e-14	1.3217278375e-09	2.33553959899e-14	2.31514369029e-13	2.38638809656e-18	1.75520025907e-08
0.068	2.48765488879e-14	1.33345598944e-09	2.34933880218e-14	2.32882228716e-13	2.400487829e-18	1.76556267064e-08
0.0682	2.50966678219e-14	1.34525329733e-09	2.36317865003e-14	2.34254117257e-13	2.41462909216e-18	1.7759555339e-08
0.0684	2.53180812607e-14	1.35711996427e-09	2.37705914252e-14	2.35630034649e-13	2.42881188603e-18	1.78637884843e-08
0.0686	2.55407929977e-14	1.36905619331e-09	2.39098027966e-14	2.37009980892e-13	2.4430362106e-18	1.79683261382e-08
0.0688	2.57648068266e-14	1.38106218755e-09	2.40494206143e-14	2.38393955986e-13	2.45730206588e-18	1.80731682965e-08
0.069	2.59901265406e-14	1.39313815005e-09	2.41894448783e-14	2.39781959927e-13	2.47160945187e-18	1.8178314955e-08
0.0692	2.62167559333e-14	1.40528428388e-09	2.43298755886e-14	2.41173992717e-13	2.48595836856e-18	1.82837661096e-08
0.0694	2.64446987981e-14	1.4175007921e-09	2.4470712745e-14	2.42570054353e-13	2.50034881596e-18	1.83895217562e-08
0.0696	2.66739589284e-14	1.4297878778e-09	2.46119563475e-14	2.43970144834e-13	2.51478079406e-18	1.84955818905e-08
0.0698	2.69045401175e-14	1.44214574403e-09	2.47536063961e-14	2.4537426416e-13	2.52925430285e-18	1.86019465084e-08
0.07	2.71364461589e-14	1.45457459385e-09	2.48956628907e-14	2.46782412329e-13	2.54376934236e-18	1.87086156058e-08
0.0702	2.73696808458e-14	1.46707463033e-09	2.50381258312e-14	2.4819458934e-13	2.55832591256e-18	1.88155891785e-08
0.0704	2.76042479718e-14	1.47964605652e-09	2.51809952176e-14	2.49610795191e-13	2.57292401346e-18	1.89228672223e-08
0.0706	2.784015133e-14	1.49228907548e-09	2.53242710499e-14	2.51031029883e-13	2.58756364505e-18	1.90304497331e-08
0.0708	2.80773947138e-14	1.50500389028e-09	2.54679533278e-14	2.52455293413e-13	2.60224480735e-18	1.91383367067e-08
0.071	2.83159819164e-14	1.51779070395e-09	2.56120420515e-14	2.53883585781e-13	2.61696750034e-18	1.9246528139e-08
0.0712	2.85559167313e-14	1.53064971956e-09	2.57565372208e-14	2.55315906986e-13	2.63173172402e-18	1.93550240258e-08
0.0714	2.87972029515e-14	1.54358114015e-09	2.59014388357e-14	2.56752257026e-13	2.6465374784e-18	1.94638243629e-08
0.0716	2.90398443705e-14	1.55658516878e-09	2.60467468961e-14	2.581926359e-13	2.66138476348e-18	1.95729291463e-08
0.0718	2.92838447813e-14	1.56966200848e-09	2.6192461402e-14	2.59637043608e-13	2.67627357924e-18	1.96823383716e-08
0.072	2.95292079773e-14	1.5828118623e-09	2.63385823533e-14	2.61085480147e-13	2.6912039257e-18	1.97920520348e-08
0.0722	2.97759377516e-14	1.59603493329e-09	2.64851097499e-14	2.62537945518e-13	2.70617580284e-18	1.99020701318e-08
0.0724	3.00240378973e-14	1.60933142448e-09	2.66320435918e-14	2.63994439718e-13	2.72118921068e-18	2.00123926582e-08
0.0726	3.02735122078e-14	1.62270153891e-09	2.6779383879e-14	2.65454962747e-13	2.7362441492e-18	2.01230196101e-08
0.0728	3.05243644761e-14	1.63614547962e-09	2.69271306113e-14	2.66919514604e-13	2.75134061841e-18	2.02339509832e-08
0.073	3.07765984954e-14	1.64966344965e-09	2.70752837887e-14	2.68388095287e-13	2.76647861831e-18	2.03451867734e-08
0.0732	3.10302180587e-14	1.66325565203e-09	2.72238434111e-14	2.69860704796e-13	2.78165814889e-18	2.04567269765e-08
0.0734	3.12852269593e-14	1.67692228978e-09	2.73728094785e-14	2.71337343129e-13	2.79687921015e-18	2.05685715884e-08
0.0736	3.15416289901e-14	1.69066356594e-09	2.75221819909e-14	2.72818010286e-13	2.8121418021e-18	2.06807206049e-08
0.0738	3.17994279443e-14	1.70447968353e-09	2.76719609481e-14	2.74302706264e-13	2.82744592473e-18	2.07931740218e-08
0.074	3.20586276148e-14	1.71837084558e-09	2.78221463501e-14	2.75791431063e-13	2.84279157805e-18	2.09059318351e-08
0.0742	3.23192317949e-14	1.73233725512e-09	2.79727381969e-14	2.77284184683e-13	2.85817876204e-18	2.10189940404e-08
0.0744	3.25812442774e-14	1.74637911516e-09	2.81237364884e-14	2.78780967121e-13	2.87360747671e-18	2.11323606338e-08
0.0746	3.28446688554e-14	1.76049662873e-09	2.82751412245e-14	2.80281778377e-13	2.88907772206e-18	2.12460316109e-08
0.0748	3.31095093219e-14	1.77468999883e-09	2.84269524052e-14	2.81786618449e-13	2.90458949809e-18	2.13600069677e-08
0.075	3.33757694698e-14	1.7889594285e-09	2.85791700303e-14	2.83295487337e-13	2.9201428048e-18	2.14742867e-08
0.0752	3.36434530922e-14	1.80330512074e-09	2.87317941e-14	2.84808385039e-13	2.93573764218e-18	2.15888708037e-08
0.0754	3.39125639819e-14	1.81772727856e-09	2.8884824614e-14	2.86325311555e-13	2.95137401023e-18	2.17037592745e-08
0.0756	3.41831059319e-14	1.83222610498e-09	2.90382615723e-14	2.87846266882e-13	2.96705190896e-18	2.18189521084e-08
0.0758	3.44550827352e-14	1.846801803e-09	2.9192104975e-14	2.89371251021e-13	2.98277133836e-18	2.19344493011e-08
0.076	3.47284981845e-14	1.86145457562e-09	2.93463548218e-14	2.9090026397e-13	2.99853229843e-18	2.20502508486e-08
0.0762	3.50033560729e-14	1.87618462587e-09	2.95010111128e-14	2.92433305727e-13	3.01433478918e-18	2.21663567466e-08
0.0764	3.52796601931e-14	1.89099215673e-09	2.96560738479e-14	2.93970376292e-13	3.03017881059e-18	2.2282766991e-08
0.0766	3.5557414338e-14	1.9058773712e-09	2.9811543027e-14	2.95511475664e-13	3.04606436267e-18	2.23994815776e-08
0.0768	3.58366223005e-14	1.9208404723e-09	2.99674186501e-14	2.97056603841e-13	3.06199144542e-18	2.25165005023e-08
0.077	3.61172878733e-14	1.935881663e-09	3.01237007171e-14	2.98605760823e-13	3.07796005883e-18	2.2633823761e-08
0.0772	3.63994148493e-14	1.95100114632e-09	3.0280389228e-14	3.00158946608e-13	3.09397020291e-18	2.27514513494e-08
0.0774	3.66830070213e-14	1.96619912523e-09	3.04374841827e-14	3.01716161195e-13	3.11002187766e-18	2.28693832635e-08
0.0776	3.6968068182e-14	1.98147580274e-09	3.05949855811e-14	3.03277404583e-13	3.12611508307e-18	2.2987619499e-08
0.0778	3.72546021241e-14	1.99683138184e-09	3.07528934232e-14	3.04842676771e-13	3.14224981914e-18	2.31061600518e-08
0.078	3.75426126405e-14	2.0122660655e-09	3.09112077089e-14	3.06411977758e-13	3.15842608588e-18	2.32250049177e-08
0.0782	3.78321035239e-14	2.02778005672e-09	3.10699284382e-14	3.07985307542e-13	3.17464388327e-18	2.33441540926e-08
0.0784	3.81230785669e-14	2.04337355848e-09	3.12290556109e-14	3.09562666124e-13	3.19090321132e-18	2.34636075723e-08
0.0786	3.84155415623e-14	2.05904677376e-09	3.13885892271e-14	3.11144053501e-13	3.20720407004e-18	2.35833653528e-08
0.0788	3.87094963026e-14	2.07479990554e-09	3.15485292867e-14	3.12729469672e-13	3.22354645941e-18	2.37034274297e-08
0.079	3.90049465807e-14	2.09063315681e-09	3.17088757896e-14	3.14318914636e-13	3.23993037944e-18	2.3823793799e-08
0.0792	3.93018961891e-14	2.10654673053e-09	3.18696287358e-14	3.15912388393e-13	3.25635583012e-18	2.39444644564e-08
0.0794	3.96003489205e-14	2.12254082968e-09	3.20307881252e-14	3.17509890941e-13	3.27282281146e-18	2.4065439398e-08
0.0796	3.99003085674e-14	2.13861565723e-09	3.21923539577e-14	3.19111422279e-13	3.28933132345e-18	2.41867186194e-08
0.0798	4.02017789225e-14	2.15477141616e-09	3.23543262333e-14	3.20716982405e-13	3.3058813661e-18	2.43083021165e-08
0.08	4.05047637783e-14	2.17100830943e-09	3.2516704952e-14	3.2232657132e-13	3.3224729394e-18	2.44301898852e-08
0.0802	4.08092669275e-14	2.18732654001e-09	3.26794901136e-14	3.23940189021e-13	3.33910604334e-18	2.45523819213e-08
0.0804	4.11152921625e-14	2.20372631087e-09	3.28426817181e-14	3.25557835507e-13	3.35578067794e-18	2.46748782207e-08
0.0806	4.1422843276e-14	2.22020782496e-09	3.30062797654e-14	3.27179510779e-13	3.37249684319e-18	2.47976787792e-08
0.0808	4.17319240603e-14	2.23677128525e-09	3.31702842555e-14	3.28805214833e-13	3.38925453909e-18	2.49207835926e-08
0.081	4.20425383081e-14	2.25341689471e-09	3.33346951884e-14	3.3043494767e-13	3.40605376563e-18	2.50441926569e-08
0.0812	4.23546898117e-14	2.27014485627e-09	3.34995125639e-14	3.32068709287e-13	3.42289452282e-18	2.51679059677e-08
0.0814	4.26683823638e-14	2.28695537291e-09	3.36647363821e-14	3.33706499685e-13	3.43977681065e-18	2.5291923521e-08
0.0816	4.29836197566e-14	2.30384864758e-09	3.38303666428e-14	3.35348318862e-13	3.45670062913e-18	2.54162453127e-08
0.0818	4.33004057828e-14	2.32082488322e-09	3.3996403346e-14	3.36994166816e-13	3.47366597825e-18	2.55408713385e-08
0.082	4.36187442346e-14	2.33788428278e-09	3.41628464916e-14	3.38644043547e-13	3.49067285802e-18	2.56658015943e-08
0.0822	4.39386389045e-14	2.35502704923e-09	3.43296960796e-14	3.40297949054e-13	3.50772126842e-18	2.5791036076e-08
0.0824	4.42600935849e-14	2.37225338549e-09	3.44969521099e-14	3.41955883335e-13	3.52481120947e-18	2.59165747793e-08
0.0826	4.45831120682e-14	2.38956349452e-09	3.46646145824e-14	3.4361784639e-13	3.54194268115e-18	2.60424177002e-08
0.0828	4.49076981467e-14	2.40695757926e-09	3.48326834972e-14	3.45283838217e-13	3.55911568347e-18	2.61685648345e-08
0.083	4.52338556127e-14	2.42443584264e-09	3.5001158854e-14	3.46953858815e-13	3.57633021643e-18	2.6295016178e-08
0.0832	4.55615882587e-14	2.44199848762e-09	3.5170040653e-14	3.48627908183e-13	3.59358628003e-18	2.64217717266e-08
0.0834	4.58908998768e-14	2.45964571711e-09	3.5339328894e-14	3.5030598632e-13	3.61088387426e-18	2.65488314761e-08
0.0836	4.62217942595e-14	2.47737773407e-09	3.55090235769e-14	3.51988093224e-13	3.62822299913e-18	2.66761954223e-08
0.0838	4.65542751989e-14	2.49519474141e-09	3.56791247017e-14	3.53674228896e-13	3.64560365463e-18	2.68038635612e-08
0.084	4.68883464873e-14	2.51309694208e-09	3.58496322684e-14	3.55364393333e-13	3.66302584076e-18	2.69318358884e-08
0.0842	4.72240119171e-14	2.531084539e-09	3.60205462768e-14	3.57058586534e-13	3.68048955752e-18	2.70601124e-08
0.0844	4.75612752803e-14	2.5491577351e-09	3.61918667269e-14	3.58756808499e-13	3.69799480492e-18	2.71886930917e-08
0.0846	4.79001403693e-14	2.5673167333e-09	3.63635936187e-14	3.60459059226e-13	3.71554158294e-18	2.73175779594e-08
0.0848	4.82406109763e-14	2.58556173653e-09	3.65357269521e-14	3.62165338715e-13	3.73312989159e-18	2.74467669989e-08
0.085	4.85826908933e-14	2.60389294771e-09	3.67082667271e-14	3.63875646963e-13	3.75075973087e-18	2.75762602061e-08
0.0852	4.89263839127e-14	2.62231056976e-09	3.68812129435e-14	3.65589983971e-13	3.76843110078e-18	2.77060575768e-08
0.0854	4.92716938265e-14	2.64081480559e-09	3.70545656014e-14	3.67308349736e-13	3.78614400131e-18	2.78361591069e-08
0.0856	4.96186244268e-14	2.65940585813e-09	3.72283247006e-14	3.69030744258e-13	3.80389843247e-18	2.79665647921e-08
0.0858	4.99671795059e-14	2.67808393029e-09	3.74024902411e-14	3.70757167536e-13	3.82169439425e-18	2.80972746284e-08
0.086	5.03173628557e-14	2.69684922498e-09	3.75770622228e-14	3.72487619568e-13	3.83953188665e-18	2.82282886116e-08
0.0862	5.06691782685e-14	2.7157019451e-09	3.77520406458e-14	3.74222100353e-13	3.85741090967e-18	2.83596067375e-08
0.0864	5.10226295362e-14	2.73464229358e-09	3.79274255098e-14	3.75960609891e-13	3.87533146332e-18	2.84912290019e-08
0.0866	5.1377720451e-14	2.7536704733e-09	3.8103216815e-14	3.7770314818e-13	3.89329354758e-18	2.86231554009e-08
0.0868	5.17344548048e-14	2.77278668719e-09	3.82794145611e-14	3.7944971522e-13	3.91129716247e-18	2.875538593e-08
0.087	5.20928363897e-14	2.79199113814e-09	3.84560187482e-14	3.81200311008e-13	3.92934230797e-18	2.88879205853e-08
0.0872	5.24528689977e-14	2.81128402906e-09	3.86330293761e-14	3.82954935544e-13	3.94742898409e-18	2.90207593625e-08
0.0874	5.28145564208e-14	2.83066556283e-09	3.88104464449e-14	3.84713588827e-13	3.96555719082e-18	2.91539022576e-08
0.0876	5.31779024509e-14	2.85013594237e-09	3.89882699545e-14	3.86476270855e-13	3.98372692817e-18	2.92873492662e-08
0.0878	5.35429108801e-14	2.86969537056e-09	3.91664999047e-14	3.88242981628e-13	4.00193819613e-18	2.94211003844e-08
0.088	5.39095855003e-14	2.88934405029e-09	3.93451362956e-14	3.90013721145e-13	4.02019099471e-18	2.95551556079e-08
0.0882	5.42779301034e-14	2.90908218447e-09	3.95241791271e-14	3.91788489403e-13	4.03848532389e-18	2.96895149326e-08
0.0884	5.46479484813e-14	2.92890997598e-09	3.97036283991e-14	3.93567286403e-13	4.05682118369e-18	2.98241783543e-08
0.0886	5.50196444259e-14	2.9488276277e-09	3.98834841116e-14	3.95350112144e-13	4.0751985741e-18	2.99591458689e-08
0.0888	5.53930217292e-14	2.96883534252e-09	4.00637462645e-14	3.97136966623e-13	4.09361749512e-18	3.00944174722e-08
0.089	5.57680841829e-14	2.98893332333e-09	4.02444148578e-14	3.9892784984e-13	4.11207794674e-18	3.022999316e-08
0.0892	5.61448355789e-14	3.00912177301e-09	4.04254898913e-14	4.00722761794e-13	4.13057992897e-18	3.03658729282e-08
0.0894	5.65232797091e-14	3.02940089444e-09	4.06069713651e-14	4.02521702483e-13	4.14912344181e-18	3.05020567727e-08
0.0896	5.69034203653e-14	3.0497708905e-09	4.07888592791e-14	4.04324671907e-13	4.16770848526e-18	3.06385446893e-08
0.0898	5.72852613393e-14	3.07023196406e-09	4.09711536332e-14	4.06131670065e-13	4.1863350593e-18	3.07753366739e-08
0.09	5.76688064228e-14	3.090784318e-09	4.11538544273e-14	4.07942696955e-13	4.20500316395e-18	3.09124327222e-08
0.0902	5.80540594077e-14	3.11142815518e-09	4.13369616614e-14	4.09757752576e-13	4.22371279921e-18	3.10498328301e-08
0.0904	5.84410240856e-14	3.13216367849e-09	4.15204753354e-14	4.11576836928e-13	4.24246396506e-18	3.11875369935e-08
0.0906	5.88297042484e-14	3.15299109079e-09	4.17043954494e-14	4.13399950008e-13	4.26125666151e-18	3.13255452083e-08
0.0908	5.92201036878e-14	3.17391059495e-09	4.18887220031e-14	4.15227091816e-13	4.28009088857e-18	3.14638574702e-08
0.091	5.96122261954e-14	3.19492239383e-09	4.20734549966e-14	4.17058262352e-13	4.29896664622e-18	3.16024737751e-08
0.0912	6.0006075563e-14	3.21602669029e-09	4.22585944298e-14	4.18893461612e-13	4.31788393447e-18	3.17413941188e-08
0.0914	6.04016555822e-14	3.2372236872e-09	4.24441403026e-14	4.20732689598e-13	4.33684275331e-18	3.18806184973e-08
0.0916	6.07989700448e-14	3.25851358742e-09	4.26300926151e-14	4.22575946307e-13	4.35584310275e-18	3.20201469063e-08
0.0918	6.11980227422e-14	3.2798965938e-09	4.2816451367e-14	4.24423231738e-13	4.37488498278e-18	3.21599793417e-08
0.092	6.15988174663e-14	3.3013729092e-09	4.30032165584e-14	4.26274545891e-13	4.39396839341e-18	3.23001157994e-08
0.0922	6.20013580085e-14	3.32294273648e-09	4.31903881892e-14	4.28129888764e-13	4.41309333463e-18	3.24405562751e-08
0.0924	6.24056481605e-14	3.34460627848e-09	4.33779662593e-14	4.29989260356e-13	4.43225980644e-18	3.25813007647e-08
0.0926	6.28116917139e-14	3.36636373805e-09	4.35659507687e-14	4.31852660666e-13	4.45146780884e-18	3.27223492642e-08
0.0928	6.32194924601e-14	3.38821531805e-09	4.37543417174e-14	4.33720089692e-13	4.47071734183e-18	3.28637017692e-08
0.093	6.36290541909e-14	3.41016122132e-09	4.39431391052e-14	4.35591547435e-13	4.49000840541e-18	3.30053582757e-08
0.0932	6.40403806977e-14	3.4322016507e-09	4.41323429321e-14	4.37467033892e-13	4.50934099958e-18	3.31473187796e-08
0.0934	6.4453475772e-14	3.45433680904e-09	4.4321953198e-14	4.39346549063e-13	4.52871512433e-18	3.32895832765e-08
0.0936	6.48683432053e-14	3.47656689917e-09	4.45119699029e-14	4.41230092946e-13	4.54813077967e-18	3.34321517625e-08
0.0938	6.52849867892e-14	3.49889212394e-09	4.47023930468e-14	4.4311766554e-13	4.5675879656e-18	3.35750242334e-08
0.094	6.5703410315e-14	3.52131268618e-09	4.48932226295e-14	4.45009266845e-13	4.5870866821e-18	3.37182006849e-08
0.0942	6.61236175743e-14	3.54382878874e-09	4.5084458651e-14	4.46904896858e-13	4.60662692919e-18	3.3861681113e-08
0.0944	6.65456123584e-14	3.56644063443e-09	4.52761011113e-14	4.4880455558e-13	4.62620870686e-18	3.40054655134e-08
0.0946	6.69693984589e-14	3.58914842609e-09	4.54681500103e-14	4.50708243009e-13	4.64583201512e-18	3.41495538821e-08
0.0948	6.73949796671e-14	3.61195236656e-09	4.56606053479e-14	4.52615959143e-13	4.66549685395e-18	3.42939462149e-08
0.095	6.78223597743e-14	3.63485265865e-09	4.5853467124e-14	4.54527703982e-13	4.68520322336e-18	3.44386425076e-08
0.0952	6.8251542572e-14	3.6578495052e-09	4.60467353387e-14	4.56443477524e-13	4.70495112334e-18	3.4583642756e-08
0.0954	6.86825318516e-14	3.68094310902e-09	4.62404099918e-14	4.58363279769e-13	4.72474055391e-18	3.47289469561e-08
0.0956	6.91153314043e-14	3.70413367295e-09	4.64344910833e-14	4.60287110716e-13	4.74457151505e-18	3.48745551037e-08
0.0958	6.95499450216e-14	3.72742139979e-09	4.66289786131e-14	4.62214970362e-13	4.76444400676e-18	3.50204671945e-08
0.096	6.99863764946e-14	3.75080649237e-09	4.68238725812e-14	4.64146858708e-13	4.78435802905e-18	3.51666832246e-08
0.0962	7.04246296148e-14	3.7742891535e-09	4.70191729876e-14	4.66082775752e-13	4.80431358191e-18	3.53132031896e-08
0.0964	7.08647081733e-14	3.79786958601e-09	4.7214879832e-14	4.68022721492e-13	4.82431066535e-18	3.54600270854e-08
0.0966	7.13066159615e-14	3.82154799269e-09	4.74109931146e-14	4.69966695929e-13	4.84434927935e-18	3.5607154908e-08
0.0968	7.17503567706e-14	3.84532457636e-09	4.76075128352e-14	4.7191469906e-13	4.86442942392e-18	3.57545866531e-08
0.097	7.21959343919e-14	3.86919953983e-09	4.78044389938e-14	4.73866730884e-13	4.88455109907e-18	3.59023223166e-08
0.0972	7.26433526164e-14	3.89317308591e-09	4.80017715903e-14	4.75822791401e-13	4.90471430478e-18	3.60503618943e-08
0.0974	7.30926152356e-14	3.91724541739e-09	4.81995106246e-14	4.7778288061e-13	4.92491904105e-18	3.61987053821e-08
0.0976	7.35437260404e-14	3.9414167371e-09	4.83976560967e-14	4.79746998509e-13	4.9451653079e-18	3.63473527759e-08
0.0978	7.39966888222e-14	3.96568724781e-09	4.85962080066e-14	4.81715145097e-13	4.96545310531e-18	3.64963040714e-08
0.098	7.4451507372e-14	3.99005715234e-09	4.87951663542e-14	4.83687320373e-13	4.98578243328e-18	3.66455592645e-08
0.0982	7.4908185481e-14	4.01452665348e-09	4.89945311393e-14	4.85663524336e-13	5.00615329181e-18	3.67951183511e-08
0.0984	7.53667269403e-14	4.03909595402e-09	4.91943023621e-14	4.87643756984e-13	5.02656568091e-18	3.6944981327e-08
0.0986	7.5827135541e-14	4.06376525677e-09	4.93944800223e-14	4.89628018318e-13	5.04701960057e-18	3.70951481881e-08
0.0988	7.62894150743e-14	4.0885347645e-09	4.959506412e-14	4.91616308335e-13	5.06751505079e-18	3.72456189302e-08
0.099	7.67535693311e-14	4.11340468002e-09	4.9796054655e-14	4.93608627034e-13	5.08805203157e-18	3.73963935491e-08
0.0992	7.72196021025e-14	4.13837520611e-09	4.99974516274e-14	4.95604974415e-13	5.1086305429e-18	3.75474720408e-08
0.0994	7.76875171797e-14	4.16344654555e-09	5.0199255037e-14	4.97605350477e-13	5.1292505848e-18	3.7698854401e-08
0.0996	7.81573183535e-14	4.18861890113e-09	5.04014648838e-14	4.99609755217e-13	5.14991215724e-18	3.78505406256e-08
0.0998	7.8629009415e-14	4.21389247563e-09	5.06040811678e-14	5.01618188636e-13	5.17061526025e-18	3.80025307104e-08
0.1	7.91025941553e-14	4.23926747183e-09	5.08071038889e-14	5.03630650731e-13	5.19135989381e-18	3.81548246513e-08
