0	0.0	0.0	0.0	0.0	0.0	0.0
0.0002	1.26630212863e-21	6.79068091745e-17	4.06466715342e-19	4.02922951811e-18	4.15310417848e-23	3.05931719614e-13
0.0004	1.01304064351e-20	5.43253213677e-16	1.62586678213e-18	1.61169165949e-17	1.66124165835e-22	1.22372131607e-12
0.0006	3.41900859642e-20	1.83347534462e-15	3.65820008153e-18	3.62630590143e-17	3.73779370196e-22	2.75336044586e-12
0.0008	8.10430819789e-20	4.34600555398e-15	6.50346649467e-18	6.44676545598e-17	6.64496652912e-22	4.89484076554e-12
0.001	1.58287103961e-19	8.48827241464e-15	1.01616659027e-17	1.00730701015e-16	1.03827601203e-21	7.64815393173e-12
0.0012	2.7351982961e-19	1.46677007204e-14	1.46327981868e-17	1.45052196165e-16	1.49511744559e-21	1.10132916012e-11
0.0014	4.34338904846e-19	2.3291711486e-14	1.99168632281e-17	1.97432137792e-16	2.03502095163e-21	1.49902454306e-11
0.0016	6.48341943807e-19	3.47677219471e-14	2.60138609078e-17	2.5787052368e-16	2.65798652821e-21	1.9579007077e-11
0.0018	9.23126528847e-19	4.95031455604e-14	3.29237911069e-17	3.26367351614e-16	3.36401417337e-21	2.47795681971e-11
0.002	1.26629021054e-18	6.79053920037e-14	4.06466537067e-17	4.02922619376e-16	4.15310388515e-21	3.05919204481e-11
0.0022	1.68543050769e-18	9.03818671755e-14	4.91824485883e-17	4.87536324751e-16	5.02525566159e-21	3.7016055487e-11
0.0024	2.1881449073e-18	1.17339973196e-13	5.85311756329e-17	5.80208465523e-16	5.98046950075e-21	4.40519649711e-11
0.0026	2.78203086461e-18	1.49187108405e-13	6.86928347215e-17	6.80939039474e-16	7.01874540066e-21	5.16996405574e-11
0.0028	3.47468580307e-18	1.86330667366e-13	7.96674257355e-17	7.8972804439e-16	8.14008335937e-21	5.99590739034e-11
0.003	4.27370711435e-18	2.2917804086e-13	9.14549485558e-17	9.06575478054e-16	9.34448337492e-21	6.88302566665e-11
0.0032	5.18669215834e-18	2.78136615893e-13	1.04055403064e-16	1.03148133825e-15	1.06319454454e-20	7.8313180504e-11
0.0034	6.22123826315e-18	3.3361377569e-13	1.1746878914e-16	1.16444562276e-15	1.20024695687e-20	8.84078370737e-11
0.0036	7.38494272511e-18	3.96016899697e-13	1.31695106667e-16	1.30546832937e-15	1.34560557431e-20	9.9114218033e-11
0.0038	8.68540280877e-18	4.65753363582e-13	1.46734355524e-16	1.45454945586e-15	1.49927039665e-20	1.1043231504e-10
0.004	1.01302157469e-17	5.43230539233e-13	1.62586535594e-16	1.61168900002e-15	1.66124142369e-20	1.22362119752e-10
0.0042	1.17269787405e-17	6.28855794762e-13	1.79251646757e-16	1.77688695963e-15	1.83151865525e-20	1.34903623826e-10
0.0044	1.34832889588e-17	7.23036494499e-13	1.96729688894e-16	1.95014333247e-15	2.01010209112e-20	1.48056818922e-10
0.0046	1.54067435391e-17	8.26179998997e-13	2.15020661887e-16	2.13145811633e-15	2.19699173111e-20	1.61821696697e-10
0.0048	1.75049395872e-17	9.38693665031e-13	2.34124565617e-16	2.320831309e-15	2.39218757502e-20	1.76198248809e-10
0.005	1.97854741769e-17	1.06098484559e-12	2.54041399964e-16	2.51826290825e-15	2.59568962267e-20	1.91186466915e-10
0.0052	2.22559443504e-17	1.19346088991e-12	2.74771164811e-16	2.72375291186e-15	2.80749787384e-20	2.06786342676e-10
0.0054	2.49239471178e-17	1.3365291434e-12	2.96313860038e-16	2.93730131764e-15	3.02761232836e-20	2.22997867748e-10
0.0056	2.77970794578e-17	1.49059694775e-12	3.18669485526e-16	3.15890812334e-15	3.25603298602e-20	2.3982103379e-10
0.0058	3.08829383171e-17	1.65607164081e-12	3.41838041157e-16	3.38857332677e-15	3.49275984662e-20	2.5725583246e-10
0.006	3.41891206106e-17	1.83336055671e-12	3.65819526811e-16	3.62629692571e-15	3.73779290998e-20	2.75302255418e-10
0.0062	3.77232232217e-17	2.02287102576e-12	3.9061394237e-16	3.87207891793e-15	3.99113217589e-20	2.93960294321e-10
0.0064	4.14928430016e-17	2.22501037451e-12	4.16221287715e-16	4.12591930122e-15	4.25277764416e-20	3.13229940828e-10
0.0066	4.550557677e-17	2.44018592572e-12	4.42641562728e-16	4.38781807337e-15	4.52272931459e-20	3.33111186599e-10
0.0068	4.97690213147e-17	2.66880499838e-12	4.69874767288e-16	4.65777523216e-15	4.800987187e-20	3.53604023292e-10
0.007	5.42907733919e-17	2.91127490771e-12	4.97920901278e-16	4.93579077537e-15	5.08755126117e-20	3.74708442565e-10
0.0072	5.90784297259e-17	3.16800296513e-12	5.26779964579e-16	5.22186470079e-15	5.38242153693e-20	3.96424436078e-10
0.0074	6.4139587009e-17	3.43939647829e-12	5.56451957071e-16	5.5159970062e-15	5.68559801407e-20	4.18751995491e-10
0.0076	6.94818419022e-17	3.72586275108e-12	5.86936878636e-16	5.81818768939e-15	5.99708069239e-20	4.41691112461e-10
0.0078	7.51127910344e-17	4.02780908359e-12	6.18234729155e-16	6.12843674813e-15	6.31686957171e-20	4.65241778648e-10
0.008	8.10400310026e-17	4.34564277214e-12	6.50345508509e-16	6.44674418022e-15	6.64496465182e-20	4.89403985712e-10
0.0082	8.72711583724e-17	4.67977110926e-12	6.8326921658e-16	6.77310998343e-15	6.98136593253e-20	5.14177725312e-10
0.0084	9.38137696774e-17	5.03060138371e-12	7.17005853248e-16	7.10753415555e-15	7.32607341364e-20	5.39562989107e-10
0.0086	1.00675461419e-16	5.39854088049e-12	7.51555418395e-16	7.45001669437e-15	7.67908709497e-20	5.65559768758e-10
0.0088	1.07863830068e-16	5.7839968808e-12	7.86917911901e-16	7.80055759766e-15	8.0404069763e-20	5.92168055922e-10
0.009	1.15386472063e-16	6.18737666205e-12	8.23093333648e-16	8.15915686321e-15	8.41003305746e-20	6.19387842261e-10
0.0092	1.23250983809e-16	6.60908749791e-12	8.60081683518e-16	8.52581448881e-15	8.78796533824e-20	6.47219119433e-10
0.0094	1.31464961682e-16	7.04953665824e-12	8.9788296139e-16	8.90053047224e-15	9.17420381844e-20	6.756618791e-10
0.0096	1.40036002025e-16	7.50913140913e-12	9.36497167147e-16	9.28330481128e-15	9.56874849788e-20	7.04716112919e-10
0.0098	1.48971701148e-16	7.9882790129e-12	9.7592430067e-16	9.67413750372e-15	9.97159937635e-20	7.34381812553e-10
0.01	1.58279655331e-16	8.48738672808e-12	1.01616436184e-15	1.00730285473e-14	1.03827564537e-19	7.6465896966e-10
0.0102	1.67967460822e-16	9.00686180943e-12	1.05721735054e-15	1.04799779399e-14	1.08022197296e-19	7.955475759e-10
0.0104	1.78042713837e-16	9.54711150793e-12	1.09908326664e-15	1.08949856792e-14	1.1229989204e-19	8.27047622935e-10
0.0106	1.8851301056e-16	1.01085430708e-11	1.14176211004e-15	1.13180517631e-14	1.16660648767e-19	8.59159102424e-10
0.0108	1.99385947142e-16	1.06915637414e-11	1.18525388061e-15	1.17491761893e-14	1.21104467474e-19	8.91882006027e-10
0.011	2.10669119705e-16	1.12965807595e-11	1.22955857822e-15	1.21883589556e-14	1.2563134816e-19	9.25216325405e-10
0.0112	2.22370124337e-16	1.19240013608e-11	1.27467620278e-15	1.26356000597e-14	1.30241290822e-19	9.59162052219e-10
0.0114	2.34496557096e-16	1.25742327775e-11	1.32060675415e-15	1.30908994995e-14	1.34934295459e-19	9.93719178129e-10
0.0116	2.47056014005e-16	1.32476822379e-11	1.36735023221e-15	1.35542572728e-14	1.39710362069e-19	1.0288876948e-09
0.0118	2.6005609106e-16	1.39447569666e-11	1.41490663685e-15	1.40256733773e-14	1.4456949065e-19	1.06466759388e-09
0.012	2.73504384221e-16	1.46658641842e-11	1.46327596795e-15	1.45051478108e-14	1.495116812e-19	1.10105886704e-09
0.0122	2.87408489418e-16	1.54114111077e-11	1.51245822539e-15	1.49926805712e-14	1.54536933716e-19	1.13806150594e-09
0.0124	3.0177600255e-16	1.61818049505e-11	1.56245340905e-15	1.54882716561e-14	1.59645248197e-19	1.17567550224e-09
0.0126	3.16614519482e-16	1.69774529218e-11	1.61326151881e-15	1.59919210634e-14	1.64836624642e-19	1.21390084761e-09
0.0128	3.31931636049e-16	1.77987622273e-11	1.66488255455e-15	1.65036287908e-14	1.70111063047e-19	1.25273753369e-09
0.013	3.47734948054e-16	1.86461400689e-11	1.71731651616e-15	1.70233948362e-14	1.75468563412e-19	1.29218555216e-09
0.0132	3.64032051268e-16	1.95199936447e-11	1.77056340351e-15	1.75512191973e-14	1.80909125733e-19	1.33224489467e-09
0.0134	3.8083054143e-16	2.0420730149e-11	1.82462321649e-15	1.80871018719e-14	1.8643275001e-19	1.37291555289e-09
0.0136	3.98138014248e-16	2.13487567723e-11	1.87949595498e-15	1.86310428578e-14	1.9203943624e-19	1.41419751848e-09
0.0138	4.15962065396e-16	2.23044807014e-11	1.93518161885e-15	1.91830421527e-14	1.97729184421e-19	1.45609078309e-09
0.014	4.3431029052e-16	2.32883091193e-11	1.99168020799e-15	1.97430997545e-14	2.03501994551e-19	1.4985953384e-09
0.0142	4.53190285231e-16	2.43006492051e-11	2.04899172229e-15	2.0311215661e-14	2.09357866629e-19	1.54171117606e-09
0.0144	4.72609645109e-16	2.53419081343e-11	2.10711616162e-15	2.08873898699e-14	2.15296800652e-19	1.58543828773e-09
0.0146	4.92575965703e-16	2.64124930785e-11	2.16605352586e-15	2.1471622379e-14	2.21318796619e-19	1.62977666508e-09
0.0148	5.13096842529e-16	2.75128112056e-11	2.22580381489e-15	2.2063913186e-14	2.27423854527e-19	1.67472629976e-09
0.015	5.34179871074e-16	2.86432696797e-11	2.2863670286e-15	2.26642622889e-14	2.33611974375e-19	1.72028718345e-09
0.0152	5.55832646789e-16	2.98042756611e-11	2.34774316687e-15	2.32726696853e-14	2.3988315616e-19	1.76645930779e-09
0.0154	5.78062765096e-16	3.09962363064e-11	2.40993222957e-15	2.38891353731e-14	2.46237399881e-19	1.81324266446e-09
0.0156	6.00877821385e-16	3.22195587682e-11	2.47293421659e-15	2.45136593499e-14	2.52674705535e-19	1.86063724512e-09
0.0158	6.24285411015e-16	3.34746501956e-11	2.53674912782e-15	2.51462416137e-14	2.59195073121e-19	1.90864304142e-09
0.016	6.4829312931e-16	3.47619177337e-11	2.60137696312e-15	2.57868821622e-14	2.65798502637e-19	1.95726004503e-09
0.0162	6.72908571565e-16	3.60817685241e-11	2.66681772239e-15	2.64355809932e-14	2.7248499408e-19	2.00648824762e-09
0.0164	6.98139333043e-16	3.74346097043e-11	2.7330714055e-15	2.70923381044e-14	2.7925454745e-19	2.05632764084e-09
0.0166	7.23993008975e-16	3.88208484082e-11	2.80013801233e-15	2.77571534937e-14	2.86107162743e-19	2.10677821636e-09
0.0168	7.5047719456e-16	4.02408917659e-11	2.86801754277e-15	2.84300271588e-14	2.93042839958e-19	2.15783996584e-09
0.017	7.77599484964e-16	4.16951469038e-11	2.9367099967e-15	2.91109590975e-14	3.00061579094e-19	2.20951288094e-09
0.0172	8.05367475324e-16	4.31840209443e-11	3.006215374e-15	2.97999493076e-14	3.07163380147e-19	2.26179695333e-09
0.0174	8.33788760742e-16	4.47079210062e-11	3.07653367454e-15	3.04969977869e-14	3.14348243116e-19	2.31469217467e-09
0.0176	8.62870936292e-16	4.62672542045e-11	3.14766489822e-15	3.12021045332e-14	3.21616167999e-19	2.36819853661e-09
0.0178	8.92621597012e-16	4.78624276505e-11	3.2196090449e-15	3.19152695442e-14	3.28967154795e-19	2.42231603084e-09
0.018	9.23048337912e-16	4.94938484515e-11	3.29236611448e-15	3.26364928177e-14	3.364012035e-19	2.477044649e-09
0.0182	9.54158753968e-16	5.11619237111e-11	3.36593610684e-15	3.33657743515e-14	3.43918314114e-19	2.53238438276e-09
0.0184	9.85960440125e-16	5.28670605294e-11	3.44031902185e-15	3.41031141435e-14	3.51518486634e-19	2.58833522378e-09
0.0186	1.01846099129e-15	5.46096660023e-11	3.51551485939e-15	3.48485121913e-14	3.59201721059e-19	2.64489716374e-09
0.0188	1.05166800236e-15	5.63901472222e-11	3.59152361935e-15	3.56019684928e-14	3.66968017385e-19	2.70207019428e-09
0.019	1.08558906817e-15	5.82089112776e-11	3.66834530161e-15	3.63634830458e-14	3.74817375613e-19	2.75985430708e-09
0.0192	1.12023178354e-15	6.00663652533e-11	3.74597990605e-15	3.7133055848e-14	3.82749795738e-19	2.81824949379e-09
0.0194	1.15560374326e-15	6.19629162303e-11	3.82442743255e-15	3.79106868972e-14	3.9076527776e-19	2.87725574609e-09
0.0196	1.19171254209e-15	6.38989712858e-11	3.903687881e-15	3.86963761912e-14	3.98863821677e-19	2.93687305563e-09
0.0198	1.22856577473e-15	6.58749374933e-11	3.98376125126e-15	3.94901237278e-14	4.07045427486e-19	2.99710141408e-09
0.02	1.2661710359e-15	6.78912219223e-11	4.06464754323e-15	4.02919295047e-14	4.15310095186e-19	3.05794081311e-09
0.0202	1.30453592024e-15	6.99482316387e-11	4.14634675679e-15	4.11017935199e-14	4.23657824774e-19	3.11939124437e-09
0.0204	1.34366802237e-15	7.20463737048e-11	4.22885889181e-15	4.19197157709e-14	4.3208861625e-19	3.18145269953e-09
0.0206	1.38357493691e-15	7.41860551787e-11	4.31218394818e-15	4.27456962557e-14	4.4060246961e-19	3.24412517025e-09
0.0208	1.4242642584e-15	7.63676831151e-11	4.39632192578e-15	4.3579734972e-14	4.49199384852e-19	3.30740864821e-09
0.021	1.46574358139e-15	7.85916645648e-11	4.48127282448e-15	4.44218319176e-14	4.57879361976e-19	3.37130312506e-09
0.0212	1.50802050037e-15	8.08584065746e-11	4.56703664418e-15	4.52719870902e-14	4.66642400979e-19	3.43580859246e-09
0.0214	1.55110260981e-15	8.31683161879e-11	4.65361338476e-15	4.61302004877e-14	4.75488501858e-19	3.50092504209e-09
0.0216	1.59499750415e-15	8.55218004441e-11	4.74100304608e-15	4.69964721078e-14	4.84417664613e-19	3.5666524656e-09
0.0218	1.63971277778e-15	8.79192663788e-11	4.82920562804e-15	4.78708019484e-14	4.9342988924e-19	3.63299085466e-09
0.022	1.6852560251e-15	9.03611210239e-11	4.91822113052e-15	4.87531900072e-14	5.02525175739e-19	3.69994020094e-09
0.0222	1.73163484042e-15	9.28477714076e-11	5.00804955339e-15	4.9643636282e-14	5.11703524106e-19	3.7675004961e-09
0.0224	1.77885681807e-15	9.53796245541e-11	5.09869089654e-15	5.05421407705e-14	5.20964934341e-19	3.8356717318e-09
0.0226	1.82692955233e-15	9.79570874842e-11	5.19014515985e-15	5.14487034706e-14	5.30309406441e-19	3.90445389971e-09
0.0228	1.87586063743e-15	1.00580567214e-10	5.2824123432e-15	5.23633243801e-14	5.39736940404e-19	3.9738469915e-09
0.023	1.92565766759e-15	1.03250470758e-10	5.37549244647e-15	5.32860034966e-14	5.49247536229e-19	4.04385099882e-09
0.0232	1.976328237e-15	1.05967205124e-10	5.46938546954e-15	5.42167408181e-14	5.58841193913e-19	4.11446591335e-09
0.0234	2.0278799398e-15	1.08731177318e-10	5.5640914123e-15	5.51555363423e-14	5.68517913454e-19	4.18569172675e-09
0.0236	2.08032037011e-15	1.11542794341e-10	5.65961027462e-15	5.6102390067e-14	5.78277694851e-19	4.25752843069e-09
0.0238	2.13365712203e-15	1.14402463192e-10	5.75594205639e-15	5.70573019899e-14	5.88120538101e-19	4.32997601682e-09
0.024	2.1878977896e-15	1.17310590864e-10	5.85308675749e-15	5.80202721088e-14	5.98046443203e-19	4.40303447682e-09
0.0242	2.24304996685e-15	1.20267584349e-10	5.95104437779e-15	5.89913004216e-14	6.08055410154e-19	4.47670380235e-09
0.0244	2.29912124777e-15	1.23273850632e-10	6.04981491719e-15	5.99703869261e-14	6.18147438953e-19	4.55098398508e-09
0.0246	2.35611922632e-15	1.26329796696e-10	6.14939837555e-15	6.09575316199e-14	6.28322529597e-19	4.62587501666e-09
0.0248	2.41405149643e-15	1.29435829521e-10	6.24979475277e-15	6.19527345009e-14	6.38580682085e-19	4.70137688878e-09
0.025	2.47292565199e-15	1.32592356081e-10	6.35100404872e-15	6.29559955668e-14	6.48921896415e-19	4.77748959309e-09
0.0252	2.53274928687e-15	1.35799783348e-10	6.45302626328e-15	6.39673148155e-14	6.59346172585e-19	4.85421312126e-09
0.0254	2.59352999491e-15	1.3905851829e-10	6.55586139634e-15	6.49866922448e-14	6.69853510592e-19	4.93154746495e-09
0.0256	2.6552753699e-15	1.4236896787e-10	6.65950944777e-15	6.60141278523e-14	6.80443910436e-19	5.00949261583e-09
0.0258	2.71799300561e-15	1.4573153905e-10	6.76397041747e-15	6.7049621636e-14	6.91117372113e-19	5.08804856558e-09
0.026	2.78169049578e-15	1.49146638784e-10	6.8692443053e-15	6.80931735935e-14	7.01873895622e-19	5.16721530584e-09
0.0262	2.84637543411e-15	1.52614674026e-10	6.97533111115e-15	6.91447837227e-14	7.12713480962e-19	5.24699282829e-09
0.0264	2.91205541429e-15	1.56136051725e-10	7.0822308349e-15	7.02044520214e-14	7.23636128129e-19	5.3273811246e-09
0.0266	2.97873802994e-15	1.59711178825e-10	7.18994347644e-15	7.12721784873e-14	7.34641837122e-19	5.40838018643e-09
0.0268	3.04643087469e-15	1.63340462268e-10	7.29846903564e-15	7.23479631182e-14	7.4573060794e-19	5.48999000545e-09
0.027	3.11514154211e-15	1.67024308991e-10	7.40780751238e-15	7.34318059119e-14	7.5690244058e-19	5.57221057332e-09
0.0272	3.18487762574e-15	1.70763125928e-10	7.51795890655e-15	7.45237068662e-14	7.6815733504e-19	5.65504188172e-09
0.0274	3.25564671911e-15	1.74557320009e-10	7.62892321802e-15	7.56236659789e-14	7.79495291318e-19	5.7384839223e-09
0.0276	3.32745641569e-15	1.7840729816e-10	7.74070044669e-15	7.67316832478e-14	7.90916309412e-19	5.82253668674e-09
0.0278	3.40031430894e-15	1.82313467303e-10	7.85329059242e-15	7.78477586705e-14	8.02420389321e-19	5.9072001667e-09
0.028	3.47422799228e-15	1.86276234358e-10	7.9666936551e-15	7.8971892245e-14	8.14007531043e-19	5.99247435385e-09
0.0282	3.54920505909e-15	1.90296006238e-10	8.08090963462e-15	8.01040839691e-14	8.25677734574e-19	6.07835923985e-09
0.0284	3.62525310273e-15	1.94373189855e-10	8.19593853084e-15	8.12443338403e-14	8.37430999915e-19	6.16485481637e-09
0.0286	3.70237971653e-15	1.98508192116e-10	8.31178034366e-15	8.23926418567e-14	8.49267327061e-19	6.25196107509e-09
0.0288	3.78059249378e-15	2.02701419925e-10	8.42843507296e-15	8.35490080159e-14	8.61186716013e-19	6.33967800766e-09
0.029	3.85989902773e-15	2.06953280181e-10	8.54590271861e-15	8.47134323158e-14	8.73189166767e-19	6.42800560575e-09
0.0292	3.94030691163e-15	2.11264179781e-10	8.6641832805e-15	8.58859147541e-14	8.85274679321e-19	6.51694386104e-09
0.0294	4.02182373865e-15	2.15634525615e-10	8.7832767585e-15	8.70664553286e-14	8.97443253675e-19	6.60649276518e-09
0.0296	4.10445710198e-15	2.20064724574e-10	8.90318315251e-15	8.82550540371e-14	9.09694889825e-19	6.69665230985e-09
0.0298	4.18821459475e-15	2.24555183541e-10	9.0239024624e-15	8.94517108774e-14	9.2202958777e-19	6.78742248672e-09
0.03	4.27310381005e-15	2.29106309397e-10	9.14543468805e-15	9.06564258472e-14	9.34447347508e-19	6.87880328744e-09
0.0302	4.35913234096e-15	2.3371850902e-10	9.26777982934e-15	9.18691989444e-14	9.46948169036e-19	6.9707947037e-09
0.0304	4.44630778051e-15	2.38392189282e-10	9.39093788615e-15	9.30900301667e-14	9.59532052354e-19	7.06339672715e-09
0.0306	4.53463772172e-15	2.43127757054e-10	9.51490885837e-15	9.4318919512e-14	9.72198997458e-19	7.15660934946e-09
0.0308	4.62412975755e-15	2.479256192e-10	9.63969274588e-15	9.55558669779e-14	9.84949004348e-19	7.25043256231e-09
0.031	4.71479148096e-15	2.52786182583e-10	9.76528954856e-15	9.68008725623e-14	9.97782073021e-19	7.34486635736e-09
0.0312	4.80663048484e-15	2.57709854061e-10	9.89169926628e-15	9.80539362629e-14	1.01069820347e-18	7.43991072627e-09
0.0314	4.89965436209e-15	2.62697040488e-10	1.00189218989e-14	9.93150580777e-14	1.02369739571e-18	7.53556566073e-09
0.0316	4.99387070555e-15	2.67748148715e-10	1.01469574464e-14	1.00584238004e-13	1.03677964972e-18	7.63183115239e-09
0.0318	5.08928710803e-15	2.72863585589e-10	1.02758059086e-14	1.0186147604e-13	1.0499449655e-18	7.72870719292e-09
0.032	5.18591116232e-15	2.78043757953e-10	1.04054672853e-14	1.03146772184e-13	1.06319334306e-18	7.82619377399e-09
0.0322	5.28375046118e-15	2.83289072647e-10	1.05359415765e-14	1.04440126433e-13	1.07652478239e-18	7.92429088727e-09
0.0324	5.38281259732e-15	2.88599936505e-10	1.0667228782e-14	1.05741538784e-13	1.08993928349e-18	8.02299852444e-09
0.0326	5.48310516343e-15	2.93976756359e-10	1.07993289017e-14	1.07051009237e-13	1.10343684636e-18	8.12231667714e-09
0.0328	5.58463575217e-15	2.99419939039e-10	1.09322419356e-14	1.08368537788e-13	1.11701747099e-18	8.22224533707e-09
0.033	5.68741195617e-15	3.04929891366e-10	1.10659678834e-14	1.09694124435e-13	1.13068115739e-18	8.32278449588e-09
0.0332	5.79144136802e-15	3.10507020163e-10	1.1200506745e-14	1.11027769177e-13	1.14442790554e-18	8.42393414524e-09
0.0334	5.89673158027e-15	3.16151732246e-10	1.13358585205e-14	1.1236947201e-13	1.15825771546e-18	8.52569427683e-09
0.0336	6.00329018547e-15	3.21864434427e-10	1.14720232095e-14	1.13719232933e-13	1.17217058714e-18	8.62806488231e-09
0.0338	6.11112477611e-15	3.27645533516e-10	1.1609000812e-14	1.15077051943e-13	1.18616652057e-18	8.73104595334e-09
0.034	6.22024294465e-15	3.33495436318e-10	1.1746791328e-14	1.16442929039e-13	1.20024551575e-18	8.83463748161e-09
0.0342	6.33065228354e-15	3.39414549634e-10	1.18853947572e-14	1.17816864218e-13	1.21440757269e-18	8.93883945878e-09
0.0344	6.44236038517e-15	3.45403280263e-10	1.20248110995e-14	1.19198857477e-13	1.22865269137e-18	9.04365187651e-09
0.0346	6.55537484191e-15	3.51462034999e-10	1.21650403549e-14	1.20588908815e-13	1.2429808718e-18	9.14907472648e-09
0.0348	6.66970324612e-15	3.5759122063e-10	1.23060825231e-14	1.2198701823e-13	1.25739211398e-18	9.25510800036e-09
0.035	6.78535319008e-15	3.63791243945e-10	1.24479376042e-14	1.23393185718e-13	1.27188641791e-18	9.36175168982e-09
0.0352	6.90233226608e-15	3.70062511726e-10	1.2590605598e-14	1.24807411279e-13	1.28646378357e-18	9.46900578652e-09
0.0354	7.02064806637e-15	3.76405430751e-10	1.27340865042e-14	1.26229694909e-13	1.30112421098e-18	9.57687028214e-09
0.0356	7.14030818315e-15	3.82820407796e-10	1.2878380323e-14	1.27660036607e-13	1.31586770012e-18	9.68534516834e-09
0.0358	7.26132020861e-15	3.89307849631e-10	1.3023487054e-14	1.2909843637e-13	1.330694251e-18	9.7944304368e-09
0.036	7.3836917349e-15	3.95868163026e-10	1.31694066973e-14	1.30544894196e-13	1.34560386362e-18	9.90412607918e-09
0.0362	7.50743035413e-15	4.02501754743e-10	1.33161392526e-14	1.31999410083e-13	1.36059653796e-18	1.00144320872e-08
0.0364	7.63254365839e-15	4.09209031542e-10	1.34636847198e-14	1.33461984029e-13	1.37567227404e-18	1.01253484524e-08
0.0366	7.75903923973e-15	4.1599040018e-10	1.3612043099e-14	1.34932616031e-13	1.39083107184e-18	1.02368751666e-08
0.0368	7.88692469017e-15	4.22846267409e-10	1.37612143898e-14	1.36411306087e-13	1.40607293137e-18	1.03490122214e-08
0.037	8.01620760171e-15	4.29777039977e-10	1.39111985922e-14	1.37898054195e-13	1.42139785263e-18	1.04617596084e-08
0.0372	8.1468955663e-15	4.36783124631e-10	1.40619957062e-14	1.39392860354e-13	1.43680583561e-18	1.05751173194e-08
0.0374	8.27899617587e-15	4.4386492811e-10	1.42136057314e-14	1.40895724559e-13	1.45229688031e-18	1.06890853461e-08
0.0376	8.41251702232e-15	4.51022857153e-10	1.4366028668e-14	1.4240664681e-13	1.46787098672e-18	1.080366368e-08
0.0378	8.5474656975e-15	4.58257318492e-10	1.45192645156e-14	1.43925627104e-13	1.48352815486e-18	1.09188523128e-08
0.038	8.68384979325e-15	4.65568718858e-10	1.46733132743e-14	1.45452665439e-13	1.4992683847e-18	1.10346512363e-08
0.0382	8.82167690137e-15	4.72957464977e-10	1.48281749438e-14	1.46987761813e-13	1.51509167627e-18	1.11510604421e-08
0.0384	8.96095461362e-15	4.8042396357e-10	1.49838495242e-14	1.48530916223e-13	1.53099802954e-18	1.12680799219e-08
0.0386	9.10169052175e-15	4.87968621357e-10	1.51403370151e-14	1.50082128668e-13	1.54698744452e-18	1.13857096673e-08
0.0388	9.24389221746e-15	4.95591845052e-10	1.52976374166e-14	1.51641399144e-13	1.5630599212e-18	1.150394967e-08
0.039	9.38756729241e-15	5.03294041367e-10	1.54557507286e-14	1.53208727651e-13	1.5792154596e-18	1.16227999217e-08
0.0392	9.53272333825e-15	5.11075617007e-10	1.56146769508e-14	1.54784114185e-13	1.59545405969e-18	1.17422604141e-08
0.0394	9.67936794659e-15	5.18936978677e-10	1.57744160832e-14	1.56367558744e-13	1.61177572149e-18	1.18623311388e-08
0.0396	9.82750870901e-15	5.26878533077e-10	1.59349681256e-14	1.57959061327e-13	1.62818044498e-18	1.19830120874e-08
0.0398	9.97715321705e-15	5.34900686901e-10	1.6096333078e-14	1.5955862193e-13	1.64466823017e-18	1.21043032518e-08
0.04	1.01283090622e-14	5.43003846843e-10	1.62585109402e-14	1.61166240552e-13	1.66123907706e-18	1.22262046235e-08
0.0402	1.0280983836e-14	5.5118841959e-10	1.64215017121e-14	1.62781917191e-13	1.67789298564e-18	1.23487161942e-08
0.0404	1.04351851299e-14	5.59454811827e-10	1.65853053936e-14	1.64405651844e-13	1.69462995591e-18	1.24718379555e-08
0.0406	1.05909205352e-14	5.67803430235e-10	1.67499219846e-14	1.6603744451e-13	1.71144998787e-18	1.25955698993e-08
0.0408	1.07481976434e-14	5.7623468149e-10	1.69153514849e-14	1.67677295185e-13	1.72835308152e-18	1.2719912017e-08
0.041	1.09070240459e-14	5.84748972266e-10	1.70815938944e-14	1.69325203868e-13	1.74533923685e-18	1.28448643005e-08
0.0412	1.10674073339e-14	5.93346709233e-10	1.7248649213e-14	1.70981170556e-13	1.76240845387e-18	1.29704267413e-08
0.0414	1.12293550987e-14	6.02028299055e-10	1.74165174406e-14	1.72645195247e-13	1.77956073257e-18	1.30965993312e-08
0.0416	1.13928749316e-14	6.10794148396e-10	1.75851985771e-14	1.7431727794e-13	1.79679607294e-18	1.32233820617e-08
0.0418	1.15579744239e-14	6.19644663912e-10	1.77546926223e-14	1.75997418631e-13	1.814114475e-18	1.33507749247e-08
0.042	1.17246611667e-14	6.28580252258e-10	1.79249995762e-14	1.77685617319e-13	1.83151593873e-18	1.34787779117e-08
0.0422	1.18929427512e-14	6.37601320086e-10	1.80961194386e-14	1.79381874001e-13	1.84900046413e-18	1.36073910145e-08
0.0424	1.20628267685e-14	6.4670827404e-10	1.82680522094e-14	1.81086188676e-13	1.86656805121e-18	1.37366142246e-08
0.0426	1.22343208097e-14	6.55901520765e-10	1.84407978884e-14	1.8279856134e-13	1.88421869995e-18	1.38664475339e-08
0.0428	1.24074324659e-14	6.651814669e-10	1.86143564756e-14	1.84518991992e-13	1.90195241036e-18	1.39968909338e-08
0.043	1.25821693281e-14	6.74548519081e-10	1.87887279708e-14	1.8624748063e-13	1.91976918244e-18	1.41279444162e-08
0.0432	1.27585389874e-14	6.84003083937e-10	1.8963912374e-14	1.87984027251e-13	1.93766901619e-18	1.42596079727e-08
0.0434	1.29365490347e-14	6.93545568099e-10	1.91399096849e-14	1.89728631853e-13	1.95565191159e-18	1.4391881595e-08
0.0436	1.31162070609e-14	7.0317637819e-10	1.93167199036e-14	1.91481294434e-13	1.97371786865e-18	1.45247652746e-08
0.0438	1.3297520657e-14	7.1289592083e-10	1.94943430298e-14	1.93242014991e-13	1.99186688737e-18	1.46582590034e-08
0.044	1.34804974138e-14	7.22704602635e-10	1.96727790634e-14	1.95010793523e-13	2.01009896775e-18	1.4792362773e-08
0.0442	1.36651449222e-14	7.3260283022e-10	1.98520280044e-14	1.96787630028e-13	2.02841410978e-18	1.49270765751e-08
0.0444	1.38514707731e-14	7.42591010191e-10	2.00320898525e-14	1.98572524502e-13	2.04681231347e-18	1.50624004012e-08
0.0446	1.4039482557e-14	7.52669549156e-10	2.02129646078e-14	2.00365476944e-13	2.0652935788e-18	1.51983342432e-08
0.0448	1.4229187865e-14	7.62838853715e-10	2.039465227e-14	2.02166487351e-13	2.08385790578e-18	1.53348780926e-08
0.045	1.44205942876e-14	7.73099330466e-10	2.05771528391e-14	2.03975555722e-13	2.10250529441e-18	1.54720319412e-08
0.0452	1.46137094155e-14	7.83451386003e-10	2.07604663149e-14	2.05792682054e-13	2.12123574468e-18	1.56097957806e-08
0.0454	1.48085408394e-14	7.93895426917e-10	2.09445926973e-14	2.07617866345e-13	2.1400492566e-18	1.57481696026e-08
0.0456	1.50050961499e-14	8.04431859792e-10	2.11295319862e-14	2.09451108593e-13	2.15894583015e-18	1.58871533986e-08
0.0458	1.52033829377e-14	8.15061091213e-10	2.13152841814e-14	2.11292408795e-13	2.17792546535e-18	1.60267471606e-08
0.046	1.54034087932e-14	8.25783527758e-10	2.1501849283e-14	2.13141766949e-13	2.19698816218e-18	1.616695088e-08
0.0462	1.56051813071e-14	8.36599576002e-10	2.16892272906e-14	2.14999183054e-13	2.21613392064e-18	1.63077645486e-08
0.0464	1.58087080697e-14	8.47509642516e-10	2.18774182043e-14	2.16864657106e-13	2.23536274074e-18	1.64491881581e-08
0.0466	1.60139966716e-14	8.58514133868e-10	2.20664220239e-14	2.18738189104e-13	2.25467462247e-18	1.65912217002e-08
0.0468	1.62210547032e-14	8.69613456622e-10	2.22562387492e-14	2.20619779045e-13	2.27406956582e-18	1.67338651664e-08
0.047	1.64298897549e-14	8.80808017337e-10	2.24468683802e-14	2.22509426927e-13	2.2935475708e-18	1.68771185485e-08
0.0472	1.66405094171e-14	8.92098222569e-10	2.26383109168e-14	2.24407132749e-13	2.31310863741e-18	1.70209818382e-08
0.0474	1.68529212801e-14	9.03484478872e-10	2.28305663588e-14	2.26312896507e-13	2.33275276564e-18	1.71654550272e-08
0.0476	1.70671329342e-14	9.14967192793e-10	2.30236347061e-14	2.282267182e-13	2.35247995549e-18	1.7310538107e-08
0.0478	1.72831519697e-14	9.26546770878e-10	2.32175159585e-14	2.30148597825e-13	2.37229020696e-18	1.74562310694e-08
0.048	1.75009859768e-14	9.38223619668e-10	2.3412210116e-14	2.3207853538e-13	2.39218352005e-18	1.76025339061e-08
0.0482	1.77206425458e-14	9.499981457e-10	2.36077171785e-14	2.34016530863e-13	2.41215989475e-18	1.77494466087e-08
0.0484	1.79421292668e-14	9.61870755507e-10	2.38040371458e-14	2.35962584272e-13	2.43221933106e-18	1.78969691689e-08
0.0486	1.816545373e-14	9.7384185562e-10	2.40011700178e-14	2.37916695604e-13	2.45236182899e-18	1.80451015784e-08
0.0488	1.83906235255e-14	9.85911852564e-10	2.41991157944e-14	2.39878864858e-13	2.47258738852e-18	1.81938438289e-08
0.049	1.86176462433e-14	9.98081152861e-10	2.43978744755e-14	2.4184909203e-13	2.49289600966e-18	1.8343195912e-08
0.0492	1.88465294736e-14	1.01035016303e-09	2.45974460609e-14	2.43827377119e-13	2.51328769241e-18	1.84931578194e-08
0.0494	1.90772808063e-14	1.02271928959e-09	2.47978305506e-14	2.45813720123e-13	2.53376243676e-18	1.86437295428e-08
0.0496	1.93099078315e-14	1.03518893904e-09	2.49990279444e-14	2.47808121039e-13	2.55432024271e-18	1.87949110738e-08
0.0498	1.9544418139e-14	1.0477595179e-09	2.52010382421e-14	2.49810579866e-13	2.57496111026e-18	1.89467024042e-08
0.05	1.97808193189e-14	1.06043143267e-09	2.54038614438e-14	2.518210966e-13	2.59568503941e-18	1.90991035255e-08
0.0502	2.0019118961e-14	1.07320508984e-09	2.56074975492e-14	2.5383967124e-13	2.61649203015e-18	1.92521144296e-08
0.0504	2.02593246552e-14	1.08608089592e-09	2.58119465582e-14	2.55866303784e-13	2.63738208248e-18	1.9405735108e-08
0.0506	2.05014439912e-14	1.09905925739e-09	2.60172084708e-14	2.57900994229e-13	2.65835519641e-18	1.95599655524e-08
0.0508	2.0745484559e-14	1.11214058075e-09	2.62232832868e-14	2.59943742573e-13	2.67941137193e-18	1.97148057546e-08
0.051	2.09914539483e-14	1.12532527247e-09	2.6430171006e-14	2.61994548814e-13	2.70055060903e-18	1.98702557061e-08
0.0512	2.12393597487e-14	1.13861373904e-09	2.66378716284e-14	2.64053412949e-13	2.72177290772e-18	2.00263153987e-08
0.0514	2.14892095501e-14	1.15200638694e-09	2.68463851539e-14	2.66120334977e-13	2.743078268e-18	2.0182984824e-08
0.0516	2.1741010942e-14	1.16550362264e-09	2.70557115823e-14	2.68195314895e-13	2.76446668985e-18	2.03402639738e-08
0.0518	2.19947715142e-14	1.17910585261e-09	2.72658509135e-14	2.70278352701e-13	2.78593817329e-18	2.04981528396e-08
0.052	2.22504988562e-14	1.19281348331e-09	2.74768031473e-14	2.72369448393e-13	2.8074927183e-18	2.06566514132e-08
0.0522	2.25082005576e-14	1.20662692121e-09	2.76885682838e-14	2.74468601969e-13	2.82913032489e-18	2.08157596862e-08
0.0524	2.27678842079e-14	1.22054657276e-09	2.79011463227e-14	2.76575813426e-13	2.85085099305e-18	2.09754776503e-08
0.0526	2.30295573967e-14	1.23457284442e-09	2.81145372639e-14	2.78691082762e-13	2.87265472278e-18	2.11358052973e-08
0.0528	2.32932277135e-14	1.24870614263e-09	2.83287411074e-14	2.80814409975e-13	2.89454151409e-18	2.12967426187e-08
0.053	2.35589027476e-14	1.26294687386e-09	2.85437578529e-14	2.82945795062e-13	2.91651136696e-18	2.14582896062e-08
0.0532	2.38265900886e-14	1.27729544453e-09	2.87595875004e-14	2.85085238022e-13	2.9385642814e-18	2.16204462516e-08
0.0534	2.40962973257e-14	1.29175226109e-09	2.89762300498e-14	2.87232738853e-13	2.9607002574e-18	2.17832125464e-08
0.0536	2.43680320484e-14	1.30631772997e-09	2.91936855009e-14	2.89388297551e-13	2.98291929496e-18	2.19465884824e-08
0.0538	2.4641801846e-14	1.32099225761e-09	2.94119538536e-14	2.91551914116e-13	3.00522139409e-18	2.21105740513e-08
0.054	2.49176143077e-14	1.33577625043e-09	2.96310351079e-14	2.93723588543e-13	3.02760655477e-18	2.22751692447e-08
0.0542	2.51954770228e-14	1.35067011485e-09	2.98509292635e-14	2.95903320833e-13	3.05007477701e-18	2.24403740543e-08
0.0544	2.54753975806e-14	1.36567425731e-09	3.00716363203e-14	2.98091110981e-13	3.0726260608e-18	2.26061884718e-08
0.0546	2.57573835703e-14	1.3807890842e-09	3.02931562784e-14	3.00286958987e-13	3.09526040615e-18	2.27726124889e-08
0.0548	2.60414425809e-14	1.39601500196e-09	3.05154891374e-14	3.02490864847e-13	3.11797781304e-18	2.29396460972e-08
0.055	2.63275822017e-14	1.41135241697e-09	3.07386348973e-14	3.0470282856e-13	3.14077828149e-18	2.31072892884e-08
0.0552	2.66158100217e-14	1.42680173566e-09	3.09625935581e-14	3.06922850123e-13	3.16366181148e-18	2.32755420541e-08
0.0554	2.690613363e-14	1.44236336443e-09	3.11873651195e-14	3.09150929534e-13	3.18662840301e-18	2.34444043862e-08
0.0556	2.71985606156e-14	1.45803770966e-09	3.14129495814e-14	3.11387066791e-13	3.20967805609e-18	2.36138762762e-08
0.0558	2.74930985676e-14	1.47382517775e-09	3.16393469438e-14	3.13631261892e-13	3.23281077071e-18	2.37839577158e-08
0.056	2.77897550749e-14	1.4897261751e-09	3.18665572065e-14	3.15883514834e-13	3.25602654687e-18	2.39546486967e-08
0.0562	2.80885377265e-14	1.50574110809e-09	3.20945803694e-14	3.18143825616e-13	3.27932538456e-18	2.41259492106e-08
0.0564	2.83894541113e-14	1.5218703831e-09	3.23234164324e-14	3.20412194234e-13	3.30270728379e-18	2.42978592491e-08
0.0566	2.8692511818e-14	1.53811440652e-09	3.25530653953e-14	3.22688620688e-13	3.32617224455e-18	2.4470378804e-08
0.0568	2.89977184357e-14	1.55447358471e-09	3.2783527258e-14	3.24973104973e-13	3.34972026684e-18	2.46435078668e-08
0.057	2.93050815531e-14	1.57094832405e-09	3.30148020205e-14	3.2726564709e-13	3.37335135066e-18	2.48172464294e-08
0.0572	2.9614608759e-14	1.5875390309e-09	3.32468896826e-14	3.29566247034e-13	3.39706549601e-18	2.49915944833e-08
0.0574	2.99263076421e-14	1.60424611164e-09	3.34797902441e-14	3.31874904805e-13	3.42086270288e-18	2.51665520203e-08
0.0576	3.02401857911e-14	1.62106997261e-09	3.3713503705e-14	3.34191620399e-13	3.44474297128e-18	2.5342119032e-08
0.0578	3.05562507948e-14	1.63801102018e-09	3.39480300652e-14	3.36516393815e-13	3.46870630119e-18	2.55182955101e-08
0.058	3.08745102418e-14	1.65506966069e-09	3.41833693244e-14	3.3884922505e-13	3.49275269263e-18	2.56950814462e-08
0.0582	3.11949717207e-14	1.67224630051e-09	3.44195214827e-14	3.41190114102e-13	3.51688214558e-18	2.58724768321e-08
0.0584	3.15176428202e-14	1.68954134596e-09	3.46564865399e-14	3.43539060969e-13	3.54109466005e-18	2.60504816595e-08
0.0586	3.18425311287e-14	1.7069552034e-09	3.48942644958e-14	3.45896065648e-13	3.56539023603e-18	2.62290959199e-08
0.0588	3.21696442348e-14	1.72448827916e-09	3.51328553504e-14	3.48261128138e-13	3.58976887352e-18	2.64083196052e-08
0.059	3.2498989727e-14	1.74214097957e-09	3.53722591035e-14	3.50634248437e-13	3.61423057252e-18	2.65881527069e-08
0.0592	3.28305751937e-14	1.75991371096e-09	3.5612475755e-14	3.53015426541e-13	3.63877533303e-18	2.67685952168e-08
0.0594	3.31644082235e-14	1.77780687966e-09	3.58535053048e-14	3.55404662449e-13	3.66340315505e-18	2.69496471265e-08
0.0596	3.35004964047e-14	1.795820892e-09	3.60953477528e-14	3.57801956158e-13	3.68811403856e-18	2.71313084277e-08
0.0598	3.38388473256e-14	1.81395615428e-09	3.63380030988e-14	3.60207307667e-13	3.71290798358e-18	2.7313579112e-08
0.06	3.41794685746e-14	1.83221307283e-09	3.65814713428e-14	3.62620716974e-13	3.7377849901e-18	2.74964591713e-08
0.0602	3.452236774e-14	1.85059205395e-09	3.68257524846e-14	3.65042184075e-13	3.76274505812e-18	2.76799485971e-08
0.0604	3.48675524101e-14	1.86909350396e-09	3.70708465241e-14	3.67471708968e-13	3.78778818763e-18	2.78640473811e-08
0.0606	3.52150301732e-14	1.88771782915e-09	3.73167534611e-14	3.69909291653e-13	3.81291437864e-18	2.8048755515e-08
0.0608	3.55648086173e-14	1.90646543583e-09	3.75634732956e-14	3.72354932125e-13	3.83812363113e-18	2.82340729905e-08
0.061	3.59168953308e-14	1.92533673029e-09	3.78110060275e-14	3.74808630384e-13	3.86341594512e-18	2.84199997992e-08
0.0612	3.62712979018e-14	1.94433211883e-09	3.80593516566e-14	3.77270386426e-13	3.8887913206e-18	2.86065359329e-08
0.0614	3.66280239183e-14	1.96345200772e-09	3.83085101828e-14	3.7974020025e-13	3.91424975756e-18	2.87936813832e-08
0.0616	3.69870809685e-14	1.98269680326e-09	3.85584816059e-14	3.82218071854e-13	3.939791256e-18	2.89814361418e-08
0.0618	3.73484766404e-14	2.00206691173e-09	3.8809265926e-14	3.84704001234e-13	3.96541581593e-18	2.91698002004e-08
0.062	3.7712218522e-14	2.0215627394e-09	3.90608631427e-14	3.8719798839e-13	3.99112343733e-18	2.93587735506e-08
0.0622	3.80783142014e-14	2.04118469255e-09	3.93132732561e-14	3.89700033318e-13	4.01691412022e-18	2.95483561842e-08
0.0624	3.84467712664e-14	2.06093317745e-09	3.95664962661e-14	3.92210136017e-13	4.04278786458e-18	2.97385480928e-08
0.0626	3.8817597305e-14	2.08080860036e-09	3.98205321724e-14	3.94728296484e-13	4.06874467041e-18	2.99293492681e-08
0.0628	3.91907999051e-14	2.10081136754e-09	4.00753809749e-14	3.97254514718e-13	4.09478453772e-18	3.01207597018e-08
0.063	3.95663866546e-14	2.12094188526e-09	4.03310426737e-14	3.99788790715e-13	4.1209074665e-18	3.03127793855e-08
0.0632	3.99443651412e-14	2.14120055976e-09	4.05875172684e-14	4.02331124474e-13	4.14711345674e-18	3.05054083109e-08
0.0634	4.03247429529e-14	2.1615877973e-09	4.08448047591e-14	4.04881515993e-13	4.17340250845e-18	3.06986464698e-08
0.0636	4.07075276773e-14	2.18210400412e-09	4.11029051456e-14	4.07439965268e-13	4.19977462163e-18	3.08924938538e-08
0.0638	4.10927269022e-14	2.20274958647e-09	4.13618184277e-14	4.10006472299e-13	4.22622979627e-18	3.10869504545e-08
0.064	4.14803482152e-14	2.22352495059e-09	4.16215446054e-14	4.12581037083e-13	4.25276803237e-18	3.12820162637e-08
0.0642	4.18703992041e-14	2.24443050271e-09	4.18820836786e-14	4.15163659617e-13	4.27938932992e-18	3.14776912731e-08
0.0644	4.22628874565e-14	2.26546664906e-09	4.2143435647e-14	4.17754339899e-13	4.30609368894e-18	3.16739754743e-08
0.0646	4.265782056e-14	2.28663379587e-09	4.24056005107e-14	4.20353077928e-13	4.3328811094e-18	3.18708688589e-08
0.0648	4.30552061022e-14	2.30793234937e-09	4.26685782694e-14	4.22959873701e-13	4.35975159132e-18	3.20683714188e-08
0.065	4.34550516706e-14	2.32936271578e-09	4.29323689231e-14	4.25574727215e-13	4.3867051347e-18	3.22664831455e-08
0.0652	4.38573648528e-14	2.3509253013e-09	4.31969724717e-14	4.28197638469e-13	4.41374173952e-18	3.24652040307e-08
0.0654	4.42621532361e-14	2.37262051217e-09	4.3462388915e-14	4.3082860746e-13	4.44086140578e-18	3.26645340662e-08
0.0656	4.46694244081e-14	2.39444875457e-09	4.37286182529e-14	4.33467634186e-13	4.46806413349e-18	3.28644732436e-08
0.0658	4.50791859562e-14	2.41641043473e-09	4.39956604852e-14	4.36114718646e-13	4.49534992265e-18	3.30650215546e-08
0.066	4.54914454678e-14	2.43850595884e-09	4.4263515612e-14	4.38769860835e-13	4.52271877324e-18	3.32661789908e-08
0.0662	4.59062105302e-14	2.46073573309e-09	4.4532183633e-14	4.41433060754e-13	4.55017068528e-18	3.3467945544e-08
0.0664	4.63234887307e-14	2.48310016369e-09	4.48016645481e-14	4.44104318398e-13	4.57770565875e-18	3.36703212058e-08
0.0666	4.67432876566e-14	2.50559965683e-09	4.50719583573e-14	4.46783633767e-13	4.60532369365e-18	3.3873305968e-08
0.0668	4.71656148952e-14	2.52823461868e-09	4.53430650603e-14	4.49471006857e-13	4.63302478999e-18	3.40768998221e-08
0.067	4.75904780338e-14	2.55100545543e-09	4.56149846571e-14	4.52166437667e-13	4.66080894776e-18	3.42811027599e-08
0.0672	4.80178846594e-14	2.57391257327e-09	4.58877171476e-14	4.54869926194e-13	4.68867616696e-18	3.4485914773e-08
0.0674	4.84478423593e-14	2.59695637836e-09	4.61612625316e-14	4.57581472437e-13	4.71662644759e-18	3.46913358532e-08
0.0676	4.88803587206e-14	2.62013727688e-09	4.6435620809e-14	4.60301076392e-13	4.74465978964e-18	3.48973659922e-08
0.0678	4.93154413304e-14	2.643455675e-09	4.67107919797e-14	4.63028738058e-13	4.77277619311e-18	3.51040051815e-08
0.068	4.97530977758e-14	2.66691197887e-09	4.69867760436e-14	4.65764457432e-13	4.80097565801e-18	3.53112534129e-08
0.0682	5.01933356438e-14	2.69050659466e-09	4.72635730006e-14	4.68508234513e-13	4.82925818433e-18	3.5519110678e-08
0.0684	5.06361625213e-14	2.71423992853e-09	4.75411828505e-14	4.71260069298e-13	4.85762377206e-18	3.57275769687e-08
0.0686	5.10815859955e-14	2.73811238663e-09	4.78196055932e-14	4.74019961785e-13	4.88607242121e-18	3.59366522764e-08
0.0688	5.15296136532e-14	2.7621243751e-09	4.80988412286e-14	4.76787911971e-13	4.91460413177e-18	3.6146336593e-08
0.069	5.19802530813e-14	2.78627630009e-09	4.83788897567e-14	4.79563919855e-13	4.94321890374e-18	3.635662991e-08
0.0692	5.24335118667e-14	2.81056856775e-09	4.86597511772e-14	4.82347985434e-13	4.97191673712e-18	3.65675322193e-08
0.0694	5.28893975962e-14	2.83500158421e-09	4.894142549e-14	4.85140108706e-13	5.00069763191e-18	3.67790435124e-08
0.0696	5.33479178567e-14	2.8595757556e-09	4.92239126951e-14	4.87940289668e-13	5.02956158811e-18	3.6991163781e-08
0.0698	5.3809080235e-14	2.88429148805e-09	4.95072127923e-14	4.9074852832e-13	5.05850860571e-18	3.72038930169e-08
0.07	5.42728923177e-14	2.9091491877e-09	4.97913257814e-14	4.93564824657e-13	5.08753868471e-18	3.74172312116e-08
0.0702	5.47393616917e-14	2.93414926065e-09	5.00762516625e-14	4.96389178679e-13	5.11665182511e-18	3.7631178357e-08
0.0704	5.52084959435e-14	2.95929211304e-09	5.03619904353e-14	4.99221590383e-13	5.14584802691e-18	3.78457344447e-08
0.0706	5.56803026599e-14	2.98457815097e-09	5.06485420997e-14	5.02062059766e-13	5.17512729011e-18	3.80608994663e-08
0.0708	5.61547894275e-14	3.01000778056e-09	5.09359066557e-14	5.04910586827e-13	5.2044896147e-18	3.82766734135e-08
0.071	5.66319638329e-14	3.03558140791e-09	5.1224084103e-14	5.07767171563e-13	5.23393500068e-18	3.84930562781e-08
0.0712	5.71118334625e-14	3.06129943912e-09	5.15130744417e-14	5.10631813972e-13	5.26346344805e-18	3.87100480516e-08
0.0714	5.75944059031e-14	3.08716228031e-09	5.18028776714e-14	5.13504514052e-13	5.29307495681e-18	3.89276487259e-08
0.0716	5.80796887409e-14	3.11317033756e-09	5.20934937923e-14	5.163852718e-13	5.32276952695e-18	3.91458582925e-08
0.0718	5.85676895626e-14	3.13932401696e-09	5.2384922804e-14	5.19274087215e-13	5.35254715848e-18	3.93646767432e-08
0.072	5.90584159545e-14	3.1656237246e-09	5.26771647066e-14	5.22170960294e-13	5.38240785139e-18	3.95841040696e-08
0.0722	5.95518755031e-14	3.19206986658e-09	5.29702194998e-14	5.25075891035e-13	5.41235160568e-18	3.98041402635e-08
0.0724	6.00480757947e-14	3.21866284896e-09	5.32640871837e-14	5.27988879436e-13	5.44237842135e-18	4.00247853165e-08
0.0726	6.05470244156e-14	3.24540307782e-09	5.35587677579e-14	5.30909925494e-13	5.4724882984e-18	4.02460392202e-08
0.0728	6.10487289522e-14	3.27229095925e-09	5.38542612225e-14	5.33839029208e-13	5.50268123682e-18	4.04679019665e-08
0.073	6.15531969908e-14	3.2993268993e-09	5.41505675773e-14	5.36776190575e-13	5.53295723661e-18	4.06903735468e-08
0.0732	6.20604361175e-14	3.32651130405e-09	5.44476868222e-14	5.39721409592e-13	5.56331629778e-18	4.09134539531e-08
0.0734	6.25704539185e-14	3.35384457955e-09	5.47456189571e-14	5.42674686258e-13	5.59375842031e-18	4.11371431768e-08
0.0736	6.30832579802e-14	3.38132713187e-09	5.50443639818e-14	5.45636020571e-13	5.62428360421e-18	4.13614412098e-08
0.0738	6.35988558885e-14	3.40895936706e-09	5.53439218962e-14	5.48605412528e-13	5.65489184947e-18	4.15863480437e-08
0.074	6.41172552297e-14	3.43674169117e-09	5.56442927003e-14	5.51582862127e-13	5.6855831561e-18	4.18118636701e-08
0.0742	6.46384635897e-14	3.46467451024e-09	5.59454763938e-14	5.54568369366e-13	5.71635752408e-18	4.20379880808e-08
0.0744	6.51624885548e-14	3.49275823032e-09	5.62474729768e-14	5.57561934242e-13	5.74721495343e-18	4.22647212675e-08
0.0746	6.56893377108e-14	3.52099325745e-09	5.6550282449e-14	5.60563556754e-13	5.77815544413e-18	4.24920632218e-08
0.0748	6.62190186437e-14	3.54937999767e-09	5.68539048103e-14	5.63573236899e-13	5.80917899619e-18	4.27200139354e-08
0.075	6.67515389396e-14	3.577918857e-09	5.71583400607e-14	5.66590974674e-13	5.8402856096e-18	4.29485734e-08
0.0752	6.72869061843e-14	3.60661024148e-09	5.74635881999e-14	5.69616770079e-13	5.87147528436e-18	4.31777416073e-08
0.0754	6.78251279638e-14	3.63545455712e-09	5.7769649228e-14	5.7265062311e-13	5.90274802047e-18	4.3407518549e-08
0.0756	6.83662118639e-14	3.66445220995e-09	5.80765231447e-14	5.75692533765e-13	5.93410381792e-18	4.36379042167e-08
0.0758	6.89101654703e-14	3.69360360599e-09	5.83842099499e-14	5.78742502042e-13	5.96554267672e-18	4.38688986022e-08
0.076	6.94569963691e-14	3.72290915125e-09	5.86927096436e-14	5.81800527939e-13	5.99706459687e-18	4.41005016971e-08
0.0762	7.00067121457e-14	3.75236925173e-09	5.90020222256e-14	5.84866611454e-13	6.02866957835e-18	4.43327134931e-08
0.0764	7.05593203862e-14	3.78198431345e-09	5.93121476958e-14	5.87940752585e-13	6.06035762118e-18	4.45655339819e-08
0.0766	7.1114828676e-14	3.81175474241e-09	5.9623086054e-14	5.91022951328e-13	6.09212872534e-18	4.47989631552e-08
0.0768	7.16732446009e-14	3.84168094459e-09	5.99348373002e-14	5.94113207682e-13	6.12398289084e-18	4.50330010047e-08
0.077	7.22345757466e-14	3.871763326e-09	6.02474014343e-14	5.97211521646e-13	6.15592011767e-18	4.5267647522e-08
0.0772	7.27988296986e-14	3.90200229263e-09	6.0560778456e-14	6.00317893215e-13	6.18794040583e-18	4.55029026989e-08
0.0774	7.33660140425e-14	3.93239825047e-09	6.08749683654e-14	6.03432322389e-13	6.22004375532e-18	4.57387665269e-08
0.0776	7.39361363639e-14	3.96295160549e-09	6.11899711622e-14	6.06554809166e-13	6.25223016614e-18	4.59752389979e-08
0.0778	7.45092042483e-14	3.99366276367e-09	6.15057868464e-14	6.09685353542e-13	6.28449963828e-18	4.62123201035e-08
0.078	7.50852252811e-14	4.024532131e-09	6.18224154178e-14	6.12823955516e-13	6.31685217175e-18	4.64500098354e-08
0.0782	7.56642070478e-14	4.05556011344e-09	6.21398568763e-14	6.15970615085e-13	6.34928776654e-18	4.66883081852e-08
0.0784	7.62461571338e-14	4.08674711696e-09	6.24581112218e-14	6.19125332248e-13	6.38180642265e-18	4.69272151447e-08
0.0786	7.68310831245e-14	4.11809354752e-09	6.27771784543e-14	6.22288107001e-13	6.41440814008e-18	4.71667307055e-08
0.0788	7.74189926053e-14	4.14959981108e-09	6.30970585734e-14	6.25458939344e-13	6.44709291882e-18	4.74068548594e-08
0.079	7.80098931614e-14	4.18126631361e-09	6.34177515793e-14	6.28637829273e-13	6.47986075887e-18	4.76475875979e-08
0.0792	7.86037923782e-14	4.21309346105e-09	6.37392574716e-14	6.31824776786e-13	6.51271166024e-18	4.78889289129e-08
0.0794	7.92006978409e-14	4.24508165935e-09	6.40615762504e-14	6.35019781882e-13	6.54564562292e-18	4.81308787959e-08
0.0796	7.98006171348e-14	4.27723131446e-09	6.43847079154e-14	6.38222844557e-13	6.57866264691e-18	4.83734372388e-08
0.0798	8.0403557845e-14	4.30954283232e-09	6.47086524666e-14	6.41433964811e-13	6.6117627322e-18	4.8616604233e-08
0.08	8.10095275567e-14	4.34201661886e-09	6.50334099039e-14	6.44653142639e-13	6.64494587879e-18	4.88603797704e-08
0.0802	8.1618533855e-14	4.37465308002e-09	6.53589802271e-14	6.47880378042e-13	6.67821208669e-18	4.91047638427e-08
0.0804	8.22305843251e-14	4.40745262173e-09	6.56853634361e-14	6.51115671015e-13	6.71156135589e-18	4.93497564415e-08
0.0806	8.28456865519e-14	4.44041564992e-09	6.60125595308e-14	6.54359021557e-13	6.74499368638e-18	4.95953575584e-08
0.0808	8.34638481206e-14	4.47354257051e-09	6.63405685111e-14	6.57610429666e-13	6.77850907817e-18	4.98415671853e-08
0.081	8.40850766161e-14	4.50683378941e-09	6.66693903768e-14	6.60869895339e-13	6.81210753126e-18	5.00883853137e-08
0.0812	8.47093796235e-14	4.54028971255e-09	6.69990251279e-14	6.64137418575e-13	6.84578904564e-18	5.03358119354e-08
0.0814	8.53367647276e-14	4.57391074582e-09	6.73294727642e-14	6.6741299937e-13	6.87955362131e-18	5.05838470421e-08
0.0816	8.59672395133e-14	4.60769729515e-09	6.76607332856e-14	6.70696637724e-13	6.91340125826e-18	5.08324906254e-08
0.0818	8.66008115656e-14	4.64164976643e-09	6.79928066919e-14	6.73988333632e-13	6.94733195651e-18	5.1081742677e-08
0.082	8.72374884692e-14	4.67576856557e-09	6.83256929832e-14	6.77288087095e-13	6.98134571603e-18	5.13316031886e-08
0.0822	8.78772778091e-14	4.71005409846e-09	6.86593921591e-14	6.80595898108e-13	7.01544253684e-18	5.15820721519e-08
0.0824	8.85201871699e-14	4.74450677098e-09	6.89939042197e-14	6.83911766671e-13	7.04962241893e-18	5.18331495587e-08
0.0826	8.91662241364e-14	4.77912698904e-09	6.93292291648e-14	6.8723569278e-13	7.0838853623e-18	5.20848354004e-08
0.0828	8.98153962934e-14	4.81391515852e-09	6.96653669943e-14	6.90567676433e-13	7.11823136695e-18	5.2337129669e-08
0.083	9.04677112255e-14	4.84887168529e-09	7.00023177081e-14	6.93907717629e-13	7.15266043287e-18	5.2590032356e-08
0.0832	9.11231765174e-14	4.88399697523e-09	7.0340081306e-14	6.97255816365e-13	7.18717256006e-18	5.28435434532e-08
0.0834	9.17817997537e-14	4.91929143422e-09	7.06786577879e-14	7.00611972639e-13	7.22176774853e-18	5.30976629521e-08
0.0836	9.24435885189e-14	4.95475546813e-09	7.10180471538e-14	7.03976186449e-13	7.25644599826e-18	5.33523908446e-08
0.0838	9.31085503978e-14	4.99038948282e-09	7.13582494034e-14	7.07348457791e-13	7.29120730926e-18	5.36077271223e-08
0.084	9.37766929747e-14	5.02619388416e-09	7.16992645367e-14	7.10728786666e-13	7.32605168152e-18	5.38636717769e-08
0.0842	9.44480238342e-14	5.062169078e-09	7.20410925536e-14	7.14117173069e-13	7.36097911505e-18	5.41202248001e-08
0.0844	9.51225505607e-14	5.09831547019e-09	7.23837334539e-14	7.17513616999e-13	7.39598960984e-18	5.43773861835e-08
0.0846	9.58002807387e-14	5.1346334666e-09	7.27271872375e-14	7.20918118453e-13	7.43108316588e-18	5.46351559189e-08
0.0848	9.64812219525e-14	5.17112347306e-09	7.30714539043e-14	7.2433067743e-13	7.46625978319e-18	5.48935339979e-08
0.085	9.71653817867e-14	5.20778589542e-09	7.34165334542e-14	7.27751293927e-13	7.50151946175e-18	5.51525204122e-08
0.0852	9.78527678253e-14	5.24462113952e-09	7.3762425887e-14	7.31179967942e-13	7.53686220156e-18	5.54121151536e-08
0.0854	9.85433876529e-14	5.28162961119e-09	7.41091312027e-14	7.34616699472e-13	7.57228800262e-18	5.56723182137e-08
0.0856	9.92372488536e-14	5.31881171627e-09	7.44566494011e-14	7.38061488516e-13	7.60779686494e-18	5.59331295842e-08
0.0858	9.99343590118e-14	5.35616786058e-09	7.48049804822e-14	7.41514335071e-13	7.6433887885e-18	5.61945492568e-08
0.086	1.00634725711e-13	5.39369844995e-09	7.51541244457e-14	7.44975239136e-13	7.6790637733e-18	5.64565772231e-08
0.0862	1.01338356537e-13	5.4314038902e-09	7.55040812915e-14	7.48444200707e-13	7.71482181935e-18	5.67192134749e-08
0.0864	1.02045259072e-13	5.46928458715e-09	7.58548510197e-14	7.51921219783e-13	7.75066292664e-18	5.69824580039e-08
0.0866	1.02755440902e-13	5.50734094661e-09	7.62064336299e-14	7.55406296361e-13	7.78658709517e-18	5.72463108017e-08
0.0868	1.0346890961e-13	5.54557337439e-09	7.65588291222e-14	7.58899430439e-13	7.82259432494e-18	5.751077186e-08
0.087	1.04185672779e-13	5.58398227629e-09	7.69120374963e-14	7.62400622016e-13	7.85868461594e-18	5.77758411706e-08
0.0872	1.04905737995e-13	5.62256805811e-09	7.72660587522e-14	7.65909871088e-13	7.89485796817e-18	5.80415187251e-08
0.0874	1.05629112842e-13	5.66133112566e-09	7.76208928898e-14	7.69427177653e-13	7.93111438164e-18	5.83078045151e-08
0.0876	1.06355804902e-13	5.70027188473e-09	7.79765399089e-14	7.7295254171e-13	7.96745385634e-18	5.85746985325e-08
0.0878	1.0708582176e-13	5.73939074111e-09	7.83329998094e-14	7.76485963256e-13	8.00387639226e-18	5.88422007688e-08
0.088	1.07819171001e-13	5.77868810059e-09	7.86902725912e-14	7.80027442289e-13	8.04038198941e-18	5.91103112158e-08
0.0882	1.08555860207e-13	5.81816436894e-09	7.90483582542e-14	7.83576978807e-13	8.07697064779e-18	5.93790298652e-08
0.0884	1.09295896963e-13	5.85781995195e-09	7.94072567983e-14	7.87134572807e-13	8.11364236738e-18	5.96483567086e-08
0.0886	1.10039288852e-13	5.8976552554e-09	7.97669682233e-14	7.90700224287e-13	8.1503971482e-18	5.99182917377e-08
0.0888	1.10786043458e-13	5.93767068505e-09	8.01274925291e-14	7.94273933246e-13	8.18723499023e-18	6.01888349443e-08
0.089	1.11536168366e-13	5.97786664667e-09	8.04888297156e-14	7.9785569968e-13	8.22415589348e-18	6.045998632e-08
0.0892	1.12289671158e-13	6.01824354603e-09	8.08509797827e-14	8.01445523587e-13	8.26115985795e-18	6.07317458565e-08
0.0894	1.13046559418e-13	6.05880178889e-09	8.12139427303e-14	8.05043404967e-13	8.29824688363e-18	6.10041135455e-08
0.0896	1.13806840731e-13	6.099541781e-09	8.15777185582e-14	8.08649343815e-13	8.33541697051e-18	6.12770893787e-08
0.0898	1.14570522679e-13	6.14046392812e-09	8.19423072663e-14	8.1226334013e-13	8.37267011861e-18	6.15506733477e-08
0.09	1.15337612846e-13	6.18156863599e-09	8.23077088545e-14	8.1588539391e-13	8.41000632791e-18	6.18248654443e-08
0.0902	1.16108118815e-13	6.22285631037e-09	8.26739233228e-14	8.19515505153e-13	8.44742559841e-18	6.20996656602e-08
0.0904	1.16882048171e-13	6.26432735699e-09	8.30409506709e-14	8.23153673855e-13	8.48492793012e-18	6.23750739871e-08
0.0906	1.17659408497e-13	6.30598218158e-09	8.34087908987e-14	8.26799900016e-13	8.52251332303e-18	6.26510904165e-08
0.0908	1.18440207376e-13	6.3478211899e-09	8.37774440062e-14	8.30454183633e-13	8.56018177713e-18	6.29277149403e-08
0.091	1.19224452391e-13	6.38984478766e-09	8.41469099932e-14	8.34116524703e-13	8.59793329243e-18	6.32049475501e-08
0.0912	1.20012151126e-13	6.43205338058e-09	8.45171888596e-14	8.37786923225e-13	8.63576786893e-18	6.34827882377e-08
0.0914	1.20803311164e-13	6.47444737441e-09	8.48882806053e-14	8.41465379196e-13	8.67368550662e-18	6.37612369946e-08
0.0916	1.2159794009e-13	6.51702717484e-09	8.52601852301e-14	8.45151892614e-13	8.7116862055e-18	6.40402938126e-08
0.0918	1.22396045484e-13	6.5597931876e-09	8.5632902734e-14	8.48846463477e-13	8.74976996557e-18	6.43199586834e-08
0.092	1.23197634933e-13	6.60274581841e-09	8.60064331168e-14	8.52549091782e-13	8.78793678682e-18	6.46002315987e-08
0.0922	1.24002716017e-13	6.64588547295e-09	8.63807763783e-14	8.56259777528e-13	8.82618666926e-18	6.48811125502e-08
0.0924	1.24811296321e-13	6.68921255695e-09	8.67559325186e-14	8.59978520712e-13	8.86451961288e-18	6.51626015295e-08
0.0926	1.25623383428e-13	6.7327274761e-09	8.71319015374e-14	8.63705321331e-13	8.90293561769e-18	6.54446985283e-08
0.0928	1.2643898492e-13	6.7764306361e-09	8.75086834347e-14	8.67440179385e-13	8.94143468367e-18	6.57274035384e-08
0.093	1.27258108382e-13	6.82032244263e-09	8.78862782103e-14	8.7118309487e-13	8.98001681083e-18	6.60107165515e-08
0.0932	1.28080761395e-13	6.86440330139e-09	8.82646858641e-14	8.74934067784e-13	9.01868199916e-18	6.62946375591e-08
0.0934	1.28906951544e-13	6.90867361807e-09	8.8643906396e-14	8.78693098125e-13	9.05743024867e-18	6.65791665531e-08
0.0936	1.29736686411e-13	6.95313379834e-09	8.90239398059e-14	8.82460185891e-13	9.09626155935e-18	6.68643035251e-08
0.0938	1.30569973578e-13	6.99778424788e-09	8.94047860936e-14	8.8623533108e-13	9.13517593119e-18	6.71500484667e-08
0.094	1.3140682063e-13	7.04262537237e-09	8.9786445259e-14	8.90018533689e-13	9.17417336421e-18	6.74364013698e-08
0.0942	1.32247235149e-13	7.08765757747e-09	9.01689173021e-14	8.93809793717e-13	9.21325385839e-18	6.77233622259e-08
0.0944	1.33091224717e-13	7.13288126886e-09	9.05522022226e-14	8.9760911116e-13	9.25241741373e-18	6.80109310268e-08
0.0946	1.33938796918e-13	7.17829685218e-09	9.09363000205e-14	9.01416486017e-13	9.29166403023e-18	6.82991077642e-08
0.0948	1.34789959334e-13	7.22390473311e-09	9.13212106957e-14	9.05231918286e-13	9.33099370789e-18	6.85878924298e-08
0.095	1.35644719549e-13	7.2697053173e-09	9.1706934248e-14	9.09055407964e-13	9.37040644671e-18	6.88772850152e-08
0.0952	1.36503085144e-13	7.31569901039e-09	9.20934706774e-14	9.12886955049e-13	9.40990224669e-18	6.91672855121e-08
0.0954	1.37365063703e-13	7.36188621804e-09	9.24808199836e-14	9.16726559539e-13	9.44948110782e-18	6.94578939123e-08
0.0956	1.38230662809e-13	7.40826734589e-09	9.28689821666e-14	9.20574221431e-13	9.4891430301e-18	6.97491102074e-08
0.0958	1.39099890043e-13	7.45484279958e-09	9.32579572263e-14	9.24429940724e-13	9.52888801353e-18	7.00409343891e-08
0.096	1.39972752989e-13	7.50161298474e-09	9.36477451625e-14	9.28293717416e-13	9.5687160581e-18	7.03333664491e-08
0.0962	1.4084925923e-13	7.54857830701e-09	9.40383459751e-14	9.32165551503e-13	9.60862716383e-18	7.06264063792e-08
0.0964	1.41729416347e-13	7.59573917201e-09	9.44297596641e-14	9.36045442984e-13	9.64862133069e-18	7.09200541709e-08
0.0966	1.42613231923e-13	7.64309598537e-09	9.48219862292e-14	9.39933391857e-13	9.6886985587e-18	7.1214309816e-08
0.0968	1.43500713541e-13	7.69064915272e-09	9.52150256704e-14	9.43829398119e-13	9.72885884785e-18	7.15091733062e-08
0.097	1.44391868784e-13	7.73839907966e-09	9.56088779875e-14	9.47733461769e-13	9.76910219813e-18	7.18046446332e-08
0.0972	1.45286705233e-13	7.78634617182e-09	9.60035431805e-14	9.51645582803e-13	9.80942860955e-18	7.21007237887e-08
0.0974	1.46185230471e-13	7.83449083479e-09	9.63990212492e-14	9.5556576122e-13	9.84983808211e-18	7.23974107643e-08
0.0976	1.47087452081e-13	7.88283347419e-09	9.67953121935e-14	9.59493997018e-13	9.8903306158e-18	7.26947055518e-08
0.0978	1.47993377644e-13	7.93137449562e-09	9.71924160132e-14	9.63430290193e-13	9.93090621061e-18	7.29926081428e-08
0.098	1.48903014744e-13	7.98011430468e-09	9.75903327083e-14	9.67374640745e-13	9.97156486656e-18	7.3291118529e-08
0.0982	1.49816370962e-13	8.02905330696e-09	9.79890622787e-14	9.71327048671e-13	1.00123065836e-17	7.35902367022e-08
0.0984	1.50733453881e-13	8.07819190805e-09	9.83886047241e-14	9.75287513969e-13	1.00531313618e-17	7.38899626541e-08
0.0986	1.51654271082e-13	8.12753051354e-09	9.87889600446e-14	9.79256036636e-13	1.00940392011e-17	7.41902963762e-08
0.0988	1.52578830149e-13	8.17706952901e-09	9.91901282399e-14	9.8323261667e-13	1.01350301016e-17	7.44912378604e-08
0.099	1.53507138662e-13	8.22680936004e-09	9.959210931e-14	9.87217254069e-13	1.01761040631e-17	7.47927870983e-08
0.0992	1.54439204205e-13	8.27675041221e-09	9.99949032547e-14	9.91209948831e-13	1.02172610858e-17	7.50949440816e-08
0.0994	1.55375034359e-13	8.3268930911e-09	1.00398510074e-13	9.95210700953e-13	1.02585011696e-17	7.5397708802e-08
0.0996	1.56314636707e-13	8.37723780226e-09	1.00802929768e-13	9.99219510434e-13	1.02998243145e-17	7.57010812512e-08
0.0998	1.5725801883e-13	8.42778495126e-09	1.01208162336e-13	1.00323637727e-12	1.03412305205e-17	7.60050614208e-08
0.1	1.58205188311e-13	8.47853494366e-09	1.01614207778e-13	1.00726130146e-12	1.03827197876e-17	7.63096493027e-08
