0	0.0	0.0	0.0	0.0	0.0	0.0
0.0002	8.44201419084e-22	4.52712061163e-17	2.70977810228e-19	2.68615301207e-18	2.76873611898e-23	2.03954479742e-13
0.0004	6.75360429008e-21	3.62168809118e-16	1.08391118809e-18	1.07446110633e-17	1.1074944389e-22	8.15814210715e-13
0.0006	2.27933906428e-20	1.22231689641e-15	2.43880005435e-18	2.41753726762e-17	2.49186246798e-22	1.83557363057e-12
0.0008	5.40287213192e-20	2.89733703599e-15	4.33564432978e-18	4.29784363732e-17	4.42997768608e-22	3.26322717702e-12
0.001	1.05524735974e-19	5.65884827643e-15	6.77444393515e-18	6.7153800677e-17	6.92184008018e-22	5.09876928782e-12
0.0012	1.82346553074e-19	9.77846714693e-15	9.75519879121e-18	9.67014641099e-17	9.96744963724e-22	7.34219440078e-12
0.0014	2.89559269898e-19	1.55278076573e-14	1.32779088187e-17	1.31621425195e-16	1.35668063442e-21	9.99349695375e-12
0.0016	4.32227962538e-19	2.31784812981e-14	1.73425739385e-17	1.71913682454e-16	1.77199101881e-21	1.30526713846e-11
0.0018	6.15417685898e-19	3.30020970403e-14	2.19491940713e-17	2.17578234409e-16	2.24267611558e-21	1.65197121314e-11
0.002	8.44193473696e-19	4.52702613358e-14	2.70977691378e-17	2.68615079584e-16	2.76873592343e-21	2.03946136321e-11
0.0022	1.12362033846e-18	6.0254578117e-14	3.27882990589e-17	3.25024216501e-16	3.35017044106e-21	2.46773703247e-11
0.0024	1.45876327154e-18	7.82266487971e-14	3.90207837553e-17	3.86805643682e-16	3.98697966717e-21	2.93679766474e-11
0.0026	1.85468724308e-18	9.94580722701e-14	4.57952231477e-17	4.5395935965e-16	4.67916360044e-21	3.44664270383e-11
0.0028	2.31645720205e-18	1.2422044491e-13	5.3111617157e-17	5.26485362927e-16	5.42672223958e-21	3.99727159356e-11
0.003	2.84913807623e-18	1.52785360574e-13	6.09699657039e-17	6.04383652036e-16	6.22965558328e-21	4.58868377776e-11
0.0032	3.45779477222e-18	1.85424410596e-13	6.93702687091e-17	6.87654225499e-16	7.08796363024e-21	5.22087870027e-11
0.0034	4.14749217543e-18	2.22409183793e-13	7.83125260935e-17	7.76297081839e-16	8.00164637916e-21	5.89385580491e-11
0.0036	4.92329515007e-18	2.64011266465e-13	8.77967377778e-17	8.70312219579e-16	8.97070382873e-21	6.60761453553e-11
0.0038	5.79026853918e-18	3.10502242388e-13	9.78229036827e-17	9.69699637241e-16	9.99513597765e-21	7.36215433598e-11
0.004	6.7534771646e-18	3.62153692822e-13	1.08391023729e-16	1.07445933335e-15	1.10749428246e-20	8.1574746501e-11
0.0042	7.817985827e-18	4.19237196508e-13	1.19501097838e-16	1.18459130642e-15	1.22101243683e-20	8.99357492176e-11
0.0044	8.98885930584e-18	4.82024329666e-13	1.31153125929e-16	1.30009555498e-15	1.34006806074e-20	9.87045459481e-11
0.0046	1.02711623594e-17	5.50786665998e-13	1.43347107925e-16	1.42097207756e-15	1.46466115407e-20	1.07881131131e-10
0.0048	1.16699597248e-17	6.25795776687e-13	1.56083043744e-16	1.54722087267e-15	1.59479171668e-20	1.17465499206e-10
0.005	1.3190316118e-17	7.07323230396e-13	1.69360933309e-16	1.67884193883e-15	1.73045974844e-20	1.2745764461e-10
0.0052	1.48372962336e-17	7.95640593271e-13	1.83180776541e-16	1.81583527458e-15	1.87166524923e-20	1.37857561784e-10
0.0054	1.66159647452e-17	8.91019428936e-13	1.97542573358e-16	1.95820087842e-15	2.01840821891e-20	1.48665245165e-10
0.0056	1.85313863052e-17	9.93731298497e-13	2.12446323684e-16	2.1059387489e-15	2.17068865734e-20	1.59880689193e-10
0.0058	2.05886255447e-17	1.10404776054e-12	2.27892027438e-16	2.25904888452e-15	2.32850656441e-20	1.71503888307e-10
0.006	2.27927470738e-17	1.22224037114e-12	2.43879684541e-16	2.4175312838e-15	2.49186193998e-20	1.83534836945e-10
0.0062	2.51488154811e-17	1.34858068384e-12	2.60409294914e-16	2.58138594529e-15	2.66075478392e-20	1.95973529547e-10
0.0064	2.76618953344e-17	1.48334024967e-12	2.77480858477e-16	2.75061286748e-15	2.8351850961e-20	2.08819960552e-10
0.0066	3.033705118e-17	1.62679061714e-12	2.95094375152e-16	2.92521204891e-15	3.01515287639e-20	2.22074124399e-10
0.0068	3.31793475431e-17	1.77920333225e-12	3.13249844859e-16	3.10518348811e-15	3.20065812466e-20	2.35736015528e-10
0.007	3.61938489279e-17	1.94084993847e-12	3.31947267519e-16	3.29052718358e-15	3.39170084078e-20	2.49805628377e-10
0.0072	3.93856198172e-17	2.11200197675e-12	3.51186643052e-16	3.48124313386e-15	3.58828102462e-20	2.64282957386e-10
0.0074	4.27597246727e-17	2.29293098553e-12	3.70967971381e-16	3.67733133747e-15	3.79039867604e-20	2.79167996994e-10
0.0076	4.63212279348e-17	2.48390850072e-12	3.91291252424e-16	3.87879179292e-15	3.99805379493e-20	2.94460741641e-10
0.0078	5.00751940229e-17	2.68520605573e-12	4.12156486103e-16	4.08562449875e-15	4.21124638114e-20	3.10161185766e-10
0.008	5.40266873351e-17	2.89709518142e-12	4.3356367234e-16	4.29782945348e-15	4.42997643454e-20	3.26269323808e-10
0.0082	5.81807722483e-17	3.11984740617e-12	4.55512811053e-16	4.51540665562e-15	4.65424395502e-20	3.42785150208e-10
0.0084	6.25425131183e-17	3.35373425581e-12	4.78003902165e-16	4.7383561037e-15	4.88404894243e-20	3.59708659405e-10
0.0086	6.71169742796e-17	3.59902725366e-12	5.01036945596e-16	4.96667779624e-15	5.11939139664e-20	3.77039845838e-10
0.0088	7.19092200456e-17	3.85599792053e-12	5.24611941267e-16	5.20037173177e-15	5.36027131754e-20	3.94778703948e-10
0.009	7.69243147086e-17	4.1249177747e-12	5.48728889099e-16	5.43943790881e-15	5.60668870497e-20	4.12925228174e-10
0.0092	8.21673225395e-17	4.40605833194e-12	5.73387789012e-16	5.68387632587e-15	5.85864355883e-20	4.31479412956e-10
0.0094	8.76433077881e-17	4.69969110549e-12	5.98588640927e-16	5.93368698149e-15	6.11613587896e-20	4.50441252733e-10
0.0096	9.33573346831e-17	5.00608760609e-12	6.24331444765e-16	6.18886987419e-15	6.37916566525e-20	4.69810741946e-10
0.0098	9.93144674319e-17	5.32551934193e-12	6.50616200446e-16	6.44942500248e-15	6.64773291757e-20	4.89587875035e-10
0.01	1.05519770221e-16	5.65825781872e-12	6.77442907893e-16	6.71535236489e-15	6.92183763577e-20	5.0977264644e-10
0.0102	1.11978307215e-16	6.00457453962e-12	7.04811567024e-16	6.98665195994e-15	7.20147981974e-20	5.303650506e-10
0.0104	1.18695142558e-16	6.36474100529e-12	7.32722177761e-16	7.26332378616e-15	7.48665946935e-20	5.51365081957e-10
0.0106	1.25675340373e-16	6.73902871386e-12	7.61174740025e-16	7.54536784207e-15	7.77737658445e-20	5.72772734949e-10
0.0108	1.32923964761e-16	7.12770916094e-12	7.90169253737e-16	7.83278412619e-15	8.07363116493e-20	5.94588004018e-10
0.011	1.40446079803e-16	7.53105383964e-12	8.19705718817e-16	8.12557263704e-15	8.37542321065e-20	6.16810883604e-10
0.0112	1.48246749558e-16	7.94933424053e-12	8.49784135186e-16	8.42373337314e-15	8.68275272148e-20	6.39441368146e-10
0.0114	1.56331038064e-16	8.38282185168e-12	8.80404502764e-16	8.72726633302e-15	8.99561969729e-20	6.62479452086e-10
0.0116	1.64704009337e-16	8.83178815862e-12	9.11566821474e-16	9.03617151521e-15	9.31402413795e-20	6.85925129864e-10
0.0118	1.73370727373e-16	9.29650464437e-12	9.43271091234e-16	9.35044891821e-15	9.63796604333e-20	7.0977839592e-10
0.012	1.82336256147e-16	9.77724278944e-12	9.75517311967e-16	9.67009854056e-15	9.9674454133e-20	7.34039244695e-10
0.0122	1.91605659612e-16	1.02742740718e-11	1.00830548359e-15	9.99512038078e-15	1.03024622477e-19	7.58707670629e-10
0.0124	2.011840017e-16	1.0787869967e-11	1.04163560603e-15	1.03255144374e-14	1.06430165465e-19	7.83783668163e-10
0.0126	2.11076346321e-16	1.13183019478e-11	1.07550767921e-15	1.06612807089e-14	1.09891083095e-19	8.09267231738e-10
0.0128	2.21287757366e-16	1.18658414849e-11	1.10992170303e-15	1.10024191939e-14	1.13407375365e-19	8.35158355795e-10
0.013	2.31823298703e-16	1.24307600459e-11	1.14487767744e-15	1.13489298908e-14	1.16979042274e-19	8.61457034774e-10
0.0132	2.42688034179e-16	1.30133290965e-11	1.18037560234e-15	1.17008127982e-14	1.20606083822e-19	8.88163263116e-10
0.0134	2.5388702762e-16	1.36138200993e-11	1.21641547766e-15	1.20580679146e-14	1.24288500007e-19	9.15277035262e-10
0.0136	2.65425342832e-16	1.42325045149e-11	1.25299730332e-15	1.24206952385e-14	1.28026290827e-19	9.42798345653e-10
0.0138	2.77308043598e-16	1.48696538009e-11	1.29012107923e-15	1.27886947685e-14	1.31819456281e-19	9.7072718873e-10
0.014	2.8954019368e-16	1.55255394128e-11	1.32778680533e-15	1.3162066503e-14	1.35667996368e-19	9.99063558934e-10
0.0142	3.0212685682e-16	1.62004328034e-11	1.36599448153e-15	1.35408104407e-14	1.39571911086e-19	1.02780745071e-09
0.0144	3.15073096739e-16	1.68946054229e-11	1.40474410774e-15	1.39249265799e-14	1.43531200435e-19	1.05695885849e-09
0.0146	3.28383977135e-16	1.7608328719e-11	1.4440356839e-15	1.43144149193e-14	1.47545864413e-19	1.08651777672e-09
0.0148	3.42064561686e-16	1.83418741371e-11	1.48386920993e-15	1.47092754574e-14	1.51615903018e-19	1.11648419984e-09
0.015	3.56119914049e-16	1.90955131198e-11	1.52424468573e-15	1.51095081926e-14	1.5574131625e-19	1.1468581223e-09
0.0152	3.70555097859e-16	1.98695171074e-11	1.56516211124e-15	1.55151131235e-14	1.59922104107e-19	1.17763953853e-09
0.0154	3.85375176731e-16	2.06641575376e-11	1.60662148638e-15	1.59260902487e-14	1.64158266587e-19	1.20882844297e-09
0.0156	4.00585214257e-16	2.14797058455e-11	1.64862281106e-15	1.63424395666e-14	1.6844980369e-19	1.24042483008e-09
0.0158	4.1619027401e-16	2.23164334637e-11	1.69116608521e-15	1.67641610758e-14	1.72796715414e-19	1.27242869428e-09
0.016	4.3219541954e-16	2.31746118225e-11	1.73425130875e-15	1.71912547748e-14	1.77199001758e-19	1.30484003002e-09
0.0162	4.48605714377e-16	2.40545123494e-11	1.77787848159e-15	1.76237206621e-14	1.8165666272e-19	1.33765883175e-09
0.0164	4.65426222029e-16	2.49564064695e-11	1.82204760367e-15	1.80615587363e-14	1.861696983e-19	1.37088509389e-09
0.0166	4.82662005983e-16	2.58805656055e-11	1.86675867489e-15	1.85047689958e-14	1.90738108495e-19	1.40451881091e-09
0.0168	5.00318129706e-16	2.68272611773e-11	1.91201169518e-15	1.89533514392e-14	1.95361893306e-19	1.43855997723e-09
0.017	5.18399656643e-16	2.77967646025e-11	1.95780666447e-15	1.9407306065e-14	2.00041052729e-19	1.47300858729e-09
0.0172	5.36911650216e-16	2.87893472962e-11	2.00414358266e-15	1.98666328717e-14	2.04775586764e-19	1.50786463555e-09
0.0174	5.55859173828e-16	2.98052806708e-11	2.05102244969e-15	2.03313318579e-14	2.09565495411e-19	1.54312811644e-09
0.0176	5.75247290861e-16	3.08448361364e-11	2.09844326548e-15	2.08014030221e-14	2.14410778666e-19	1.57879902441e-09
0.0178	5.95081064675e-16	3.19082851003e-11	2.14640602994e-15	2.12768463628e-14	2.1931143653e-19	1.61487735389e-09
0.018	6.15365558608e-16	3.29958989676e-11	2.19491074299e-15	2.17576618785e-14	2.24267469e-19	1.65136309933e-09
0.0182	6.36105835979e-16	3.41079491408e-11	2.24395740456e-15	2.22438495677e-14	2.29278876076e-19	1.68825625517e-09
0.0184	6.57306960083e-16	3.52447070196e-11	2.29354601456e-15	2.2735409429e-14	2.34345657756e-19	1.72555681586e-09
0.0186	6.78973994197e-16	3.64064440015e-11	2.34367657293e-15	2.32323414609e-14	2.39467814039e-19	1.76326477582e-09
0.0188	7.01112001574e-16	3.75934314815e-11	2.39434907957e-15	2.37346456619e-14	2.44645344924e-19	1.80138012952e-09
0.019	7.23726045447e-16	3.88059408517e-11	2.44556353441e-15	2.42423220305e-14	2.49878250408e-19	1.83990287139e-09
0.0192	7.46821189029e-16	4.00442435022e-11	2.49731993737e-15	2.47553705653e-14	2.55166530492e-19	1.87883299586e-09
0.0194	7.70402495509e-16	4.13086108202e-11	2.54961828837e-15	2.52737912648e-14	2.60510185173e-19	1.91817049739e-09
0.0196	7.94475028058e-16	4.25993141906e-11	2.60245858733e-15	2.57975841275e-14	2.65909214451e-19	1.95791537042e-09
0.0198	8.19043849823e-16	4.39166249955e-11	2.65584083417e-15	2.63267491519e-14	2.71363618324e-19	1.99806760939e-09
0.02	8.44114023932e-16	4.52608146148e-11	2.70976502882e-15	2.68612863365e-14	2.76873396791e-19	2.03862720874e-09
0.0202	8.6969061349e-16	4.66321544258e-11	2.76423117119e-15	2.74011956799e-14	2.8243854985e-19	2.07959416291e-09
0.0204	8.95778681583e-16	4.80309158032e-11	2.81923926121e-15	2.79464771806e-14	2.880590775e-19	2.12096846635e-09
0.0206	9.22383291273e-16	4.94573701192e-11	2.87478929879e-15	2.84971308371e-14	2.9373497974e-19	2.1627501135e-09
0.0208	9.49509505603e-16	5.09117887434e-11	2.93088128385e-15	2.9053156648e-14	2.99466256568e-19	2.20493909881e-09
0.021	9.77162387595e-16	5.23944430432e-11	2.98751521632e-15	2.96145546117e-14	3.05252907984e-19	2.2475354167e-09
0.0212	1.00534700025e-15	5.39056043831e-11	3.04469109612e-15	3.01813247268e-14	3.11094933986e-19	2.29053906164e-09
0.0214	1.03406840654e-15	5.54455441253e-11	3.10240892317e-15	3.07534669918e-14	3.16992334572e-19	2.33395002806e-09
0.0216	1.06333166943e-15	5.70145336294e-11	3.16066869739e-15	3.13309814052e-14	3.22945109742e-19	2.3777683104e-09
0.0218	1.09314185186e-15	5.86128442525e-11	3.21947041869e-15	3.19138679656e-14	3.28953259493e-19	2.42199390311e-09
0.022	1.12350401673e-15	6.02407473493e-11	3.27881408701e-15	3.25021266715e-14	3.35016783826e-19	2.46662680063e-09
0.0222	1.15442322695e-15	6.18985142717e-11	3.33869970226e-15	3.30957575213e-14	3.41135682737e-19	2.5116669974e-09
0.0224	1.18590454538e-15	6.35864163694e-11	3.39912726436e-15	3.36947605137e-14	3.47309956227e-19	2.55711448787e-09
0.0226	1.21795303488e-15	6.53047249894e-11	3.46009677323e-15	3.42991356471e-14	3.53539604294e-19	2.60296926647e-09
0.0228	1.25057375828e-15	6.70537114763e-11	3.5216082288e-15	3.490888292e-14	3.59824626936e-19	2.64923132766e-09
0.023	1.28377177839e-15	6.88336471719e-11	3.58366163098e-15	3.55240023311e-14	3.66165024153e-19	2.69590066588e-09
0.0232	1.317552158e-15	7.06448034158e-11	3.6462569797e-15	3.61444938787e-14	3.72560795942e-19	2.74297727557e-09
0.0234	1.35191995987e-15	7.2487451545e-11	3.70939427487e-15	3.67703575615e-14	3.79011942303e-19	2.79046115117e-09
0.0236	1.38688024674e-15	7.4361862894e-11	3.77307351642e-15	3.7401593378e-14	3.85518463234e-19	2.83835228712e-09
0.0238	1.42243808135e-15	7.62683087946e-11	3.83729470426e-15	3.80382013266e-14	3.92080358734e-19	2.88665067788e-09
0.024	1.4585985264e-15	7.82070605762e-11	3.90205783833e-15	3.86801814059e-14	3.98697628802e-19	2.93535631788e-09
0.0242	1.49536664457e-15	8.01783895659e-11	3.96736291853e-15	3.93275336144e-14	4.05370273436e-19	2.98446920157e-09
0.0244	1.53274749851e-15	8.21825670878e-11	4.03320994479e-15	3.99802579507e-14	4.12098292635e-19	3.03398932338e-09
0.0246	1.57074615088e-15	8.4219864464e-11	4.09959891703e-15	4.06383544132e-14	4.18881686398e-19	3.08391667778e-09
0.0248	1.60936766429e-15	8.62905530137e-11	4.16652983518e-15	4.13018230006e-14	4.25720454724e-19	3.13425125919e-09
0.025	1.64861710133e-15	8.83949040538e-11	4.23400269914e-15	4.19706637112e-14	4.3261459761e-19	3.18499306206e-09
0.0252	1.68849952458e-15	9.05331888986e-11	4.30201750885e-15	4.26448765437e-14	4.39564115057e-19	3.23614208084e-09
0.0254	1.72901999661e-15	9.27056788599e-11	4.37057426423e-15	4.33244614965e-14	4.46569007062e-19	3.28769830997e-09
0.0256	1.77018357993e-15	9.49126452469e-11	4.43967296518e-15	4.40094185682e-14	4.53629273624e-19	3.33966174389e-09
0.0258	1.81199533707e-15	9.71543593664e-11	4.50931361164e-15	4.46997477573e-14	4.60744914742e-19	3.39203237705e-09
0.026	1.85446033052e-15	9.94310925226e-11	4.57949620353e-15	4.53954490623e-14	4.67915930415e-19	3.44481020389e-09
0.0262	1.89758362274e-15	1.01743116017e-10	4.65022074077e-15	4.60965224818e-14	4.75142320641e-19	3.49799521886e-09
0.0264	1.94137027619e-15	1.0409070115e-10	4.72148722327e-15	4.68029680143e-14	4.82424085419e-19	3.5515874164e-09
0.0266	1.98582535329e-15	1.06474119217e-10	4.79329565096e-15	4.75147856582e-14	4.89761224748e-19	3.60558679095e-09
0.0268	2.03095391646e-15	1.08893641512e-10	4.86564602376e-15	4.82319754121e-14	4.97153738627e-19	3.65999333697e-09
0.027	2.07676102807e-15	1.11349539327e-10	4.93853834159e-15	4.89545372746e-14	5.04601627053e-19	3.71480704888e-09
0.0272	2.1232517505e-15	1.13842083952e-10	5.01197260437e-15	4.96824712442e-14	5.12104890026e-19	3.77002792115e-09
0.0274	2.17043114607e-15	1.16371546673e-10	5.08594881202e-15	5.04157773193e-14	5.19663527545e-19	3.8256559482e-09
0.0276	2.21830427713e-15	1.18938198773e-10	5.16046696446e-15	5.11544554985e-14	5.27277539608e-19	3.88169112449e-09
0.0278	2.26687620596e-15	1.21542311536e-10	5.23552706161e-15	5.18985057804e-14	5.34946926214e-19	3.93813344447e-09
0.028	2.31615199485e-15	1.24184156238e-10	5.3111291034e-15	5.26479281634e-14	5.42671687362e-19	3.99498290256e-09
0.0282	2.36613670606e-15	1.26864004159e-10	5.38727308974e-15	5.3402722646e-14	5.5045182305e-19	4.05223949323e-09
0.0284	2.41683540182e-15	1.2958212657e-10	5.46395902056e-15	5.41628892269e-14	5.58287333276e-19	4.10990321092e-09
0.0286	2.46825314435e-15	1.32338794744e-10	5.54118689577e-15	5.49284279045e-14	5.66178218041e-19	4.16797405006e-09
0.0288	2.52039499585e-15	1.3513427995e-10	5.61895671531e-15	5.56993386773e-14	5.74124477342e-19	4.22645200511e-09
0.029	2.57326601849e-15	1.37968853454e-10	5.69726847907e-15	5.64756215439e-14	5.82126111178e-19	4.2853370705e-09
0.0292	2.62687127442e-15	1.4084278652e-10	5.776122187e-15	5.72572765027e-14	5.90183119548e-19	4.34462924069e-09
0.0294	2.68121582577e-15	1.4375635041e-10	5.855517839e-15	5.80443035524e-14	5.9829550245e-19	4.40432851012e-09
0.0296	2.73630473466e-15	1.46709816383e-10	5.93545543501e-15	5.88367026914e-14	6.06463259883e-19	4.46443487324e-09
0.0298	2.79214306316e-15	1.49703455694e-10	6.01593497493e-15	5.96344739183e-14	6.14686391846e-19	4.52494832448e-09
0.03	2.84873587337e-15	1.52737539598e-10	6.0969564587e-15	6.04376172315e-14	6.22964898338e-19	4.58586885829e-09
0.0302	2.9060882273e-15	1.55812339347e-10	6.17851988623e-15	6.12461326296e-14	6.31298779357e-19	4.64719646913e-09
0.0304	2.96420518701e-15	1.58928126188e-10	6.26062525744e-15	6.20600201112e-14	6.39688034903e-19	4.70893115143e-09
0.0306	3.02309181448e-15	1.62085171369e-10	6.34327257225e-15	6.28792796746e-14	6.48132664972e-19	4.77107289964e-09
0.0308	3.0827531717e-15	1.65283746133e-10	6.42646183059e-15	6.37039113186e-14	6.56632669565e-19	4.83362170821e-09
0.031	3.14319432064e-15	1.68524121722e-10	6.51019303237e-15	6.45339150415e-14	6.6518804868e-19	4.89657757157e-09
0.0312	3.20442032323e-15	1.71806569374e-10	6.59446617752e-15	6.5369290842e-14	6.73798802316e-19	4.95994048418e-09
0.0314	3.26643624139e-15	1.75131360325e-10	6.67928126596e-15	6.62100387184e-14	6.82464930472e-19	5.02371044048e-09
0.0316	3.32924713703e-15	1.7849876581e-10	6.7646382976e-15	6.70561586695e-14	6.91186433145e-19	5.08788743492e-09
0.0318	3.39285807202e-15	1.8190905706e-10	6.85053727237e-15	6.79076506936e-14	6.99963310335e-19	5.15247146194e-09
0.032	3.45727410822e-15	1.85362505302e-10	6.93697819019e-15	6.87645147893e-14	7.08795562041e-19	5.21746251599e-09
0.0322	3.52250030745e-15	1.88859381765e-10	7.02396105098e-15	6.96267509551e-14	7.17683188261e-19	5.28286059152e-09
0.0324	3.58854173155e-15	1.9239995767e-10	7.11148585466e-15	7.04943591896e-14	7.26626188994e-19	5.34866568296e-09
0.0326	3.65540344229e-15	1.9598450424e-10	7.19955260115e-15	7.13673394912e-14	7.35624564239e-19	5.41487778476e-09
0.0328	3.72309050145e-15	1.99613292692e-10	7.28816129037e-15	7.22456918586e-14	7.44678313994e-19	5.48149689138e-09
0.033	3.79160797078e-15	2.03286594244e-10	7.37731192225e-15	7.31294162901e-14	7.53787438257e-19	5.54852299725e-09
0.0332	3.86096091201e-15	2.07004680109e-10	7.4670044967e-15	7.40185127844e-14	7.62951937029e-19	5.61595609683e-09
0.0334	3.93115438685e-15	2.10767821497e-10	7.55723901364e-15	7.49129813399e-14	7.72171810307e-19	5.68379618455e-09
0.0336	4.00219345698e-15	2.14576289618e-10	7.648015473e-15	7.58128219552e-14	7.8144705809e-19	5.75204325487e-09
0.0338	4.07408318407e-15	2.18430355677e-10	7.7393338747e-15	7.67180346289e-14	7.90777680377e-19	5.82069730223e-09
0.034	4.14682862977e-15	2.22330290879e-10	7.83119421865e-15	7.76286193593e-14	8.00163677166e-19	5.88975832107e-09
0.0342	4.22043485569e-15	2.26276366423e-10	7.92359650478e-15	7.85445761451e-14	8.09605048457e-19	5.95922630585e-09
0.0344	4.29490692345e-15	2.30268853509e-10	8.016540733e-15	7.94659049848e-14	8.19101794247e-19	6.02910125101e-09
0.0346	4.37024989461e-15	2.34308023332e-10	8.11002690325e-15	8.03926058768e-14	8.28653914537e-19	6.09938315099e-09
0.0348	4.44646883074e-15	2.38394147087e-10	8.20405501543e-15	8.13246788198e-14	8.38261409323e-19	6.17007200024e-09
0.035	4.52356879339e-15	2.42527495964e-10	8.29862506948e-15	8.22621238122e-14	8.47924278605e-19	6.24116779321e-09
0.0352	4.60155484406e-15	2.46708341151e-10	8.3937370653e-15	8.32049408526e-14	8.57642522382e-19	6.31267052435e-09
0.0354	4.68043204425e-15	2.50936953834e-10	8.48939100283e-15	8.41531299394e-14	8.67416140652e-19	6.38458018809e-09
0.0356	4.76020545544e-15	2.55213605197e-10	8.58558688198e-15	8.51066910713e-14	8.77245133415e-19	6.45689677889e-09
0.0358	4.84088013908e-15	2.59538566421e-10	8.68232470268e-15	8.60656242467e-14	8.87129500668e-19	6.5296202912e-09
0.036	4.9224611566e-15	2.63912108684e-10	8.77960446484e-15	8.70299294641e-14	8.97069242411e-19	6.60275071945e-09
0.0362	5.00495356942e-15	2.68334503162e-10	8.87742616838e-15	8.79996067221e-14	9.07064358641e-19	6.67628805811e-09
0.0364	5.08836243892e-15	2.72806021028e-10	8.97578981323e-15	8.89746560192e-14	9.17114849359e-19	6.7502323016e-09
0.0366	5.17269282648e-15	2.77326933453e-10	9.07469539931e-15	8.99550773539e-14	9.27220714562e-19	6.82458344439e-09
0.0368	5.25794979345e-15	2.81897511606e-10	9.17414292653e-15	9.09408707248e-14	9.37381954249e-19	6.89934148091e-09
0.037	5.34413840114e-15	2.86518026652e-10	9.27413239482e-15	9.19320361303e-14	9.4759856842e-19	6.97450640562e-09
0.0372	5.43126371087e-15	2.91188749754e-10	9.3746638041e-15	9.2928573569e-14	9.57870557072e-19	7.05007821296e-09
0.0374	5.51933078391e-15	2.95909952073e-10	9.47573715429e-15	9.39304830395e-14	9.68197920204e-19	7.12605689737e-09
0.0376	5.60834468154e-15	3.00681904768e-10	9.57735244531e-15	9.49377645401e-14	9.78580657815e-19	7.20244245331e-09
0.0378	5.698310465e-15	3.05504878995e-10	9.67950967708e-15	9.59504180695e-14	9.89018769904e-19	7.27923487523e-09
0.038	5.7892331955e-15	3.10379145905e-10	9.78220884952e-15	9.69684436262e-14	9.9951225647e-19	7.35643415756e-09
0.0382	5.88111793425e-15	3.15304976651e-10	9.88544996256e-15	9.79918412087e-14	1.01006111751e-18	7.43404029475e-09
0.0384	5.97396974242e-15	3.2028264238e-10	9.98923301611e-15	9.90206108155e-14	1.02066535302e-18	7.51205328126e-09
0.0386	6.06779368117e-15	3.25312414238e-10	1.00935580101e-14	1.00054752445e-13	1.03132496301e-18	7.59047311154e-09
0.0388	6.16259481164e-15	3.30394563368e-10	1.01984249444e-14	1.01094266096e-13	1.04203994747e-18	7.66929978002e-09
0.039	6.25837819494e-15	3.35529360911e-10	1.0303833819e-14	1.02139151767e-13	1.0528103064e-18	7.74853328115e-09
0.0392	6.35514889217e-15	3.40717078005e-10	1.04097846339e-14	1.03189409456e-13	1.06363603979e-18	7.82817360939e-09
0.0394	6.4529119644e-15	3.45957985785e-10	1.05162773888e-14	1.04245039163e-13	1.07451714766e-18	7.90822075917e-09
0.0396	6.55167247267e-15	3.51252355384e-10	1.06233120838e-14	1.05306040884e-13	1.08545362999e-18	7.98867472496e-09
0.0398	6.65143547803e-15	3.56600457934e-10	1.07308887187e-14	1.0637241462e-13	1.09644548678e-18	8.06953550119e-09
0.04	6.75220604148e-15	3.62002564562e-10	1.08390072935e-14	1.07444160368e-13	1.10749271804e-18	8.15080308231e-09
0.0402	6.85398922401e-15	3.67458946393e-10	1.09476678081e-14	1.08521278127e-13	1.11859532376e-18	8.23247746277e-09
0.0404	6.95679008658e-15	3.72969874551e-10	1.10568702624e-14	1.09603767896e-13	1.12975330394e-18	8.31455863703e-09
0.0406	7.06061369014e-15	3.78535620156e-10	1.11666146564e-14	1.10691629673e-13	1.14096665858e-18	8.39704659951e-09
0.0408	7.16546509562e-15	3.84156454327e-10	1.12769009899e-14	1.11784863456e-13	1.15223538768e-18	8.47994134468e-09
0.041	7.27134936391e-15	3.89832648178e-10	1.13877292629e-14	1.12883469245e-13	1.16355949124e-18	8.56324286699e-09
0.0412	7.37827155591e-15	3.95564472822e-10	1.14990994753e-14	1.13987447037e-13	1.17493896925e-18	8.64695116087e-09
0.0414	7.48623673246e-15	4.0135219937e-10	1.16110116271e-14	1.15096796832e-13	1.18637382171e-18	8.73106622078e-09
0.0416	7.59524995442e-15	4.07196098931e-10	1.17234657181e-14	1.16211518627e-13	1.19786404863e-18	8.81558804116e-09
0.0418	7.70531628259e-15	4.13096442608e-10	1.18364617482e-14	1.17331612421e-13	1.20940965e-18	8.90051661647e-09
0.042	7.81644077779e-15	4.19053501506e-10	1.19499997175e-14	1.18457078213e-13	1.22101062582e-18	8.98585194115e-09
0.0422	7.92862850077e-15	4.25067546724e-10	1.20640796257e-14	1.19587916001e-13	1.23266697609e-18	9.07159400965e-09
0.0424	8.0418845123e-15	4.3113884936e-10	1.21787014729e-14	1.20724125784e-13	1.24437870081e-18	9.15774281642e-09
0.0426	8.15621387312e-15	4.3726768051e-10	1.22938652589e-14	1.2186570756e-13	1.25614579997e-18	9.2442983559e-09
0.0428	8.27162164392e-15	4.43454311267e-10	1.24095709837e-14	1.23012661328e-13	1.26796827358e-18	9.33126062255e-09
0.043	8.38811288542e-15	4.4969901272e-10	1.25258186472e-14	1.24164987087e-13	1.27984612163e-18	9.41862961081e-09
0.0432	8.50569265826e-15	4.56002055958e-10	1.26426082493e-14	1.25322684834e-13	1.29177934412e-18	9.50640531513e-09
0.0434	8.62436602312e-15	4.62363712066e-10	1.275993979e-14	1.26485754569e-13	1.30376794106e-18	9.59458772997e-09
0.0436	8.74413804061e-15	4.68784252127e-10	1.28778132691e-14	1.27654196289e-13	1.31581191244e-18	9.68317684976e-09
0.0438	8.86501377133e-15	4.7526394722e-10	1.29962286865e-14	1.28828009994e-13	1.32791125825e-18	9.77217266896e-09
0.044	8.98699827588e-15	4.81803068424e-10	1.31151860423e-14	1.30007195682e-13	1.3400659785e-18	9.86157518201e-09
0.0442	9.11009661483e-15	4.88401886813e-10	1.32346853362e-14	1.31191753352e-13	1.35227607319e-18	9.95138438337e-09
0.0444	9.2343138487e-15	4.95060673461e-10	1.33547265684e-14	1.32381683001e-13	1.36454154231e-18	1.00416002675e-08
0.0446	9.35965503803e-15	5.01779699437e-10	1.34753097385e-14	1.33576984629e-13	1.37686238587e-18	1.01322228288e-08
0.0448	9.48612524332e-15	5.0855923581e-10	1.35964348467e-14	1.34777658234e-13	1.38923860386e-18	1.02232520618e-08
0.045	9.61372952504e-15	5.15399553644e-10	1.37181018927e-14	1.35983703815e-13	1.40167019627e-18	1.03146879608e-08
0.0452	9.74247294365e-15	5.22300924002e-10	1.38403108766e-14	1.37195121369e-13	1.41415716312e-18	1.04065305204e-08
0.0454	9.8723605596e-15	5.29263617944e-10	1.39630617982e-14	1.38411910897e-13	1.4266995044e-18	1.0498779735e-08
0.0456	1.00033974333e-14	5.36287906528e-10	1.40863546574e-14	1.39634072395e-13	1.4392972201e-18	1.05914355991e-08
0.0458	1.01355886251e-14	5.43374060809e-10	1.42101894543e-14	1.40861605863e-13	1.45195031023e-18	1.0684498107e-08
0.046	1.02689391955e-14	5.50522351839e-10	1.43345661886e-14	1.42094511299e-13	1.46465877478e-18	1.07779672533e-08
0.0462	1.04034542047e-14	5.57733050668e-10	1.44594848604e-14	1.43332788702e-13	1.47742261376e-18	1.08718430324e-08
0.0464	1.05391387131e-14	5.65006428344e-10	1.45849454695e-14	1.44576438071e-13	1.49024182716e-18	1.09661254388e-08
0.0466	1.06759977811e-14	5.72342755912e-10	1.47109480159e-14	1.45825459402e-13	1.50311641498e-18	1.10608144668e-08
0.0468	1.08140364688e-14	5.79742304414e-10	1.48374924995e-14	1.47079852697e-13	1.51604637721e-18	1.11559101109e-08
0.047	1.09532598366e-14	5.87205344891e-10	1.49645789202e-14	1.48339617952e-13	1.52903171387e-18	1.12514123657e-08
0.0472	1.10936729447e-14	5.94732148379e-10	1.50922072779e-14	1.49604755166e-13	1.54207242494e-18	1.13473212255e-08
0.0474	1.12352808534e-14	6.02322985915e-10	1.52203775725e-14	1.50875264338e-13	1.55516851043e-18	1.14436366848e-08
0.0476	1.13780886228e-14	6.09978128529e-10	1.5349089804e-14	1.52151145467e-13	1.56831997033e-18	1.1540358738e-08
0.0478	1.15221013131e-14	6.17697847252e-10	1.54783439723e-14	1.5343239855e-13	1.58152680464e-18	1.16374873796e-08
0.048	1.16673239845e-14	6.25482413112e-10	1.56081400774e-14	1.54719023587e-13	1.59478901336e-18	1.17350226041e-08
0.0482	1.18137616972e-14	6.33332097133e-10	1.5738478119e-14	1.56011020575e-13	1.6081065965e-18	1.18329644058e-08
0.0484	1.19614195112e-14	6.41247170338e-10	1.58693580972e-14	1.57308389515e-13	1.62147955404e-18	1.19313127793e-08
0.0486	1.21103024867e-14	6.49227903747e-10	1.60007800119e-14	1.58611130403e-13	1.63490788599e-18	1.2030067719e-08
0.0488	1.22604156836e-14	6.57274568376e-10	1.6132743863e-14	1.59919243238e-13	1.64839159235e-18	1.21292292193e-08
0.049	1.24117641622e-14	6.65387435241e-10	1.62652496503e-14	1.6123272802e-13	1.66193067311e-18	1.22287972747e-08
0.0492	1.25643529824e-14	6.73566775354e-10	1.6398297374e-14	1.62551584746e-13	1.67552512827e-18	1.23287718796e-08
0.0494	1.27181872042e-14	6.81812859725e-10	1.65318870337e-14	1.63875813415e-13	1.68917495784e-18	1.24291530285e-08
0.0496	1.28732718877e-14	6.9012595936e-10	1.66660186296e-14	1.65205414026e-13	1.70288016181e-18	1.25299407159e-08
0.0498	1.30296120927e-14	6.98506345266e-10	1.68006921614e-14	1.66540386577e-13	1.71664074017e-18	1.26311349361e-08
0.05	1.31872128793e-14	7.06954288443e-10	1.69359076292e-14	1.67880731067e-13	1.73045669294e-18	1.27327356837e-08
0.0502	1.33460793073e-14	7.15470059893e-10	1.70716650328e-14	1.69226447494e-13	1.7443280201e-18	1.2834742953e-08
0.0504	1.35062164368e-14	7.24053930611e-10	1.72079643721e-14	1.70577535856e-13	1.75825472166e-18	1.29371567387e-08
0.0506	1.36676293275e-14	7.32706171593e-10	1.73448056472e-14	1.71933996153e-13	1.77223679761e-18	1.30399770349e-08
0.0508	1.38303230393e-14	7.41427053831e-10	1.74821888578e-14	1.73295828382e-13	1.78627424795e-18	1.31432038364e-08
0.051	1.39943026322e-14	7.50216848314e-10	1.7620114004e-14	1.74663032542e-13	1.80036707269e-18	1.32468371374e-08
0.0512	1.41595731658e-14	7.59075826029e-10	1.77585810856e-14	1.76035608633e-13	1.81451527182e-18	1.33508769325e-08
0.0514	1.43261397e-14	7.68004257962e-10	1.78975901026e-14	1.77413556651e-13	1.82871884533e-18	1.3455323216e-08
0.0516	1.44940072947e-14	7.77002415095e-10	1.80371410548e-14	1.78796876597e-13	1.84297779323e-18	1.35601759825e-08
0.0518	1.46631810095e-14	7.86070568406e-10	1.81772339423e-14	1.80185568468e-13	1.85729211552e-18	1.36654352264e-08
0.052	1.48336659041e-14	7.95208988873e-10	1.83178687649e-14	1.81579632262e-13	1.8716618122e-18	1.37711009421e-08
0.0522	1.50054670384e-14	8.04417947471e-10	1.84590455225e-14	1.82979067979e-13	1.88608688326e-18	1.38771731241e-08
0.0524	1.51785894719e-14	8.13697715171e-10	1.86007642151e-14	1.84383875617e-13	1.9005673287e-18	1.39836517669e-08
0.0526	1.53530382645e-14	8.23048562944e-10	1.87430248426e-14	1.85794055175e-13	1.91510314852e-18	1.40905368648e-08
0.0528	1.55288184756e-14	8.32470761755e-10	1.88858274049e-14	1.8720960665e-13	1.92969434273e-18	1.41978284124e-08
0.053	1.57059351651e-14	8.41964582571e-10	1.90291719019e-14	1.88630530042e-13	1.94434091131e-18	1.43055264041e-08
0.0532	1.58843933924e-14	8.51530296352e-10	1.91730583336e-14	1.90056825348e-13	1.95904285427e-18	1.44136308344e-08
0.0534	1.60641982171e-14	8.61168174058e-10	1.93174866999e-14	1.91488492569e-13	1.9738001716e-18	1.45221416976e-08
0.0536	1.62453546989e-14	8.70878486646e-10	1.94624570006e-14	1.92925531701e-13	1.98861286331e-18	1.46310589883e-08
0.0538	1.64278678973e-14	8.80661505071e-10	1.96079692358e-14	1.94367942744e-13	2.00348092939e-18	1.47403827009e-08
0.054	1.66117428718e-14	8.90517500284e-10	1.97540234052e-14	1.95815725696e-13	2.01840436985e-18	1.48501128298e-08
0.0542	1.67969846819e-14	9.00446743234e-10	1.9900619509e-14	1.97268880555e-13	2.03338318467e-18	1.49602493696e-08
0.0544	1.69835983871e-14	9.1044950487e-10	2.00477575469e-14	1.98727407321e-13	2.04841737387e-18	1.50707923146e-08
0.0546	1.71715890468e-14	9.20526056135e-10	2.01954375189e-14	2.00191305991e-13	2.06350693743e-18	1.51817416593e-08
0.0548	1.73609617206e-14	9.3067666797e-10	2.03436594249e-14	2.01660576565e-13	2.07865187536e-18	1.52930973981e-08
0.055	1.75517214678e-14	9.40901611316e-10	2.04924232649e-14	2.0313521904e-13	2.09385218766e-18	1.54048595256e-08
0.0552	1.77438733478e-14	9.51201157109e-10	2.06417290387e-14	2.04615233415e-13	2.10910787432e-18	1.55170280361e-08
0.0554	1.793742242e-14	9.61575576284e-10	2.07915767463e-14	2.06100619689e-13	2.12441893534e-18	1.56296029241e-08
0.0556	1.81323737438e-14	9.72025139771e-10	2.09419663876e-14	2.07591377861e-13	2.13978537073e-18	1.57425841841e-08
0.0558	1.83287323784e-14	9.82550118501e-10	2.10928979625e-14	2.09087507928e-13	2.15520718047e-18	1.58559718105e-08
0.056	1.85265033833e-14	9.93150783401e-10	2.1244371471e-14	2.10589009889e-13	2.17068436458e-18	1.59697657978e-08
0.0562	1.87256918177e-14	1.00382740539e-09	2.13963869129e-14	2.12095883744e-13	2.18621692304e-18	1.60839661404e-08
0.0564	1.89263027408e-14	1.0145802554e-09	2.15489442882e-14	2.13608129489e-13	2.20180485586e-18	1.61985728327e-08
0.0566	1.9128341212e-14	1.02540960434e-09	2.17020435968e-14	2.15125747125e-13	2.21744816303e-18	1.63135858693e-08
0.0568	1.93318122905e-14	1.03631572314e-09	2.18556848387e-14	2.16648736649e-13	2.23314684456e-18	1.64290052446e-08
0.057	1.95367210354e-14	1.0472988827e-09	2.20098680137e-14	2.1817709806e-13	2.24890090044e-18	1.65448309529e-08
0.0572	1.9743072506e-14	1.05835935393e-09	2.21645931217e-14	2.19710831356e-13	2.26471033067e-18	1.66610629889e-08
0.0574	1.99508717614e-14	1.06949740776e-09	2.23198601627e-14	2.21249936536e-13	2.28057513525e-18	1.67777013469e-08
0.0576	2.01601238607e-14	1.08071331507e-09	2.24756691367e-14	2.22794413599e-13	2.29649531418e-18	1.68947460213e-08
0.0578	2.03708338632e-14	1.09200734678e-09	2.26320200434e-14	2.24344262543e-13	2.31247086746e-18	1.70121970067e-08
0.058	2.05830068279e-14	1.1033797738e-09	2.2788912883e-14	2.25899483366e-13	2.32850179509e-18	1.71300542975e-08
0.0582	2.07966478138e-14	1.114830867e-09	2.29463476551e-14	2.27460076068e-13	2.34458809705e-18	1.72483178881e-08
0.0584	2.10117618801e-14	1.12636089731e-09	2.31043243599e-14	2.29026040646e-13	2.36072977337e-18	1.7366987773e-08
0.0586	2.12283540858e-14	1.1379701356e-09	2.32628429972e-14	2.30597377099e-13	2.37692682402e-18	1.74860639466e-08
0.0588	2.14464294898e-14	1.14965885277e-09	2.34219035669e-14	2.32174085426e-13	2.39317924901e-18	1.76055464035e-08
0.059	2.16659931513e-14	1.16142731971e-09	2.3581506069e-14	2.33756165624e-13	2.40948704835e-18	1.77254351379e-08
0.0592	2.18870501292e-14	1.17327580731e-09	2.37416505033e-14	2.35343617694e-13	2.42585022202e-18	1.78457301445e-08
0.0594	2.21096054823e-14	1.18520458644e-09	2.39023368699e-14	2.36936441633e-13	2.44226877003e-18	1.79664314176e-08
0.0596	2.23336642698e-14	1.197213928e-09	2.40635651685e-14	2.38534637439e-13	2.45874269238e-18	1.80875389518e-08
0.0598	2.25592315504e-14	1.20930410285e-09	2.42253353992e-14	2.40138205112e-13	2.47527198906e-18	1.82090527414e-08
0.06	2.27863123831e-14	1.22147538189e-09	2.43876475619e-14	2.41747144649e-13	2.49185666007e-18	1.83309727809e-08
0.0602	2.30149118267e-14	1.23372803597e-09	2.45505016564e-14	2.4336145605e-13	2.50849670541e-18	1.84532990647e-08
0.0604	2.32450349401e-14	1.24606233597e-09	2.47138976827e-14	2.44981139312e-13	2.52519212509e-18	1.85760315874e-08
0.0606	2.34766867821e-14	1.25847855277e-09	2.48778356407e-14	2.46606194435e-13	2.54194291909e-18	1.86991703433e-08
0.0608	2.37098724116e-14	1.27097695722e-09	2.50423155304e-14	2.48236621417e-13	2.55874908742e-18	1.8822715327e-08
0.061	2.39445968872e-14	1.28355782019e-09	2.52073373517e-14	2.49872420256e-13	2.57561063008e-18	1.89466665328e-08
0.0612	2.41808652679e-14	1.29622141255e-09	2.53729011044e-14	2.51513590951e-13	2.59252754706e-18	1.90710239553e-08
0.0614	2.44186826122e-14	1.30896800515e-09	2.55390067885e-14	2.531601335e-13	2.60949983837e-18	1.91957875888e-08
0.0616	2.4658053979e-14	1.32179786884e-09	2.57056544039e-14	2.54812047902e-13	2.626527504e-18	1.93209574279e-08
0.0618	2.48989844269e-14	1.33471127449e-09	2.58728439506e-14	2.56469334156e-13	2.64361054395e-18	1.94465334669e-08
0.062	2.51414790147e-14	1.34770849294e-09	2.60405754285e-14	2.5813199226e-13	2.66074895822e-18	1.95725157004e-08
0.0622	2.53855428009e-14	1.36078979504e-09	2.62088488374e-14	2.59800022212e-13	2.67794274681e-18	1.96989041228e-08
0.0624	2.56311808443e-14	1.37395545163e-09	2.63776641774e-14	2.61473424011e-13	2.69519190972e-18	1.98256987285e-08
0.0626	2.58783982033e-14	1.38720573357e-09	2.65470214482e-14	2.63152197656e-13	2.71249644694e-18	1.99528995121e-08
0.0628	2.61271999367e-14	1.4005409117e-09	2.671692065e-14	2.64836343145e-13	2.72985635848e-18	2.00805064678e-08
0.063	2.63775911031e-14	1.41396125684e-09	2.68873617824e-14	2.66525860477e-13	2.74727164433e-18	2.02085195903e-08
0.0632	2.66295767608e-14	1.42746703984e-09	2.70583448456e-14	2.68220749649e-13	2.76474230449e-18	2.0336938874e-08
0.0634	2.68831619686e-14	1.44105853153e-09	2.72298698394e-14	2.69921010662e-13	2.78226833897e-18	2.04657643132e-08
0.0636	2.71383517849e-14	1.45473600275e-09	2.74019367637e-14	2.71626643512e-13	2.79984974775e-18	2.05949959025e-08
0.0638	2.73951512681e-14	1.46849972432e-09	2.75745456185e-14	2.73337648199e-13	2.81748653084e-18	2.07246336364e-08
0.064	2.76535654768e-14	1.48234996706e-09	2.77476964036e-14	2.75054024722e-13	2.83517868824e-18	2.08546775092e-08
0.0642	2.79135994694e-14	1.49628700181e-09	2.7921389119e-14	2.76775773078e-13	2.85292621995e-18	2.09851275154e-08
0.0644	2.81752583044e-14	1.51031109937e-09	2.80956237647e-14	2.78502893266e-13	2.87072912596e-18	2.11159836495e-08
0.0646	2.843854704e-14	1.52442253058e-09	2.82704003405e-14	2.80235385285e-13	2.88858740627e-18	2.1247245906e-08
0.0648	2.87034707348e-14	1.53862156625e-09	2.84457188463e-14	2.81973249134e-13	2.90650106088e-18	2.13789142792e-08
0.065	2.89700344471e-14	1.55290847718e-09	2.86215792821e-14	2.8371648481e-13	2.9244700898e-18	2.15109887637e-08
0.0652	2.92382432352e-14	1.5672835342e-09	2.87979816478e-14	2.85465092313e-13	2.94249449301e-18	2.16434693538e-08
0.0654	2.95081021574e-14	1.58174700811e-09	2.89749259433e-14	2.8721907164e-13	2.96057427052e-18	2.17763560442e-08
0.0656	2.97796162721e-14	1.59629916972e-09	2.91524121686e-14	2.88978422791e-13	2.97870942233e-18	2.19096488291e-08
0.0658	3.00527906375e-14	1.61094028982e-09	2.93304403235e-14	2.90743145764e-13	2.99689994843e-18	2.20433477031e-08
0.066	3.03276303119e-14	1.62567063923e-09	2.9509010408e-14	2.92513240557e-13	3.01514584883e-18	2.21774526605e-08
0.0662	3.06041403534e-14	1.64049048873e-09	2.9688122422e-14	2.94288707169e-13	3.03344712352e-18	2.2311963696e-08
0.0664	3.08823258204e-14	1.65540010913e-09	2.98677763654e-14	2.96069545599e-13	3.0518037725e-18	2.24468808039e-08
0.0666	3.11621917711e-14	1.67039977122e-09	3.00479722382e-14	2.97855755844e-13	3.07021579577e-18	2.25822039786e-08
0.0668	3.14437432635e-14	1.68548974579e-09	3.02287100402e-14	2.99647337905e-13	3.08868319333e-18	2.27179332147e-08
0.067	3.17269853558e-14	1.70067030362e-09	3.04099897714e-14	3.01444291778e-13	3.10720596517e-18	2.28540685066e-08
0.0672	3.20119231063e-14	1.71594171551e-09	3.05918114317e-14	3.03246617463e-13	3.12578411131e-18	2.29906098487e-08
0.0674	3.22985615729e-14	1.73130425224e-09	3.0774175021e-14	3.05054314958e-13	3.14441763172e-18	2.31275572355e-08
0.0676	3.25869058137e-14	1.74675818459e-09	3.09570805393e-14	3.06867384261e-13	3.16310652643e-18	2.32649106614e-08
0.0678	3.2876960887e-14	1.76230378333e-09	3.11405279865e-14	3.08685825372e-13	3.18185079541e-18	2.3402670121e-08
0.068	3.31687318505e-14	1.77794131925e-09	3.13245173624e-14	3.10509638288e-13	3.20065043867e-18	2.35408356086e-08
0.0682	3.34622237625e-14	1.79367106311e-09	3.1509048667e-14	3.12338823009e-13	3.21950545622e-18	2.36794071187e-08
0.0684	3.37574416809e-14	1.80949328569e-09	3.16941219003e-14	3.14173379532e-13	3.23841584804e-18	2.38183846458e-08
0.0686	3.40543906637e-14	1.82540825775e-09	3.18797370621e-14	3.16013307857e-13	3.25738161414e-18	2.39577681843e-08
0.0688	3.43530757688e-14	1.84141625007e-09	3.20658941524e-14	3.17858607981e-13	3.27640275451e-18	2.40975577286e-08
0.069	3.46535020542e-14	1.8575175334e-09	3.22525931711e-14	3.19709279903e-13	3.29547926916e-18	2.42377532734e-08
0.0692	3.49556745778e-14	1.8737123785e-09	3.24398341181e-14	3.21565323623e-13	3.31461115808e-18	2.43783548128e-08
0.0694	3.52595983975e-14	1.89000105614e-09	3.26276169933e-14	3.23426739137e-13	3.33379842128e-18	2.45193623416e-08
0.0696	3.55652785712e-14	1.90638383707e-09	3.28159417967e-14	3.25293526446e-13	3.35304105874e-18	2.4660775854e-08
0.0698	3.58727201567e-14	1.92286099203e-09	3.30048085282e-14	3.27165685547e-13	3.37233907047e-18	2.48025953446e-08
0.07	3.61819282118e-14	1.9394327918e-09	3.31942171876e-14	3.29043216438e-13	3.39169245647e-18	2.49448208078e-08
0.0702	3.64929077945e-14	1.9560995071e-09	3.3384167775e-14	3.30926119119e-13	3.41110121674e-18	2.5087452238e-08
0.0704	3.68056639624e-14	1.97286140869e-09	3.35746602902e-14	3.32814393588e-13	3.43056535127e-18	2.52304896298e-08
0.0706	3.71202017733e-14	1.98971876731e-09	3.37656947331e-14	3.34708039844e-13	3.45008486007e-18	2.53739329775e-08
0.0708	3.7436526285e-14	2.0066718537e-09	3.39572711038e-14	3.36607057885e-13	3.46965974313e-18	2.55177822757e-08
0.071	3.77546425552e-14	2.0237209386e-09	3.4149389402e-14	3.38511447709e-13	3.48929000045e-18	2.56620375187e-08
0.0712	3.80745556417e-14	2.04086629275e-09	3.43420496278e-14	3.40421209315e-13	3.50897563203e-18	2.58066987011e-08
0.0714	3.8396270602e-14	2.05810818687e-09	3.4535251781e-14	3.42336342701e-13	3.52871663787e-18	2.59517658173e-08
0.0716	3.8719792494e-14	2.0754468917e-09	3.47289958615e-14	3.44256847867e-13	3.54851301797e-18	2.60972388617e-08
0.0718	3.90451263751e-14	2.09288267797e-09	3.49232818694e-14	3.4618272481e-13	3.56836477232e-18	2.62431178288e-08
0.072	3.9372277303e-14	2.1104158164e-09	3.51181098044e-14	3.4811397353e-13	3.58827190093e-18	2.63894027131e-08
0.0722	3.97012503354e-14	2.12804657772e-09	3.53134796666e-14	3.50050594024e-13	3.60823440379e-18	2.6536093509e-08
0.0724	4.00320505298e-14	2.14577523264e-09	3.55093914558e-14	3.51992586291e-13	3.6282522809e-18	2.6683190211e-08
0.0726	4.03646829438e-14	2.16360205188e-09	3.57058451719e-14	3.5393995033e-13	3.64832553227e-18	2.68306928135e-08
0.0728	4.06991526348e-14	2.18152730617e-09	3.5902840815e-14	3.55892686139e-13	3.66845415788e-18	2.6978601311e-08
0.073	4.10354646605e-14	2.1995512662e-09	3.61003783849e-14	3.57850793716e-13	3.68863815774e-18	2.71269156979e-08
0.0732	4.13736240783e-14	2.2176742027e-09	3.62984578815e-14	3.59814273061e-13	3.70887753185e-18	2.72756359687e-08
0.0734	4.17136359457e-14	2.23589638637e-09	3.64970793047e-14	3.61783124172e-13	3.72917228021e-18	2.74247621179e-08
0.0736	4.20555053201e-14	2.25421808792e-09	3.66962426545e-14	3.63757347047e-13	3.7495224028e-18	2.75742941399e-08
0.0738	4.2399237259e-14	2.27263957804e-09	3.68959479308e-14	3.65736941685e-13	3.76992789965e-18	2.77242320291e-08
0.074	4.27448368198e-14	2.29116112744e-09	3.70961951335e-14	3.67721908085e-13	3.79038877073e-18	2.78745757801e-08
0.0742	4.30923090598e-14	2.30978300683e-09	3.72969842626e-14	3.69712246244e-13	3.81090501605e-18	2.80253253872e-08
0.0744	4.34416590365e-14	2.32850548688e-09	3.74983153179e-14	3.71707956161e-13	3.83147663562e-18	2.8176480845e-08
0.0746	4.37928918072e-14	2.3473288383e-09	3.77001882993e-14	3.73709037836e-13	3.85210362942e-18	2.83280421479e-08
0.0748	4.41460124292e-14	2.36625333178e-09	3.79026032069e-14	3.75715491266e-13	3.87278599746e-18	2.84800092903e-08
0.075	4.45010259597e-14	2.385279238e-09	3.81055600404e-14	3.7772731645e-13	3.89352373973e-18	2.86323822667e-08
0.0752	4.48579374562e-14	2.40440682765e-09	3.83090588e-14	3.79744513386e-13	3.91431685624e-18	2.87851610716e-08
0.0754	4.52167519759e-14	2.42363637141e-09	3.85130994853e-14	3.81767082073e-13	3.93516534698e-18	2.89383456993e-08
0.0756	4.55774745759e-14	2.44296813997e-09	3.87176820965e-14	3.8379502251e-13	3.95606921195e-18	2.90919361445e-08
0.0758	4.59401103136e-14	2.46240240399e-09	3.89228066333e-14	3.85828334695e-13	3.97702845115e-18	2.92459324015e-08
0.076	4.6304664246e-14	2.48193943417e-09	3.91284730957e-14	3.87867018626e-13	3.99804306458e-18	2.94003344647e-08
0.0762	4.66711414305e-14	2.50157950116e-09	3.93346814837e-14	3.89911074303e-13	4.01911305224e-18	2.95551423288e-08
0.0764	4.70395469241e-14	2.52132287563e-09	3.95414317972e-14	3.91960501723e-13	4.04023841412e-18	2.9710355988e-08
0.0766	4.7409885784e-14	2.54116982827e-09	3.9748724036e-14	3.94015300885e-13	4.06141915023e-18	2.98659754368e-08
0.0768	4.77821630673e-14	2.56112062973e-09	3.99565582002e-14	3.96075471788e-13	4.08265526056e-18	3.00220006698e-08
0.077	4.81563838311e-14	2.58117555067e-09	4.01649342895e-14	3.9814101443e-13	4.10394674511e-18	3.01784316813e-08
0.0772	4.85325531324e-14	2.60133486176e-09	4.0373852304e-14	4.0021192881e-13	4.12529360389e-18	3.03352684659e-08
0.0774	4.89106760284e-14	2.62159883364e-09	4.05833122436e-14	4.02288214926e-13	4.14669583688e-18	3.0492511018e-08
0.0776	4.9290757576e-14	2.64196773699e-09	4.07933141081e-14	4.04369872777e-13	4.16815344409e-18	3.0650159332e-08
0.0778	4.96728028322e-14	2.66244184245e-09	4.10038578976e-14	4.06456902361e-13	4.18966642552e-18	3.08082134023e-08
0.078	5.00568168541e-14	2.68302142067e-09	4.12149436119e-14	4.08549303677e-13	4.21123478117e-18	3.09666732236e-08
0.0782	5.04428046985e-14	2.70370674229e-09	4.14265712509e-14	4.10647076723e-13	4.23285851103e-18	3.11255387901e-08
0.0784	5.08307714225e-14	2.72449807797e-09	4.16387408146e-14	4.12750221498e-13	4.2545376151e-18	3.12848100965e-08
0.0786	5.1220722083e-14	2.74539569835e-09	4.18514523028e-14	4.14858738001e-13	4.27627209338e-18	3.1444487137e-08
0.0788	5.16126617368e-14	2.76639987406e-09	4.20647057156e-14	4.16972626229e-13	4.29806194588e-18	3.16045699062e-08
0.079	5.20065954409e-14	2.78751087574e-09	4.22785010528e-14	4.19091886182e-13	4.31990717258e-18	3.17650583986e-08
0.0792	5.24025282521e-14	2.80872897403e-09	4.24928383144e-14	4.21216517857e-13	4.34180777349e-18	3.19259526086e-08
0.0794	5.28004652273e-14	2.83005443957e-09	4.27077175003e-14	4.23346521254e-13	4.36376374861e-18	3.20872525306e-08
0.0796	5.32004114232e-14	2.85148754297e-09	4.29231386103e-14	4.25481896371e-13	4.38577509794e-18	3.22489581592e-08
0.0798	5.36023718966e-14	2.87302855488e-09	4.31391016444e-14	4.27622643207e-13	4.40784182146e-18	3.24110694887e-08
0.08	5.40063517044e-14	2.89467774591e-09	4.33556066026e-14	4.2976876176e-13	4.42996391919e-18	3.25735865136e-08
0.0802	5.44123559033e-14	2.91643538668e-09	4.35726534847e-14	4.31920252028e-13	4.45214139113e-18	3.27365092285e-08
0.0804	5.482038955e-14	2.93830174782e-09	4.37902422907e-14	4.3407711401e-13	4.47437423726e-18	3.28998376276e-08
0.0806	5.52304577013e-14	2.96027709995e-09	4.40083730205e-14	4.36239347705e-13	4.49666245759e-18	3.30635717056e-08
0.0808	5.56425654137e-14	2.98236171367e-09	4.42270456741e-14	4.38406953111e-13	4.51900605212e-18	3.32277114569e-08
0.081	5.60567177441e-14	3.00455585961e-09	4.44462602512e-14	4.40579930226e-13	4.54140502084e-18	3.33922568758e-08
0.0812	5.6472919749e-14	3.02685980836e-09	4.46660167519e-14	4.4275827905e-13	4.56385936376e-18	3.35572079569e-08
0.0814	5.6891176485e-14	3.04927383055e-09	4.48863151761e-14	4.4494199958e-13	4.58636908087e-18	3.37225646947e-08
0.0816	5.73114930089e-14	3.07179819677e-09	4.51071555237e-14	4.47131091816e-13	4.60893417218e-18	3.38883270836e-08
0.0818	5.7733874377e-14	3.09443317762e-09	4.53285377946e-14	4.49325555755e-13	4.63155463767e-18	3.4054495118e-08
0.082	5.81583256461e-14	3.11717904371e-09	4.55504619888e-14	4.51525391396e-13	4.65423047736e-18	3.42210687924e-08
0.0822	5.85848518727e-14	3.14003606564e-09	4.57729281061e-14	4.53730598739e-13	4.67696169123e-18	3.43880481013e-08
0.0824	5.90134581133e-14	3.16300451399e-09	4.59959361465e-14	4.5594117778e-13	4.69974827929e-18	3.45554330391e-08
0.0826	5.94441494243e-14	3.18608465936e-09	4.62194861099e-14	4.5815712852e-13	4.72259024154e-18	3.47232236003e-08
0.0828	5.98769308623e-14	3.20927677234e-09	4.64435779962e-14	4.60378450956e-13	4.74548757797e-18	3.48914197793e-08
0.083	6.03118074837e-14	3.23258112352e-09	4.66682118054e-14	4.62605145086e-13	4.76844028858e-18	3.50600215707e-08
0.0832	6.07487843449e-14	3.25599798349e-09	4.68933875373e-14	4.6483721091e-13	4.79144837338e-18	3.52290289688e-08
0.0834	6.11878665024e-14	3.27952762281e-09	4.71191051919e-14	4.67074648426e-13	4.81451183235e-18	3.53984419681e-08
0.0836	6.16290590126e-14	3.30317031209e-09	4.73453647692e-14	4.69317457632e-13	4.83763066551e-18	3.55682605631e-08
0.0838	6.20723669318e-14	3.32692632188e-09	4.75721662689e-14	4.71565638528e-13	4.86080487284e-18	3.57384847482e-08
0.084	6.25177953164e-14	3.35079592277e-09	4.77995096911e-14	4.7381919111e-13	4.88403445435e-18	3.59091145179e-08
0.0842	6.29653492228e-14	3.37477938533e-09	4.80273950357e-14	4.76078115379e-13	4.90731941003e-18	3.60801498667e-08
0.0844	6.34150337071e-14	3.39887698013e-09	4.82558223026e-14	4.78342411332e-13	4.93065973989e-18	3.6251590789e-08
0.0846	6.38668538258e-14	3.42308897773e-09	4.84847914917e-14	4.80612078969e-13	4.95405544392e-18	3.64234372792e-08
0.0848	6.4320814635e-14	3.44741564871e-09	4.87143026029e-14	4.82887118287e-13	4.97750652213e-18	3.65956893319e-08
0.085	6.47769211911e-14	3.47185726361e-09	4.89443556361e-14	4.85167529284e-13	5.0010129745e-18	3.67683469415e-08
0.0852	6.52351785502e-14	3.49641409301e-09	4.91749505914e-14	4.87453311961e-13	5.02457480104e-18	3.69414101024e-08
0.0854	6.56955917686e-14	3.52108640746e-09	4.94060874685e-14	4.89744466315e-13	5.04819200175e-18	3.71148788091e-08
0.0856	6.61581659024e-14	3.54587447751e-09	4.96377662674e-14	4.92040992344e-13	5.07186457662e-18	3.72887530561e-08
0.0858	6.66229060078e-14	3.57077857372e-09	4.98699869881e-14	4.94342890048e-13	5.09559252566e-18	3.74630328378e-08
0.086	6.7089817141e-14	3.59579896664e-09	5.01027496304e-14	4.96650159424e-13	5.11937584887e-18	3.76377181487e-08
0.0862	6.7558904358e-14	3.6209359268e-09	5.03360541944e-14	4.98962800471e-13	5.14321454623e-18	3.78128089833e-08
0.0864	6.8030172715e-14	3.64618972477e-09	5.05699006798e-14	5.01280813188e-13	5.16710861776e-18	3.79883053359e-08
0.0866	6.8503627268e-14	3.67156063107e-09	5.08042890866e-14	5.03604197574e-13	5.19105806345e-18	3.81642072011e-08
0.0868	6.8979273073e-14	3.69704891626e-09	5.10392194148e-14	5.05932953626e-13	5.21506288329e-18	3.83405145734e-08
0.087	6.94571151862e-14	3.72265485086e-09	5.12746916642e-14	5.08267081344e-13	5.23912307729e-18	3.85172274471e-08
0.0872	6.99371586636e-14	3.74837870541e-09	5.15107058348e-14	5.10606580725e-13	5.26323864545e-18	3.86943458167e-08
0.0874	7.0419408561e-14	3.77422075044e-09	5.17472619265e-14	5.12951451769e-13	5.28740958776e-18	3.88718696768e-08
0.0876	7.09038699346e-14	3.80018125649e-09	5.19843599393e-14	5.15301694473e-13	5.31163590423e-18	3.90497990217e-08
0.0878	7.13905478402e-14	3.82626049407e-09	5.22219998729e-14	5.17657308838e-13	5.33591759484e-18	3.92281338459e-08
0.088	7.18794473337e-14	3.85245873372e-09	5.24601817275e-14	5.20018294859e-13	5.36025465961e-18	3.94068741439e-08
0.0882	7.23705734712e-14	3.87877624596e-09	5.26989055028e-14	5.22384652538e-13	5.38464709853e-18	3.95860199101e-08
0.0884	7.28639313084e-14	3.9052133013e-09	5.29381711989e-14	5.24756381871e-13	5.40909491159e-18	3.97655711391e-08
0.0886	7.33595259013e-14	3.93177017026e-09	5.31779788155e-14	5.27133482858e-13	5.4335980988e-18	3.99455278252e-08
0.0888	7.38573623056e-14	3.95844712336e-09	5.34183283527e-14	5.29515955497e-13	5.45815666016e-18	4.01258899629e-08
0.089	7.43574455772e-14	3.98524443111e-09	5.36592198104e-14	5.31903799786e-13	5.48277059566e-18	4.03066575467e-08
0.0892	7.48597807719e-14	4.01216236402e-09	5.39006531885e-14	5.34297015725e-13	5.5074399053e-18	4.0487830571e-08
0.0894	7.53643729455e-14	4.03920119259e-09	5.41426284868e-14	5.36695603311e-13	5.53216458908e-18	4.06694090303e-08
0.0896	7.58712271538e-14	4.06636118733e-09	5.43851457054e-14	5.39099562543e-13	5.55694464701e-18	4.08513929191e-08
0.0898	7.63803484524e-14	4.09364261875e-09	5.46282048442e-14	5.4150889342e-13	5.58178007907e-18	4.10337822318e-08
0.09	7.68917418971e-14	4.12104575733e-09	5.4871805903e-14	5.4392359594e-13	5.60667088527e-18	4.12165769629e-08
0.0902	7.74054125436e-14	4.14857087358e-09	5.51159488818e-14	5.46343670102e-13	5.63161706561e-18	4.13997771068e-08
0.0904	7.79213654475e-14	4.17621823799e-09	5.53606337806e-14	5.48769115904e-13	5.65661862008e-18	4.1583382658e-08
0.0906	7.84396056646e-14	4.20398812106e-09	5.56058605992e-14	5.51199933344e-13	5.68167554868e-18	4.1767393611e-08
0.0908	7.89601382504e-14	4.23188079327e-09	5.58516293375e-14	5.53636122422e-13	5.70678785142e-18	4.19518099602e-08
0.091	7.94829682606e-14	4.2598965251e-09	5.60979399955e-14	5.56077683135e-13	5.73195552829e-18	4.21366317001e-08
0.0912	8.00081007507e-14	4.28803558706e-09	5.63447925731e-14	5.58524615483e-13	5.75717857929e-18	4.23218588251e-08
0.0914	8.05355407763e-14	4.3162982496e-09	5.65921870702e-14	5.60976919464e-13	5.78245700441e-18	4.25074913297e-08
0.0916	8.1065293393e-14	4.34468478323e-09	5.68401234867e-14	5.63434595076e-13	5.80779080367e-18	4.26935292084e-08
0.0918	8.15973636563e-14	4.3731954584e-09	5.70886018226e-14	5.65897642318e-13	5.83317997704e-18	4.28799724556e-08
0.092	8.21317566217e-14	4.4018305456e-09	5.73376220778e-14	5.68366061188e-13	5.85862452455e-18	4.30668210658e-08
0.0922	8.26684773447e-14	4.4305903153e-09	5.75871842522e-14	5.70839851685e-13	5.88412444617e-18	4.32540750334e-08
0.0924	8.32075308807e-14	4.45947503797e-09	5.78372883457e-14	5.73319013808e-13	5.90967974192e-18	4.3441734353e-08
0.0926	8.37489222851e-14	4.48848498407e-09	5.80879343583e-14	5.75803547554e-13	5.93529041179e-18	4.36297990189e-08
0.0928	8.42926566135e-14	4.51762042406e-09	5.83391222898e-14	5.78293452923e-13	5.96095645578e-18	4.38182690256e-08
0.093	8.48387389212e-14	4.54688162842e-09	5.85908521402e-14	5.80788729913e-13	5.98667787389e-18	4.40071443676e-08
0.0932	8.53871742636e-14	4.5762688676e-09	5.88431239094e-14	5.83289378523e-13	6.01245466611e-18	4.41964250394e-08
0.0934	8.5937967696e-14	4.60578241205e-09	5.90959375973e-14	5.8579539875e-13	6.03828683245e-18	4.43861110354e-08
0.0936	8.64911242738e-14	4.63542253223e-09	5.93492932039e-14	5.88306790594e-13	6.0641743729e-18	4.457620235e-08
0.0938	8.70466490522e-14	4.66518949859e-09	5.96031907291e-14	5.90823554053e-13	6.09011728746e-18	4.47666989778e-08
0.094	8.76045470867e-14	4.69508358158e-09	5.98576301727e-14	5.93345689126e-13	6.11611557614e-18	4.49576009132e-08
0.0942	8.81648234324e-14	4.72510505165e-09	6.01126115347e-14	5.95873195811e-13	6.14216923892e-18	4.51489081506e-08
0.0944	8.87274831446e-14	4.75525417924e-09	6.03681348151e-14	5.98406074107e-13	6.16827827582e-18	4.53406206846e-08
0.0946	8.92925312785e-14	4.78553123479e-09	6.06242000137e-14	6.00944324011e-13	6.19444268682e-18	4.55327385095e-08
0.0948	8.98599728894e-14	4.81593648874e-09	6.08808071305e-14	6.03487945524e-13	6.22066247193e-18	4.57252616198e-08
0.095	9.04298130324e-14	4.84647021153e-09	6.11379561654e-14	6.06036938642e-13	6.24693763114e-18	4.59181900101e-08
0.0952	9.10020567627e-14	4.87713267359e-09	6.13956471182e-14	6.08591303366e-13	6.27326816446e-18	4.61115236747e-08
0.0954	9.15767091355e-14	4.90792414536e-09	6.16538799891e-14	6.11151039692e-13	6.29965407188e-18	4.63052626082e-08
0.0956	9.21537752058e-14	4.93884489726e-09	6.19126547777e-14	6.13716147621e-13	6.3260953534e-18	4.64994068049e-08
0.0958	9.27332600288e-14	4.96989519972e-09	6.21719714842e-14	6.1628662715e-13	6.35259200902e-18	4.66939562594e-08
0.096	9.33151686595e-14	5.00107532316e-09	6.24318301083e-14	6.18862478277e-13	6.37914403874e-18	4.68889109661e-08
0.0962	9.3899506153e-14	5.03238553801e-09	6.26922306501e-14	6.21443701002e-13	6.40575144255e-18	4.70842709194e-08
0.0964	9.44862775644e-14	5.06382611467e-09	6.29531731094e-14	6.24030295323e-13	6.43241422046e-18	4.72800361139e-08
0.0966	9.50754879487e-14	5.09539732358e-09	6.32146574861e-14	6.26622261238e-13	6.45913237247e-18	4.7476206544e-08
0.0968	9.56671423608e-14	5.12709943515e-09	6.34766837803e-14	6.29219598746e-13	6.48590589857e-18	4.76727822041e-08
0.097	9.62612458558e-14	5.15893271977e-09	6.37392519917e-14	6.31822307846e-13	6.51273479876e-18	4.78697630888e-08
0.0972	9.68578034886e-14	5.19089744788e-09	6.40023621203e-14	6.34430388535e-13	6.53961907304e-18	4.80671491924e-08
0.0974	9.74568203141e-14	5.22299388986e-09	6.42660141661e-14	6.37043840813e-13	6.56655872141e-18	4.82649405095e-08
0.0976	9.80583013872e-14	5.25522231613e-09	6.4530208129e-14	6.39662664678e-13	6.59355374386e-18	4.84631370345e-08
0.0978	9.86622517629e-14	5.28758299708e-09	6.47949440088e-14	6.42286860129e-13	6.62060414041e-18	4.86617387619e-08
0.098	9.9268676496e-14	5.32007620312e-09	6.50602218056e-14	6.44916427164e-13	6.64770991104e-18	4.8860745686e-08
0.0982	9.98775806413e-14	5.35270220464e-09	6.53260415191e-14	6.47551365781e-13	6.67487105575e-18	4.90601578015e-08
0.0984	1.00488969254e-13	5.38546127203e-09	6.55924031494e-14	6.50191675979e-13	6.70208757455e-18	4.92599751027e-08
0.0986	1.01102847388e-13	5.41835367569e-09	6.58593066964e-14	6.52837357757e-13	6.72935946743e-18	4.94601975842e-08
0.0988	1.01719220099e-13	5.45137968601e-09	6.61267521599e-14	6.55488411113e-13	6.75668673439e-18	4.96608252403e-08
0.099	1.02338092441e-13	5.48453957336e-09	6.639473954e-14	6.58144836046e-13	6.78406937542e-18	4.98618580655e-08
0.0992	1.0295946947e-13	5.51783360814e-09	6.66632688365e-14	6.60806632554e-13	6.81150739054e-18	5.00632960544e-08
0.0994	1.0358335624e-13	5.55126206073e-09	6.69323400493e-14	6.63473800635e-13	6.83900077973e-18	5.02651392013e-08
0.0996	1.04209757805e-13	5.5848252015e-09	6.72019531784e-14	6.66146340289e-13	6.86654954299e-18	5.04673875008e-08
0.0998	1.0483867922e-13	5.61852330084e-09	6.74721082237e-14	6.68824251514e-13	6.89415368033e-18	5.06700409472e-08
0.1	1.0547012554e-13	5.65235662911e-09	6.77428051851e-14	6.71507534308e-13	6.92181319174e-18	5.08730995351e-08
