0	0.0	0.0	0.0	0.0	0.0	0.0
0.0002	1.4773524834e-21	7.92246107035e-17	4.74211167899e-19	4.70076777112e-18	4.84528820822e-23	3.56920339549e-13
0.0004	1.18188075076e-20	6.33795415956e-16	1.89684457916e-18	1.88030693608e-17	1.93811526808e-22	1.42767486875e-12
0.0006	3.98884336248e-20	2.13905456872e-15	4.26790009512e-18	4.23069021833e-17	4.36075931896e-22	3.2122538535e-12
0.0008	9.45502623087e-20	5.07033981297e-15	7.58737757712e-18	7.52122636532e-17	7.75246095064e-22	5.71064755979e-12
0.001	1.84668287954e-19	9.90298448375e-15	1.18552768865e-17	1.17519151185e-16	1.21132201403e-21	8.92284625369e-12
0.0012	3.19106467879e-19	1.71123175071e-14	1.70715978846e-17	1.69227562192e-16	1.74430368652e-21	1.28488402014e-11
0.0014	5.06728722321e-19	2.71736634003e-14	2.32363404328e-17	2.30337494091e-16	2.37419111024e-21	1.74886196691e-11
0.0016	7.56398934441e-19	4.05623422716e-14	3.03495043924e-17	3.00848944294e-16	3.10098428292e-21	2.28421749231e-11
0.0018	1.07698095032e-18	5.77536698205e-14	3.84110896247e-17	3.80761910216e-16	3.92468320226e-21	2.890949623e-11
0.002	1.47733857897e-18	7.92229573376e-14	4.74210959912e-17	4.70076389272e-16	4.84528786601e-21	3.56905738561e-11
0.0022	1.96633559231e-18	1.05445511705e-13	5.7379523353e-17	5.68792378876e-16	5.86279827186e-21	4.31853980682e-11
0.0024	2.55283572519e-18	1.36896635395e-13	6.82863715717e-17	6.76909876443e-16	6.97721441754e-21	5.13939591329e-11
0.0026	3.24570267538e-18	1.74051626473e-13	8.01416405085e-17	7.94428879387e-16	8.18853630077e-21	6.0316247317e-11
0.0028	4.05380010358e-18	2.17385778593e-13	9.29453300247e-17	9.21349385122e-16	9.49676391926e-21	6.99522528873e-11
0.003	4.98599163341e-18	2.67374381004e-13	1.06697439982e-16	1.05767139106e-15	1.09018972707e-20	8.03019661109e-11
0.0032	6.05114085139e-18	3.24492718542e-13	1.21397970241e-16	1.20339489462e-15	1.24039363529e-20	9.13653772547e-11
0.0034	7.25811130701e-18	3.89216071638e-13	1.37046920664e-16	1.35851989322e-15	1.40028811635e-20	1.03142476586e-10
0.0036	8.61576651263e-18	4.62019716313e-13	1.53644291111e-16	1.52304638426e-15	1.56987317003e-20	1.15633254372e-10
0.0038	1.01329699436e-17	5.43378924178e-13	1.71190081445e-16	1.69697436517e-15	1.74914879609e-20	1.2883770088e-10
0.004	1.18185850381e-17	6.33768962439e-13	1.89684291526e-16	1.88030383336e-15	1.93811499431e-20	1.42755806377e-10
0.0042	1.36814751972e-17	7.33665093889e-13	2.09126921216e-16	2.07303478623e-15	2.13677176445e-20	1.57387561131e-10
0.0044	1.57305037852e-17	8.43542576915e-13	2.29517970376e-16	2.27516722122e-15	2.3451191063e-20	1.72732955409e-10
0.0046	1.7974534129e-17	9.63876665497e-13	2.50857438868e-16	2.48670113572e-15	2.56315701963e-20	1.8879197948e-10
0.0048	2.04224295184e-17	1.0951426092e-12	2.73145326553e-16	2.70763652716e-15	2.79088550419e-20	2.0556462361e-10
0.005	2.30830532064e-17	1.23781565319e-12	2.96381633292e-16	2.93797339295e-15	3.02830455978e-20	2.23050878068e-10
0.0052	2.59652684088e-17	1.39237103822e-12	3.20566358946e-16	3.17771173051e-15	3.27541418615e-20	2.41250733122e-10
0.0054	2.90779383041e-17	1.55928400064e-12	3.45699503377e-16	3.42685153724e-15	3.53221438309e-20	2.60164179039e-10
0.0056	3.24299260341e-17	1.73902977237e-12	3.71781066447e-16	3.68539281057e-15	3.79870515035e-20	2.79791206088e-10
0.0058	3.60300947033e-17	1.93208358095e-12	3.98811048016e-16	3.9533355479e-15	4.07488648772e-20	3.00131804537e-10
0.006	3.98873073791e-17	2.1389206495e-12	4.26789447946e-16	4.23067974666e-15	4.36075839497e-20	3.21185964654e-10
0.0062	4.40104270919e-17	2.36001619672e-12	4.55716266099e-16	4.51742540425e-15	4.65632087187e-20	3.42953676708e-10
0.0064	4.84083168351e-17	2.59584543692e-12	4.85591502335e-16	4.81357251809e-15	4.96157391818e-20	3.65434930967e-10
0.0066	5.30898395649e-17	2.84688358e-12	5.16415156516e-16	5.1191210856e-15	5.27651753369e-20	3.88629717699e-10
0.0068	5.80638582005e-17	3.11360583144e-12	5.48187228503e-16	5.43407110419e-15	5.60115171816e-20	4.12538027174e-10
0.007	6.33392356239e-17	3.39648739232e-12	5.80907718158e-16	5.75842257127e-15	5.93547647137e-20	4.37159849659e-10
0.0072	6.89248346802e-17	3.69600345931e-12	6.14576625342e-16	6.09217548426e-15	6.27949179308e-20	4.62495175425e-10
0.0074	7.48295181772e-17	4.01262922468e-12	6.49193949916e-16	6.43532984057e-15	6.63319768308e-20	4.88543994739e-10
0.0076	8.10621488859e-17	4.34683987626e-12	6.84759691742e-16	6.78788563762e-15	6.99659414112e-20	5.15306297871e-10
0.0078	8.76315895401e-17	4.69911059752e-12	7.21273850681e-16	7.14984287282e-15	7.36968116699e-20	5.4278207509e-10
0.008	9.45467028364e-17	5.06991656749e-12	7.58736426594e-16	7.52120154359e-15	7.75245876045e-20	5.70971316664e-10
0.0082	1.01816351434e-16	5.4597329608e-12	7.97147419343e-16	7.90196164733e-15	8.14492692128e-20	5.99874012864e-10
0.0084	1.09449397957e-16	5.86903494767e-12	8.36506828789e-16	8.29212318148e-15	8.54708564925e-20	6.29490153959e-10
0.0086	1.17454704989e-16	6.29829769391e-12	8.76814654794e-16	8.69168614343e-15	8.95893494413e-20	6.59819730217e-10
0.0088	1.2584113508e-16	6.74799636093e-12	9.18070897218e-16	9.1006505306e-15	9.38047480569e-20	6.90862731909e-10
0.009	1.3461755074e-16	7.21860610573e-12	9.60275555923e-16	9.51901634041e-15	9.8117052337e-20	7.22619149304e-10
0.0092	1.43792814444e-16	7.71060208089e-12	1.00342863077e-15	9.94678357028e-15	1.02526262279e-19	7.55088972672e-10
0.0094	1.53375788629e-16	8.22445943461e-12	1.04753012162e-15	1.03839522176e-14	1.07032377882e-19	7.88272192283e-10
0.0096	1.63375335695e-16	8.76065331065e-12	1.09258002834e-15	1.08305222798e-14	1.11635399142e-19	8.22168798406e-10
0.0098	1.73800318006e-16	9.31965884838e-12	1.13857835078e-15	1.12864937543e-14	1.16335326057e-19	8.56778781311e-10
0.01	1.84659597886e-16	9.90195118276e-12	1.18552508881e-15	1.17518666386e-14	1.21132158626e-19	8.9210213127e-10
0.0102	1.95962037626e-16	1.05080054443e-11	1.23342024229e-15	1.22266409299e-14	1.26025896846e-19	9.2813883855e-10
0.0104	2.07716499477e-16	1.11382967593e-11	1.28226381108e-15	1.27108166258e-14	1.31016540714e-19	9.64888893424e-10
0.0106	2.19931845653e-16	1.17933002492e-11	1.33205579504e-15	1.32043937236e-14	1.36104090228e-19	1.00235228616e-09
0.0108	2.32616938333e-16	1.24734910316e-11	1.38279619404e-15	1.37073722208e-14	1.41288545386e-19	1.04052900703e-09
0.011	2.45780639656e-16	1.31793442194e-11	1.43448500793e-15	1.42197521148e-14	1.46569906186e-19	1.07941904631e-09
0.0112	2.59431811727e-16	1.39113349209e-11	1.48712223657e-15	1.4741533403e-14	1.51948172626e-19	1.11902239426e-09
0.0114	2.73579316612e-16	1.46699382404e-11	1.54070787984e-15	1.52727160828e-14	1.57423344703e-19	1.15933904115e-09
0.0116	2.8823201634e-16	1.54556292776e-11	1.59524193758e-15	1.58133001516e-14	1.62995422414e-19	1.20036897726e-09
0.0118	3.03398772903e-16	1.62688831276e-11	1.65072440966e-15	1.63632856069e-14	1.68664405758e-19	1.24211219286e-09
0.012	3.19088448258e-16	1.71101748815e-11	1.70715529594e-15	1.6922672446e-14	1.74430294733e-19	1.28456867822e-09
0.0122	3.35309904321e-16	1.79799796257e-11	1.76453459629e-15	1.74914606664e-14	1.80293089335e-19	1.3277384236e-09
0.0124	3.52072002974e-16	1.88787724422e-11	1.82286231056e-15	1.80696502654e-14	1.86252789564e-19	1.37162141929e-09
0.0126	3.69383606062e-16	1.98070284087e-11	1.88213843861e-15	1.86572412406e-14	1.92309395415e-19	1.41621765554e-09
0.0128	3.8725357539e-16	2.07652225985e-11	1.94236298031e-15	1.92542335893e-14	1.98462906888e-19	1.46152712264e-09
0.013	4.0569077273e-16	2.17538300804e-11	2.00353593552e-15	1.98606273089e-14	2.0471332398e-19	1.50754981085e-09
0.0132	4.24704059813e-16	2.27733259188e-11	2.0656573041e-15	2.04764223968e-14	2.11060646689e-19	1.55428571045e-09
0.0134	4.44302298335e-16	2.38241851738e-11	2.1287270859e-15	2.11016188505e-14	2.17504875012e-19	1.60173481171e-09
0.0136	4.64494349956e-16	2.4906882901e-11	2.19274528081e-15	2.17362166674e-14	2.24046008946e-19	1.64989710489e-09
0.0138	4.85289076296e-16	2.60218941517e-11	2.25771188866e-15	2.23802158448e-14	2.30684048491e-19	1.69877258028e-09
0.014	5.0669533894e-16	2.71696939725e-11	2.32362690933e-15	2.30336163803e-14	2.37418993643e-19	1.74836122813e-09
0.0142	5.28721999436e-16	2.83507574059e-11	2.39049034267e-15	2.36964182712e-14	2.44250844401e-19	1.79866303873e-09
0.0144	5.51377919294e-16	2.956555949e-11	2.45830218855e-15	2.43686215149e-14	2.51179600761e-19	1.84967800235e-09
0.0146	5.74671959987e-16	3.08145752583e-11	2.52706244683e-15	2.50502261088e-14	2.58205262722e-19	1.90140610926e-09
0.0148	5.98612982951e-16	3.20982797399e-11	2.59677111737e-15	2.57412320504e-14	2.65327830282e-19	1.95384734972e-09
0.015	6.23209849586e-16	3.34171479597e-11	2.66742820003e-15	2.6441639337e-14	2.72547303437e-19	2.00700171402e-09
0.0152	6.48471421254e-16	3.4771654938e-11	2.73903369468e-15	2.71514479662e-14	2.79863682187e-19	2.06086919242e-09
0.0154	6.74406559279e-16	3.61622756908e-11	2.81158760117e-15	2.78706579352e-14	2.87276966527e-19	2.11544977521e-09
0.0156	7.0102412495e-16	3.75894852295e-11	2.88508991936e-15	2.85992692416e-14	2.94787156457e-19	2.17074345264e-09
0.0158	7.28332979517e-16	3.90537585615e-11	2.95954064912e-15	2.93372818827e-14	3.02394251975e-19	2.22675021499e-09
0.016	7.56341984195e-16	4.05555706893e-11	3.03493979031e-15	3.00846958559e-14	3.10098253076e-19	2.28347005254e-09
0.0162	7.85060000159e-16	4.20953966114e-11	3.11128734279e-15	3.08415111587e-14	3.17899159761e-19	2.34090295556e-09
0.0164	8.14495888551e-16	4.36737113217e-11	3.18858330642e-15	3.16077277885e-14	3.25796972025e-19	2.39904891431e-09
0.0166	8.44658510471e-16	4.52909898096e-11	3.26682768106e-15	3.23833457426e-14	3.33791689867e-19	2.45790791909e-09
0.0168	8.75556726986e-16	4.69477070602e-11	3.34602046657e-15	3.31683650186e-14	3.41883313285e-19	2.51747996014e-09
0.017	9.07199399125e-16	4.86443380544e-11	3.42616166282e-15	3.39627856137e-14	3.50071842276e-19	2.57776502776e-09
0.0172	9.39595387877e-16	5.03813577683e-11	3.50725126966e-15	3.47666075255e-14	3.58357276838e-19	2.63876311222e-09
0.0174	9.72753554199e-16	5.21592411739e-11	3.58928928697e-15	3.55798307514e-14	3.66739616969e-19	2.70047420378e-09
0.0176	1.00668275901e-15	5.39784632386e-11	3.67227571459e-15	3.64024552887e-14	3.75218862666e-19	2.76289829272e-09
0.0178	1.04139186318e-15	5.58394989256e-11	3.75621055239e-15	3.72344811348e-14	3.83795013927e-19	2.82603536931e-09
0.018	1.07688972756e-15	5.77428231934e-11	3.84109380023e-15	3.80759082873e-14	3.9246807075e-19	2.88988542383e-09
0.0182	1.11318521296e-15	5.96889109963e-11	3.92692545798e-15	3.89267367435e-14	4.01238033133e-19	2.95444844655e-09
0.0184	1.15028718015e-15	6.16782372843e-11	4.01370552549e-15	3.97869665007e-14	4.10104901073e-19	3.01972442775e-09
0.0186	1.18820448984e-15	6.37112770027e-11	4.10143400262e-15	4.06565975565e-14	4.19068674568e-19	3.08571335769e-09
0.0188	1.22694600275e-15	6.57885050926e-11	4.19011088924e-15	4.15356299083e-14	4.28129353616e-19	3.15241522666e-09
0.019	1.26652057953e-15	6.79103964906e-11	4.27973618521e-15	4.24240635534e-14	4.37286938215e-19	3.21983002493e-09
0.0192	1.3069370808e-15	7.00774261289e-11	4.37030989039e-15	4.33218984893e-14	4.46541428361e-19	3.28795774276e-09
0.0194	1.34820436714e-15	7.22900689354e-11	4.46183200465e-15	4.42291347134e-14	4.55892824054e-19	3.35679837044e-09
0.0196	1.3903312991e-15	7.45487998335e-11	4.55430252783e-15	4.5145772223e-14	4.6534112529e-19	3.42635189824e-09
0.0198	1.43332673719e-15	7.68540937421e-11	4.64772145981e-15	4.60718110157e-14	4.74886332067e-19	3.49661831643e-09
0.02	1.47719954188e-15	7.9206425576e-11	4.74208880044e-15	4.70072510889e-14	4.84528444384e-19	3.56759761529e-09
0.0202	1.52195857361e-15	8.16062702452e-11	4.83740454958e-15	4.79520924398e-14	4.94267462237e-19	3.6392897851e-09
0.0204	1.56761269277e-15	8.40541026556e-11	4.93366870711e-15	4.89063350661e-14	5.04103385625e-19	3.71169481612e-09
0.0206	1.61417075973e-15	8.65503977085e-11	5.03088127287e-15	4.9869978965e-14	5.14036214545e-19	3.78481269863e-09
0.0208	1.66164163481e-15	8.9095630301e-11	5.12904224674e-15	5.0843024134e-14	5.24065948995e-19	3.85864342291e-09
0.021	1.71003417829e-15	9.16902753256e-11	5.22815162857e-15	5.18254705705e-14	5.34192588972e-19	3.93318697923e-09
0.0212	1.75935725043e-15	9.43348076704e-11	5.32820941821e-15	5.28173182719e-14	5.44416134475e-19	4.00844335787e-09
0.0214	1.80961971145e-15	9.70297022192e-11	5.42921561555e-15	5.38185672357e-14	5.54736585501e-19	4.0844125491e-09
0.0216	1.8608304215e-15	9.97754338514e-11	5.53117022043e-15	5.48292174592e-14	5.65153942048e-19	4.1610945432e-09
0.0218	1.91299824075e-15	1.02572477442e-10	5.63407323271e-15	5.58492689398e-14	5.75668204113e-19	4.23848933044e-09
0.022	1.96613202928e-15	1.05421307861e-10	5.73792465227e-15	5.68787216751e-14	5.86279371695e-19	4.3165969011e-09
0.0222	2.02024064716e-15	1.08322399976e-10	5.84272447895e-15	5.79175756623e-14	5.96987444791e-19	4.39541724545e-09
0.0224	2.07533295442e-15	1.11276228647e-10	5.94847271263e-15	5.89658308989e-14	6.07792423398e-19	4.47495035377e-09
0.0226	2.13141781105e-15	1.14283268732e-10	6.05516935316e-15	6.00234873824e-14	6.18694307515e-19	4.55519621633e-09
0.0228	2.188504077e-15	1.17343995083e-10	6.1628144004e-15	6.10905451101e-14	6.29693097138e-19	4.63615482341e-09
0.023	2.24660061219e-15	1.20458882551e-10	6.27140785421e-15	6.21670040794e-14	6.40788792267e-19	4.71782616529e-09
0.0232	2.3057162765e-15	1.23628405978e-10	6.38094971447e-15	6.32528642878e-14	6.51981392898e-19	4.80021023224e-09
0.0234	2.36585992976e-15	1.26853040204e-10	6.49143998102e-15	6.43481257327e-14	6.6327089903e-19	4.88330701454e-09
0.0236	2.4270404318e-15	1.30133260064e-10	6.60287865373e-15	6.54527884114e-14	6.74657310659e-19	4.96711650247e-09
0.0238	2.48926664237e-15	1.3346954039e-10	6.71526573246e-15	6.65668523215e-14	6.86140627784e-19	5.05163868629e-09
0.024	2.5525474212e-15	1.36862356008e-10	6.82860121707e-15	6.76903174603e-14	6.97720850403e-19	5.13687355629e-09
0.0242	2.61689162799e-15	1.4031218174e-10	6.94288510742e-15	6.88231838252e-14	7.09397978513e-19	5.22282110274e-09
0.0244	2.6823081224e-15	1.43819492404e-10	7.05811740338e-15	6.99654514137e-14	7.21172012111e-19	5.30948131592e-09
0.0246	2.74880576404e-15	1.47384762812e-10	7.17429810481e-15	7.11171202232e-14	7.33042951197e-19	5.39685418611e-09
0.0248	2.8163934125e-15	1.51008467774e-10	7.29142721156e-15	7.2278190251e-14	7.45010795766e-19	5.48493970358e-09
0.025	2.88507992732e-15	1.54691082094e-10	7.4095047235e-15	7.34486614946e-14	7.57075545818e-19	5.5737378586e-09
0.0252	2.95487416802e-15	1.58433080573e-10	7.52853064049e-15	7.46285339514e-14	7.69237201349e-19	5.66324864147e-09
0.0254	3.02578499406e-15	1.62234938005e-10	7.6485049624e-15	7.58178076189e-14	7.81495762358e-19	5.75347204244e-09
0.0256	3.09782126488e-15	1.66097129182e-10	7.76942768907e-15	7.70164824944e-14	7.93851228842e-19	5.84440805181e-09
0.0258	3.17099183987e-15	1.70020128891e-10	7.89129882038e-15	7.82245585753e-14	8.06303600799e-19	5.93605665984e-09
0.026	3.24530557841e-15	1.74004411915e-10	8.01411835618e-15	7.94420358591e-14	8.18852878226e-19	6.02841785681e-09
0.0262	3.3207713398e-15	1.7805045303e-10	8.13788629634e-15	8.06689143432e-14	8.31499061122e-19	6.12149163301e-09
0.0264	3.39739798333e-15	1.82158727012e-10	8.26260264072e-15	8.1905194025e-14	8.44242149484e-19	6.2152779787e-09
0.0266	3.47519436827e-15	1.86329708629e-10	8.38826738918e-15	8.31508749018e-14	8.57082143309e-19	6.30977688417e-09
0.0268	3.5541693538e-15	1.90563872646e-10	8.51488054158e-15	8.44059569713e-14	8.70019042597e-19	6.40498833969e-09
0.027	3.63433179913e-15	1.94861693823e-10	8.64244209778e-15	8.56704402306e-14	8.83052847343e-19	6.50091233555e-09
0.0272	3.71569056337e-15	1.99223646916e-10	8.77095205764e-15	8.69443246773e-14	8.96183557546e-19	6.59754886201e-09
0.0274	3.79825450563e-15	2.03650206677e-10	8.90041042103e-15	8.82276103088e-14	9.09411173204e-19	6.69489790935e-09
0.0276	3.88203248498e-15	2.08141847853e-10	9.0308171878e-15	8.95202971224e-14	9.22735694314e-19	6.79295946786e-09
0.0278	3.96703336043e-15	2.12699045187e-10	9.16217235782e-15	9.08223851156e-14	9.36157120875e-19	6.89173352781e-09
0.028	4.05326599099e-15	2.17322273417e-10	9.29447593095e-15	9.21338742859e-14	9.49675452883e-19	6.99122007949e-09
0.0282	4.14073923561e-15	2.22012007278e-10	9.42772790705e-15	9.34547646306e-14	9.63290690337e-19	7.09141911316e-09
0.0284	4.22946195319e-15	2.26768721498e-10	9.56192828598e-15	9.47850561471e-14	9.77002833234e-19	7.1923306191e-09
0.0286	4.31944300262e-15	2.31592890802e-10	9.69707706761e-15	9.61247488328e-14	9.90811881572e-19	7.2939545876e-09
0.0288	4.41069124274e-15	2.36484989913e-10	9.83317425178e-15	9.74738426853e-14	1.00471783535e-18	7.39629100893e-09
0.029	4.50321553235e-15	2.41445493545e-10	9.97021983838e-15	9.88323377018e-14	1.01872069456e-18	7.49933987338e-09
0.0292	4.59702473023e-15	2.46474876411e-10	1.01082138272e-14	1.0020023388e-13	1.03282045921e-18	7.60310117121e-09
0.0294	4.6921276951e-15	2.51573613218e-10	1.02471562183e-14	1.01577531217e-13	1.04701712929e-18	7.70757489271e-09
0.0296	4.78853328565e-15	2.5674217867e-10	1.03870470113e-14	1.0296422971e-13	1.0613107048e-18	7.81276102816e-09
0.0298	4.88625036054e-15	2.61981047465e-10	1.05278862061e-14	1.04360329357e-13	1.07570118573e-18	7.91865956784e-09
0.03	4.98528777839e-15	2.67290694297e-10	1.06696738027e-14	1.05765830155e-13	1.09018857209e-18	8.02527050202e-09
0.0302	5.08565439778e-15	2.72671593857e-10	1.08124098009e-14	1.07180732102e-13	1.10477286388e-18	8.13259382098e-09
0.0304	5.18735907726e-15	2.78124220829e-10	1.09560942005e-14	1.08605035195e-13	1.11945406108e-18	8.240629515e-09
0.0306	5.29041067534e-15	2.83649049896e-10	1.11007270014e-14	1.10038739431e-13	1.1342321637e-18	8.34937757437e-09
0.0308	5.39481805048e-15	2.89246555733e-10	1.12463082035e-14	1.11481844808e-13	1.14910717174e-18	8.45883798936e-09
0.031	5.50059006111e-15	2.94917213013e-10	1.13928378066e-14	1.12934351323e-13	1.16407908519e-18	8.56901075025e-09
0.0312	5.60773556565e-15	3.00661496404e-10	1.15403158107e-14	1.14396258973e-13	1.17914790405e-18	8.67989584732e-09
0.0314	5.71626342244e-15	3.06479880569e-10	1.16887422154e-14	1.15867567757e-13	1.19431362833e-18	8.79149327085e-09
0.0316	5.82618248981e-15	3.12372840168e-10	1.18381170208e-14	1.17348277672e-13	1.209576258e-18	8.90380301112e-09
0.0318	5.93750162604e-15	3.18340849854e-10	1.19884402266e-14	1.18838388714e-13	1.22493579309e-18	9.0168250584e-09
0.032	6.05022968938e-15	3.24384384279e-10	1.21397118328e-14	1.20337900881e-13	1.24039223357e-18	9.13055940299e-09
0.0322	6.16437553804e-15	3.30503918088e-10	1.22919318392e-14	1.21846814171e-13	1.25594557946e-18	9.24500603515e-09
0.0324	6.27994803021e-15	3.36699925922e-10	1.24451002457e-14	1.23365128582e-13	1.27159583074e-18	9.36016494517e-09
0.0326	6.396956024e-15	3.42972882419e-10	1.2599217052e-14	1.2489284411e-13	1.28734298742e-18	9.47603612334e-09
0.0328	6.51540837753e-15	3.49323262212e-10	1.27542822582e-14	1.26429960752e-13	1.30318704949e-18	9.59261955991e-09
0.033	6.63531394886e-15	3.55751539927e-10	1.29102958639e-14	1.27976478508e-13	1.31912801695e-18	9.70991524519e-09
0.0332	6.75668159602e-15	3.6225819019e-10	1.30672578692e-14	1.29532397373e-13	1.3351658898e-18	9.82792316945e-09
0.0334	6.87952017698e-15	3.6884368762e-10	1.32251682739e-14	1.31097717345e-13	1.35130066804e-18	9.94664332297e-09
0.0336	7.00383854972e-15	3.75508506831e-10	1.33840270778e-14	1.32672438422e-13	1.36753235166e-18	1.0066075696e-08
0.0338	7.12964557213e-15	3.82253122435e-10	1.35438342807e-14	1.342565606e-13	1.38386094066e-18	1.01862202789e-08
0.034	7.2569501021e-15	3.89078009038e-10	1.37045898826e-14	1.35850083879e-13	1.40028643504e-18	1.03070770619e-08
0.0342	7.38576099746e-15	3.9598364124e-10	1.38662938834e-14	1.37453008254e-13	1.4168088348e-18	1.04286460352e-08
0.0344	7.51608711603e-15	4.02970493641e-10	1.40289462828e-14	1.39065333723e-13	1.43342813993e-18	1.05509271893e-08
0.0346	7.64793731557e-15	4.10039040832e-10	1.41925470807e-14	1.40687060284e-13	1.45014435044e-18	1.06739205142e-08
0.0348	7.7813204538e-15	4.17189757402e-10	1.4357096277e-14	1.42318187935e-13	1.46695746632e-18	1.07976260004e-08
0.035	7.91624538843e-15	4.24423117936e-10	1.45225938716e-14	1.43958716671e-13	1.48386748756e-18	1.09220436381e-08
0.0352	8.0527209771e-15	4.31739597013e-10	1.46890398643e-14	1.45608646492e-13	1.50087441417e-18	1.10471734176e-08
0.0354	8.19075607743e-15	4.39139669209e-10	1.4856434255e-14	1.47267977394e-13	1.51797824614e-18	1.11730153292e-08
0.0356	8.33035954701e-15	4.46623809095e-10	1.50247770435e-14	1.48936709375e-13	1.53517898348e-18	1.12995693631e-08
0.0358	8.47154024338e-15	4.54192491237e-10	1.51940682297e-14	1.50614842432e-13	1.55247662617e-18	1.14268355096e-08
0.036	8.61430702405e-15	4.61846190197e-10	1.53643078135e-14	1.52302376562e-13	1.56987117422e-18	1.1554813759e-08
0.0362	8.75866874648e-15	4.69585380533e-10	1.55354957947e-14	1.53999311764e-13	1.58736262762e-18	1.16835041017e-08
0.0364	8.90463426812e-15	4.77410536799e-10	1.57076321732e-14	1.55705648034e-13	1.60495098638e-18	1.18129065278e-08
0.0366	9.05221244635e-15	4.85322133543e-10	1.58807169488e-14	1.57421385369e-13	1.62263625048e-18	1.19430210277e-08
0.0368	9.20141213853e-15	4.9332064531e-10	1.60547501214e-14	1.59146523768e-13	1.64041841994e-18	1.20738475916e-08
0.037	9.35224220199e-15	5.0140654664e-10	1.62297316909e-14	1.60881063228e-13	1.65829749473e-18	1.22053862098e-08
0.0372	9.50471149402e-15	5.09580312069e-10	1.64056616572e-14	1.62625003746e-13	1.67627347488e-18	1.23376368727e-08
0.0374	9.65882887185e-15	5.17842416128e-10	1.658254002e-14	1.64378345319e-13	1.69434636036e-18	1.24705995704e-08
0.0376	9.8146031927e-15	5.26193333345e-10	1.67603667793e-14	1.66141087945e-13	1.71251615118e-18	1.26042742933e-08
0.0378	9.97204331375e-15	5.34633538241e-10	1.69391419349e-14	1.67913231622e-13	1.73078284733e-18	1.27386610316e-08
0.038	1.01311580921e-14	5.43163505334e-10	1.71188654867e-14	1.69694776346e-13	1.74914644882e-18	1.28737597757e-08
0.0382	1.02919563849e-14	5.51783709139e-10	1.72995374345e-14	1.71485722115e-13	1.76760695564e-18	1.30095705158e-08
0.0384	1.04544470492e-14	5.60494624165e-10	1.74811577782e-14	1.73286068927e-13	1.78616436779e-18	1.31460932422e-08
0.0386	1.0618638942e-14	5.69296724917e-10	1.76637265177e-14	1.75095816779e-13	1.80481868527e-18	1.32833279452e-08
0.0388	1.07845409204e-14	5.78190485895e-10	1.78472436528e-14	1.76914965668e-13	1.82356990807e-18	1.3421274615e-08
0.039	1.09521618411e-14	5.87176381594e-10	1.80317091833e-14	1.78743515592e-13	1.8424180362e-18	1.3559933242e-08
0.0392	1.11215105613e-14	5.96254886508e-10	1.82171231093e-14	1.80581466549e-13	1.86136306964e-18	1.36993038164e-08
0.0394	1.12925959377e-14	6.05426475124e-10	1.84034854304e-14	1.82428818535e-13	1.8804050084e-18	1.38393863286e-08
0.0396	1.14654268272e-14	6.14691621923e-10	1.85907961466e-14	1.84285571548e-13	1.89954385248e-18	1.39801807687e-08
0.0398	1.16400120866e-14	6.24050801385e-10	1.87790552577e-14	1.86151725585e-13	1.91877960187e-18	1.41216871271e-08
0.04	1.18163605726e-14	6.33504487983e-10	1.89682627636e-14	1.88027280644e-13	1.93811225657e-18	1.4263905394e-08
0.0402	1.1994481142e-14	6.43053156188e-10	1.91584186642e-14	1.89912236723e-13	1.95754181658e-18	1.44068355599e-08
0.0404	1.21743826515e-14	6.52697280465e-10	1.93495229592e-14	1.91806593818e-13	1.9770682819e-18	1.45504776148e-08
0.0406	1.23560739577e-14	6.62437335274e-10	1.95415756487e-14	1.93710351928e-13	1.99669165252e-18	1.46948315491e-08
0.0408	1.25395639173e-14	6.72273795072e-10	1.97345767323e-14	1.95623511049e-13	2.01641192844e-18	1.48398973532e-08
0.041	1.27248613868e-14	6.82207134311e-10	1.99285262101e-14	1.97546071179e-13	2.03622910966e-18	1.49856750172e-08
0.0412	1.29119752228e-14	6.92237827438e-10	2.01234240819e-14	1.99478032315e-13	2.05614319618e-18	1.51321645315e-08
0.0414	1.31009142818e-14	7.02366348898e-10	2.03192703474e-14	2.01419394455e-13	2.07615418799e-18	1.52793658864e-08
0.0416	1.32916874202e-14	7.12593173128e-10	2.05160650066e-14	2.03370157597e-13	2.0962620851e-18	1.5427279072e-08
0.0418	1.34843034945e-14	7.22918774564e-10	2.07138080594e-14	2.05330321736e-13	2.1164668875e-18	1.55759040788e-08
0.042	1.36787713611e-14	7.33343627635e-10	2.09124995056e-14	2.07299886872e-13	2.13676859518e-18	1.5725240897e-08
0.0422	1.38750998763e-14	7.43868206766e-10	2.1112139345e-14	2.09278853002e-13	2.15716720815e-18	1.58752895169e-08
0.0424	1.40732978965e-14	7.5449298638e-10	2.13127275776e-14	2.11267220122e-13	2.17766272641e-18	1.60260499287e-08
0.0426	1.4273374278e-14	7.65218440893e-10	2.15142642031e-14	2.1326498823e-13	2.19825514994e-18	1.61775221228e-08
0.0428	1.44753378769e-14	7.76045044717e-10	2.17167492215e-14	2.15272157325e-13	2.21894447876e-18	1.63297060895e-08
0.043	1.46791975495e-14	7.86973272261e-10	2.19201826326e-14	2.17288727402e-13	2.23973071285e-18	1.64826018189e-08
0.0432	1.4884962152e-14	7.98003597927e-10	2.21245644363e-14	2.1931469846e-13	2.26061385222e-18	1.66362093015e-08
0.0434	1.50926405405e-14	8.09136496116e-10	2.23298946324e-14	2.21350070495e-13	2.28159389685e-18	1.67905285274e-08
0.0436	1.53022415711e-14	8.20372441221e-10	2.25361732208e-14	2.23394843506e-13	2.30267084676e-18	1.69455594871e-08
0.0438	1.55137740998e-14	8.31711907635e-10	2.27434002014e-14	2.2544901749e-13	2.32384470194e-18	1.71013021707e-08
0.044	1.57272469828e-14	8.43155369741e-10	2.2951575574e-14	2.27512592444e-13	2.34511546238e-18	1.72577565685e-08
0.0442	1.59426690759e-14	8.54703301923e-10	2.31606993384e-14	2.29585568366e-13	2.36648312808e-18	1.74149226709e-08
0.0444	1.61600492352e-14	8.66356178557e-10	2.33707714946e-14	2.31667945252e-13	2.38794769905e-18	1.75728004681e-08
0.0446	1.63793963166e-14	8.78114474015e-10	2.35817920424e-14	2.33759723101e-13	2.40950917527e-18	1.77313899504e-08
0.0448	1.66007191758e-14	8.89978662668e-10	2.37937609817e-14	2.3586090191e-13	2.43116755675e-18	1.78906911081e-08
0.045	1.68240266688e-14	9.01949218877e-10	2.40066783123e-14	2.37971481676e-13	2.45292284348e-18	1.80507039314e-08
0.0452	1.70493276514e-14	9.14026617004e-10	2.4220544034e-14	2.40091462396e-13	2.47477503547e-18	1.82114284107e-08
0.0454	1.72766309793e-14	9.26211331403e-10	2.44353581468e-14	2.42220844069e-13	2.4967241327e-18	1.83728645363e-08
0.0456	1.75059455083e-14	9.38503836425e-10	2.46511206505e-14	2.44359626691e-13	2.51877013518e-18	1.85350122984e-08
0.0458	1.7737280094e-14	9.50904606416e-10	2.4867831545e-14	2.46507810261e-13	2.54091304291e-18	1.86978716873e-08
0.046	1.79706435921e-14	9.63414115718e-10	2.50854908301e-14	2.48665394774e-13	2.56315285587e-18	1.88614426933e-08
0.0462	1.82060448582e-14	9.76032838669e-10	2.53040985057e-14	2.50832380229e-13	2.58548957408e-18	1.90257253067e-08
0.0464	1.8443492748e-14	9.88761249602e-10	2.55236545717e-14	2.53008766623e-13	2.60792319753e-18	1.91907195178e-08
0.0466	1.86829961169e-14	1.00159982285e-09	2.57441590279e-14	2.55194553954e-13	2.63045372621e-18	1.93564253169e-08
0.0468	1.89245638204e-14	1.01454903273e-09	2.59656118741e-14	2.57389742219e-13	2.65308116012e-18	1.95228426942e-08
0.047	1.91682047141e-14	1.02760935356e-09	2.61880131103e-14	2.59594331415e-13	2.67580549927e-18	1.968997164e-08
0.0472	1.94139276533e-14	1.04078125966e-09	2.64113627363e-14	2.6180832154e-13	2.69862674365e-18	1.98578121446e-08
0.0474	1.96617414934e-14	1.05406522535e-09	2.66356607519e-14	2.64031712592e-13	2.72154489325e-18	2.00263641984e-08
0.0476	1.99116550899e-14	1.06746172493e-09	2.68609071571e-14	2.66264504567e-13	2.74455994807e-18	2.01956277915e-08
0.0478	2.0163677298e-14	1.08097123269e-09	2.70871019516e-14	2.68506697462e-13	2.76767190812e-18	2.03656029143e-08
0.048	2.0417816973e-14	1.09459422295e-09	2.73142451354e-14	2.70758291277e-13	2.79088077339e-18	2.05362895571e-08
0.0482	2.06740829701e-14	1.10833116998e-09	2.75423367083e-14	2.73019286007e-13	2.81418654387e-18	2.07076877102e-08
0.0484	2.09324841446e-14	1.12218254809e-09	2.77713766701e-14	2.75289681651e-13	2.83758921957e-18	2.08797973638e-08
0.0486	2.11930293517e-14	1.13614883156e-09	2.80013650208e-14	2.77569478205e-13	2.86108880048e-18	2.10526185082e-08
0.0488	2.14557274464e-14	1.15023049466e-09	2.82323017602e-14	2.79858675667e-13	2.88468528661e-18	2.12261511337e-08
0.049	2.17205872839e-14	1.16442801167e-09	2.84641868881e-14	2.82157274035e-13	2.90837867794e-18	2.14003952307e-08
0.0492	2.19876177192e-14	1.17874185687e-09	2.86970204044e-14	2.84465273306e-13	2.93216897448e-18	2.15753507893e-08
0.0494	2.22568276074e-14	1.19317250452e-09	2.8930802309e-14	2.86782673477e-13	2.95605617622e-18	2.17510177999e-08
0.0496	2.25282258034e-14	1.20772042888e-09	2.91655326018e-14	2.89109474546e-13	2.98004028316e-18	2.19273962528e-08
0.0498	2.28018211622e-14	1.22238610422e-09	2.94012112825e-14	2.9144567651e-13	3.0041212953e-18	2.21044861382e-08
0.05	2.30776225387e-14	1.23717000478e-09	2.96378383511e-14	2.93791279367e-13	3.02829921264e-18	2.22822874464e-08
0.0502	2.33556387878e-14	1.25207260481e-09	2.98754138074e-14	2.96146283114e-13	3.05257403517e-18	2.24608001678e-08
0.0504	2.36358787644e-14	1.26709437857e-09	3.01139376513e-14	2.98510687748e-13	3.0769457629e-18	2.26400242926e-08
0.0506	2.39183513231e-14	1.28223580029e-09	3.03534098826e-14	3.00884493267e-13	3.10141439581e-18	2.28199598112e-08
0.0508	2.42030653188e-14	1.2974973442e-09	3.05938305012e-14	3.03267699668e-13	3.12597993392e-18	2.30006067137e-08
0.051	2.44900296063e-14	1.31287948455e-09	3.0835199507e-14	3.05660306949e-13	3.15064237721e-18	2.31819649904e-08
0.0512	2.47792530402e-14	1.32838269555e-09	3.10775168998e-14	3.08062315107e-13	3.17540172568e-18	2.33640346318e-08
0.0514	2.50707444751e-14	1.34400745143e-09	3.13207826795e-14	3.1047372414e-13	3.20025797933e-18	2.3546815628e-08
0.0516	2.53645127657e-14	1.35975422642e-09	3.1564996846e-14	3.12894534045e-13	3.22521113816e-18	2.37303079694e-08
0.0518	2.56605667665e-14	1.37562349471e-09	3.1810159399e-14	3.15324744818e-13	3.25026120217e-18	2.39145116462e-08
0.052	2.59589153322e-14	1.39161573053e-09	3.20562703386e-14	3.17764356459e-13	3.27540817135e-18	2.40994266487e-08
0.0522	2.62595673172e-14	1.40773140807e-09	3.23033296644e-14	3.20213368964e-13	3.3006520457e-18	2.42850529672e-08
0.0524	2.65625315759e-14	1.42397100155e-09	3.25513373765e-14	3.2267178233e-13	3.32599282522e-18	2.4471390592e-08
0.0526	2.68678169628e-14	1.44033498515e-09	3.28002934746e-14	3.25139596555e-13	3.35143050991e-18	2.46584395135e-08
0.0528	2.71754323324e-14	1.45682383307e-09	3.30501979586e-14	3.27616811637e-13	3.37696509977e-18	2.48461997218e-08
0.053	2.74853865389e-14	1.4734380195e-09	3.33010508284e-14	3.30103427573e-13	3.40259659479e-18	2.50346712072e-08
0.0532	2.77976884367e-14	1.49017801862e-09	3.35528520838e-14	3.32599444359e-13	3.42832499496e-18	2.52238539601e-08
0.0534	2.811234688e-14	1.5070443046e-09	3.38056017248e-14	3.35104861995e-13	3.4541503003e-18	2.54137479708e-08
0.0536	2.84293707231e-14	1.52403735163e-09	3.4059299751e-14	3.37619680476e-13	3.48007251079e-18	2.56043532295e-08
0.0538	2.87487688203e-14	1.54115763387e-09	3.43139461626e-14	3.40143899801e-13	3.50609162644e-18	2.57956697265e-08
0.054	2.90705500256e-14	1.5584056255e-09	3.45695409592e-14	3.42677519967e-13	3.53220764723e-18	2.59876974522e-08
0.0542	2.93947231933e-14	1.57578180066e-09	3.48260841407e-14	3.45220540972e-13	3.55842057318e-18	2.61804363967e-08
0.0544	2.97212971774e-14	1.59328663352e-09	3.50835757071e-14	3.47772962811e-13	3.58473040427e-18	2.63738865505e-08
0.0546	3.0050280832e-14	1.61092059824e-09	3.53420156581e-14	3.50334785484e-13	3.61113714051e-18	2.65680479037e-08
0.0548	3.0381683011e-14	1.62868416895e-09	3.56014039936e-14	3.52906008988e-13	3.63764078188e-18	2.67629204467e-08
0.055	3.07155125686e-14	1.6465778198e-09	3.58617407136e-14	3.5548663332e-13	3.6642413284e-18	2.69585041697e-08
0.0552	3.10517783586e-14	1.66460202494e-09	3.61230258178e-14	3.58076658477e-13	3.69093878006e-18	2.71547990632e-08
0.0554	3.1390489235e-14	1.6827572585e-09	3.63852593061e-14	3.60676084456e-13	3.71773313685e-18	2.73518051172e-08
0.0556	3.17316540516e-14	1.7010439946e-09	3.66484411783e-14	3.63284911256e-13	3.74462439877e-18	2.75495223222e-08
0.0558	3.20752816622e-14	1.71946270738e-09	3.69125714344e-14	3.65903138874e-13	3.77161256583e-18	2.77479506684e-08
0.056	3.24213809208e-14	1.73801387095e-09	3.71776500743e-14	3.68530767307e-13	3.79869763801e-18	2.79470901461e-08
0.0562	3.27699606809e-14	1.75669795944e-09	3.74436770976e-14	3.71167796552e-13	3.82587961532e-18	2.81469407457e-08
0.0564	3.31210297965e-14	1.77551544695e-09	3.77106525044e-14	3.73814226607e-13	3.85315849775e-18	2.83475024573e-08
0.0566	3.3474597121e-14	1.7944668076e-09	3.79785762945e-14	3.76470057469e-13	3.88053428531e-18	2.85487752713e-08
0.0568	3.38306715083e-14	1.81355251549e-09	3.82474484677e-14	3.79135289136e-13	3.90800697798e-18	2.8750759178e-08
0.057	3.41892618119e-14	1.83277304472e-09	3.85172690239e-14	3.81809921605e-13	3.93557657577e-18	2.89534541676e-08
0.0572	3.45503768854e-14	1.85212886939e-09	3.8788037963e-14	3.84493954873e-13	3.96324307868e-18	2.91568602305e-08
0.0574	3.49140255824e-14	1.87162046357e-09	3.90597552848e-14	3.87187388939e-13	3.99100648669e-18	2.9360977357e-08
0.0576	3.52802167563e-14	1.89124830138e-09	3.93324209892e-14	3.89890223799e-13	4.01886679982e-18	2.95658055373e-08
0.0578	3.56489592606e-14	1.91101285687e-09	3.9606035076e-14	3.9260245945e-13	4.04682401806e-18	2.97713447617e-08
0.058	3.60202619488e-14	1.93091460414e-09	3.98805975452e-14	3.95324095891e-13	4.0748781414e-18	2.99775950206e-08
0.0582	3.63941336742e-14	1.95095401726e-09	4.01561083965e-14	3.98055133119e-13	4.10302916984e-18	3.01845563041e-08
0.0584	3.67705832902e-14	1.97113157029e-09	4.04325676299e-14	4.0079557113e-13	4.13127710339e-18	3.03922286027e-08
0.0586	3.71496196501e-14	1.9914477373e-09	4.07099752451e-14	4.03545409923e-13	4.15962194203e-18	3.06006119066e-08
0.0588	3.75312516072e-14	2.01190299235e-09	4.09883312421e-14	4.06304649495e-13	4.18806368578e-18	3.08097062061e-08
0.059	3.79154880148e-14	2.03249780949e-09	4.12676356207e-14	4.09073289843e-13	4.21660233461e-18	3.10195114914e-08
0.0592	3.8302337726e-14	2.05323266279e-09	4.15478883808e-14	4.11851330964e-13	4.24523788854e-18	3.12300277529e-08
0.0594	3.86918095941e-14	2.07410802627e-09	4.18290895223e-14	4.14638772857e-13	4.27397034755e-18	3.14412549809e-08
0.0596	3.90839124721e-14	2.095124374e-09	4.21112390449e-14	4.17435615518e-13	4.30279971166e-18	3.16531931656e-08
0.0598	3.94786552132e-14	2.11628217999e-09	4.23943369486e-14	4.20241858945e-13	4.33172598085e-18	3.18658422974e-08
0.06	3.98760466704e-14	2.1375819183e-09	4.26783832333e-14	4.23057503136e-13	4.36074915512e-18	3.20792023665e-08
0.0602	4.02760956967e-14	2.15902406295e-09	4.29633778987e-14	4.25882548087e-13	4.38986923447e-18	3.22932733633e-08
0.0604	4.06788111452e-14	2.18060908795e-09	4.32493209447e-14	4.28716993796e-13	4.4190862189e-18	3.25080552779e-08
0.0606	4.10842018687e-14	2.20233746734e-09	4.35362123713e-14	4.31560840261e-13	4.44840010841e-18	3.27235481008e-08
0.0608	4.14922767202e-14	2.22420967514e-09	4.38240521782e-14	4.34414087479e-13	4.47781090299e-18	3.29397518222e-08
0.061	4.19030445526e-14	2.24622618534e-09	4.41128403654e-14	4.37276735448e-13	4.50731860264e-18	3.31566664324e-08
0.0612	4.23165142187e-14	2.26838747196e-09	4.44025769327e-14	4.40148784164e-13	4.53692320736e-18	3.33742919217e-08
0.0614	4.27326945714e-14	2.29069400901e-09	4.46932618799e-14	4.43030233625e-13	4.56662471715e-18	3.35926282804e-08
0.0616	4.31515944632e-14	2.31314627047e-09	4.49848952069e-14	4.45921083829e-13	4.596423132e-18	3.38116754988e-08
0.0618	4.35732227471e-14	2.33574473035e-09	4.52774769136e-14	4.48821334773e-13	4.62631845191e-18	3.40314335671e-08
0.062	4.39975882757e-14	2.35848986264e-09	4.55710069999e-14	4.51730986455e-13	4.65631067689e-18	3.42519024758e-08
0.0622	4.44246999016e-14	2.38138214131e-09	4.58654854655e-14	4.54650038871e-13	4.68639980692e-18	3.44730822149e-08
0.0624	4.48545664774e-14	2.40442204036e-09	4.61609123104e-14	4.5757849202e-13	4.71658584201e-18	3.46949727749e-08
0.0626	4.52871968558e-14	2.42761003375e-09	4.64572875344e-14	4.60516345899e-13	4.74686878215e-18	3.49175741461e-08
0.0628	4.57225998893e-14	2.45094659547e-09	4.67546111374e-14	4.63463600504e-13	4.77724862734e-18	3.51408863187e-08
0.063	4.61607844304e-14	2.47443219947e-09	4.70528831193e-14	4.66420255834e-13	4.80772537758e-18	3.53649092831e-08
0.0632	4.66017593315e-14	2.49806731972e-09	4.73521034798e-14	4.69386311887e-13	4.83829903287e-18	3.55896430294e-08
0.0634	4.7045533445e-14	2.52185243018e-09	4.76522722189e-14	4.72361768658e-13	4.8689695932e-18	3.58150875481e-08
0.0636	4.74921156235e-14	2.54578800481e-09	4.79533893365e-14	4.75346626146e-13	4.89973705857e-18	3.60412428294e-08
0.0638	4.79415147192e-14	2.56987451755e-09	4.82554548323e-14	4.78340884349e-13	4.93060142898e-18	3.62681088636e-08
0.064	4.83937395844e-14	2.59411244236e-09	4.85584687063e-14	4.81344543263e-13	4.96156270443e-18	3.6495685641e-08
0.0642	4.88487990715e-14	2.61850225316e-09	4.88624309583e-14	4.84357602886e-13	4.99262088491e-18	3.67239731519e-08
0.0644	4.93067020326e-14	2.6430444239e-09	4.91673415882e-14	4.87380063216e-13	5.02377597042e-18	3.69529713866e-08
0.0646	4.976745732e-14	2.66773942852e-09	4.94732005958e-14	4.90411924249e-13	5.05502796097e-18	3.71826803354e-08
0.0648	5.02310737859e-14	2.69258774093e-09	4.9780007981e-14	4.93453185984e-13	5.08637685654e-18	3.74130999886e-08
0.065	5.06975602824e-14	2.71758983507e-09	5.00877637437e-14	4.96503848417e-13	5.11782265714e-18	3.76442303364e-08
0.0652	5.11669256616e-14	2.74274618486e-09	5.03964678836e-14	4.99563911547e-13	5.14936536277e-18	3.78760713692e-08
0.0654	5.16391787755e-14	2.76805726419e-09	5.07061204008e-14	5.0263337537e-13	5.18100497341e-18	3.81086230773e-08
0.0656	5.21143284762e-14	2.793523547e-09	5.1016721295e-14	5.05712239884e-13	5.21274148908e-18	3.83418854509e-08
0.0658	5.25923836156e-14	2.81914550718e-09	5.13282705661e-14	5.08800505086e-13	5.24457490976e-18	3.85758584803e-08
0.066	5.30733530458e-14	2.84492361864e-09	5.1640768214e-14	5.11898170975e-13	5.27650523545e-18	3.8810542156e-08
0.0662	5.35572456185e-14	2.87085835528e-09	5.19542142385e-14	5.15005237546e-13	5.30853246616e-18	3.9045936468e-08
0.0664	5.40440701858e-14	2.89695019098e-09	5.22686086395e-14	5.18121704798e-13	5.34065660187e-18	3.92820414068e-08
0.0666	5.45338355994e-14	2.92319959963e-09	5.25839514168e-14	5.21247572728e-13	5.3728776426e-18	3.95188569626e-08
0.0668	5.50265507111e-14	2.94960705513e-09	5.29002425703e-14	5.24382841333e-13	5.40519558832e-18	3.97563831258e-08
0.067	5.55222243727e-14	2.97617303134e-09	5.32174820999e-14	5.27527510611e-13	5.43761043906e-18	3.99946198865e-08
0.0672	5.6020865436e-14	3.00289800215e-09	5.35356700055e-14	5.3068158056e-13	5.47012219479e-18	4.02335672352e-08
0.0674	5.65224827525e-14	3.02978244142e-09	5.38548062868e-14	5.33845051176e-13	5.50273085552e-18	4.04732251621e-08
0.0676	5.70270851741e-14	3.05682682303e-09	5.41748909438e-14	5.37017922457e-13	5.53543642125e-18	4.07135936575e-08
0.0678	5.75346815522e-14	3.08403162083e-09	5.44959239763e-14	5.40200194401e-13	5.56823889197e-18	4.09546727117e-08
0.068	5.80452807384e-14	3.11139730868e-09	5.48179053842e-14	5.43391867004e-13	5.60113826768e-18	4.1196462315e-08
0.0682	5.85588915844e-14	3.13892436044e-09	5.51408351673e-14	5.46592940265e-13	5.63413454838e-18	4.14389624577e-08
0.0684	5.90755229416e-14	3.16661324995e-09	5.54647133256e-14	5.49803414181e-13	5.66722773407e-18	4.16821731301e-08
0.0686	5.95951836614e-14	3.19446445107e-09	5.57895398587e-14	5.53023288749e-13	5.70041782474e-18	4.19260943225e-08
0.0688	6.01178825954e-14	3.22247843762e-09	5.61153147668e-14	5.56252563966e-13	5.7337048204e-18	4.21707260251e-08
0.069	6.06436285948e-14	3.25065568344e-09	5.64420380494e-14	5.59491239831e-13	5.76708872103e-18	4.24160682284e-08
0.0692	6.11724305111e-14	3.27899666238e-09	5.67697097067e-14	5.62739316339e-13	5.80056952664e-18	4.26621209225e-08
0.0694	6.17042971956e-14	3.30750184824e-09	5.70983297383e-14	5.6599679349e-13	5.83414723723e-18	4.29088840978e-08
0.0696	6.22392374995e-14	3.33617171486e-09	5.74278981442e-14	5.6926367128e-13	5.8678218528e-18	4.31563577445e-08
0.0698	6.27772602741e-14	3.36500673606e-09	5.77584149243e-14	5.72539949706e-13	5.90159337333e-18	4.3404541853e-08
0.07	6.33183743707e-14	3.39400738564e-09	5.80898800783e-14	5.75825628767e-13	5.93546179883e-18	4.36534364136e-08
0.0702	6.38625886403e-14	3.42317413743e-09	5.84222936062e-14	5.79120708459e-13	5.9694271293e-18	4.39030414165e-08
0.0704	6.44099119341e-14	3.45250746521e-09	5.87556555078e-14	5.8242518878e-13	6.00348936473e-18	4.41533568521e-08
0.0706	6.49603531033e-14	3.4820078428e-09	5.9089965783e-14	5.85739069727e-13	6.03764850512e-18	4.44043827106e-08
0.0708	6.55139209988e-14	3.51167574398e-09	5.94252244316e-14	5.89062351298e-13	6.07190455048e-18	4.46561189824e-08
0.071	6.60706244717e-14	3.54151164256e-09	5.97614314535e-14	5.9239503349e-13	6.10625750079e-18	4.49085656577e-08
0.0712	6.6630472373e-14	3.57151601231e-09	6.00985868486e-14	5.95737116301e-13	6.14070735606e-18	4.51617227269e-08
0.0714	6.71934735536e-14	3.60168932703e-09	6.04366906167e-14	5.99088599727e-13	6.17525411627e-18	4.54155901802e-08
0.0716	6.77596368644e-14	3.63203206048e-09	6.07757427577e-14	6.02449483767e-13	6.20989778144e-18	4.56701680079e-08
0.0718	6.83289711564e-14	3.66254468645e-09	6.11157432714e-14	6.05819768418e-13	6.24463835156e-18	4.59254562004e-08
0.072	6.89014852803e-14	3.6932276787e-09	6.14566921577e-14	6.09199453677e-13	6.27947582662e-18	4.61814547479e-08
0.0722	6.9477188087e-14	3.724081511e-09	6.17985894165e-14	6.12588539541e-13	6.31441020663e-18	4.64381636408e-08
0.0724	7.00560884271e-14	3.75510665712e-09	6.21414350476e-14	6.15987026009e-13	6.34944149158e-18	4.66955828692e-08
0.0726	7.06381951516e-14	3.78630359079e-09	6.24852290509e-14	6.19394913077e-13	6.38456968147e-18	4.69537124236e-08
0.0728	7.12235171109e-14	3.81767278579e-09	6.28299714263e-14	6.22812200743e-13	6.41979477629e-18	4.72125522942e-08
0.073	7.18120631559e-14	3.84921471585e-09	6.31756621735e-14	6.26238889004e-13	6.45511677605e-18	4.74721024713e-08
0.0732	7.2403842137e-14	3.88092985473e-09	6.35223012926e-14	6.29674977858e-13	6.49053568074e-18	4.77323629453e-08
0.0734	7.29988629049e-14	3.91281867615e-09	6.38698887832e-14	6.33120467302e-13	6.52605149036e-18	4.79933337063e-08
0.0736	7.35971343102e-14	3.94488165385e-09	6.42184246454e-14	6.36575357333e-13	6.56166420491e-18	4.82550147448e-08
0.0738	7.41986652033e-14	3.97711926157e-09	6.45679088789e-14	6.40039647949e-13	6.59737382438e-18	4.8517406051e-08
0.074	7.48034644346e-14	4.00953197303e-09	6.49183414837e-14	6.43513339148e-13	6.63318034878e-18	4.87805076152e-08
0.0742	7.54115408547e-14	4.04212026195e-09	6.52697224595e-14	6.46996430927e-13	6.6690837781e-18	4.90443194276e-08
0.0744	7.60229033139e-14	4.07488460204e-09	6.56220518062e-14	6.50488923282e-13	6.70508411233e-18	4.93088414788e-08
0.0746	7.66375606626e-14	4.10782546703e-09	6.59753295238e-14	6.53990816213e-13	6.74118135148e-18	4.95740737588e-08
0.0748	7.7255521751e-14	4.14094333061e-09	6.6329555612e-14	6.57502109715e-13	6.77737549555e-18	4.9840016258e-08
0.075	7.78767954296e-14	4.1742386665e-09	6.66847300708e-14	6.61022803787e-13	6.81366654453e-18	5.01066689667e-08
0.0752	7.85013905484e-14	4.20771194839e-09	6.70408528999e-14	6.64552898425e-13	6.85005449841e-18	5.03740318752e-08
0.0754	7.91293159578e-14	4.24136364997e-09	6.73979240993e-14	6.68092393628e-13	6.88653935721e-18	5.06421049738e-08
0.0756	7.97605805078e-14	4.27519424494e-09	6.77559436688e-14	6.71641289392e-13	6.92312112091e-18	5.09108882529e-08
0.0758	8.03951930487e-14	4.30920420699e-09	6.81149116083e-14	6.75199585716e-13	6.95979978951e-18	5.11803817026e-08
0.076	8.10331624306e-14	4.34339400979e-09	6.84748279176e-14	6.78767282596e-13	6.99657536301e-18	5.14505853133e-08
0.0762	8.16744975034e-14	4.37776412702e-09	6.88356925965e-14	6.8234438003e-13	7.03344784141e-18	5.17214990753e-08
0.0764	8.23192071172e-14	4.41231503236e-09	6.91975056451e-14	6.85930878015e-13	7.07041722471e-18	5.19931229789e-08
0.0766	8.2967300122e-14	4.44704719947e-09	6.9560267063e-14	6.89526776549e-13	7.1074835129e-18	5.22654570144e-08
0.0768	8.36187853678e-14	4.48196110202e-09	6.99239768503e-14	6.93132075629e-13	7.14464670598e-18	5.25385011721e-08
0.077	8.42736717044e-14	4.51705721367e-09	7.02886350067e-14	6.96746775253e-13	7.18190680395e-18	5.28122554423e-08
0.0772	8.49319679817e-14	4.55233600807e-09	7.0654241532e-14	7.00370875418e-13	7.2192638068e-18	5.30867198153e-08
0.0774	8.55936830496e-14	4.58779795888e-09	7.10207964263e-14	7.04004376121e-13	7.25671771454e-18	5.33618942814e-08
0.0776	8.62588257579e-14	4.62344353974e-09	7.13882996892e-14	7.0764727736e-13	7.29426852716e-18	5.36377788309e-08
0.0778	8.69274049563e-14	4.65927322429e-09	7.17567513208e-14	7.11299579132e-13	7.33191624466e-18	5.39143734541e-08
0.078	8.75994294946e-14	4.69528748617e-09	7.21261513207e-14	7.14961281435e-13	7.36966086704e-18	5.41916781413e-08
0.0782	8.82749082224e-14	4.73148679901e-09	7.2496499689e-14	7.18632384266e-13	7.4075023943e-18	5.44696928827e-08
0.0784	8.89538499894e-14	4.76787163645e-09	7.28677964255e-14	7.22312887622e-13	7.44544082642e-18	5.47484176688e-08
0.0786	8.96362636453e-14	4.8044424721e-09	7.324004153e-14	7.26002791501e-13	7.48347616342e-18	5.50278524898e-08
0.0788	9.03221580395e-14	4.8411997796e-09	7.36132350024e-14	7.29702095901e-13	7.52160840529e-18	5.53079973359e-08
0.079	9.10115420216e-14	4.87814403255e-09	7.39873768425e-14	7.33410800818e-13	7.55983755202e-18	5.55888521976e-08
0.0792	9.17044244412e-14	4.91527570456e-09	7.43624670502e-14	7.3712890625e-13	7.59816360362e-18	5.5870417065e-08
0.0794	9.24008141477e-14	4.95259526924e-09	7.47385056254e-14	7.40856412195e-13	7.63658656007e-18	5.61526919286e-08
0.0796	9.31007199906e-14	4.9901032002e-09	7.5115492568e-14	7.4459331865e-13	7.67510642139e-18	5.64356767785e-08
0.0798	9.38041508191e-14	5.02779997104e-09	7.54934278778e-14	7.48339625612e-13	7.71372318756e-18	5.67193716052e-08
0.08	9.45111154828e-14	5.06568605534e-09	7.58723115546e-14	7.52095333079e-13	7.75243685859e-18	5.70037763988e-08
0.0802	9.52216228308e-14	5.10376192669e-09	7.62521435983e-14	7.55860441049e-13	7.79124743447e-18	5.72888911498e-08
0.0804	9.59356817126e-14	5.14202805869e-09	7.66329240088e-14	7.59634949517e-13	7.8301549152e-18	5.75747158484e-08
0.0806	9.66533009772e-14	5.18048492491e-09	7.70146527859e-14	7.63418858483e-13	7.86915930078e-18	5.78612504848e-08
0.0808	9.7374489474e-14	5.21913299893e-09	7.73973299296e-14	7.67212167944e-13	7.9082605912e-18	5.81484950495e-08
0.081	9.80992560522e-14	5.25797275431e-09	7.77809554396e-14	7.71014877896e-13	7.94745878647e-18	5.84364495327e-08
0.0812	9.88276095607e-14	5.29700466464e-09	7.81655293159e-14	7.74826988337e-13	7.98675388658e-18	5.87251139246e-08
0.0814	9.95595588488e-14	5.33622920346e-09	7.85510515582e-14	7.78648499265e-13	8.02614589152e-18	5.90144882157e-08
0.0816	1.00295112766e-13	5.37564684434e-09	7.89375221665e-14	7.82479410677e-13	8.06563480131e-18	5.93045723962e-08
0.0818	1.0103428016e-13	5.41525806084e-09	7.93249411406e-14	7.86319722571e-13	8.10522061592e-18	5.95953664565e-08
0.082	1.01777069881e-13	5.4550633265e-09	7.97133084804e-14	7.90169434944e-13	8.14490333537e-18	5.98868703867e-08
0.0822	1.02523490777e-13	5.49506311486e-09	8.01026241857e-14	7.94028547793e-13	8.18468295965e-18	6.01790841773e-08
0.0824	1.03273551698e-13	5.53525789948e-09	8.04928882564e-14	7.97897061116e-13	8.22455948876e-18	6.04720078184e-08
0.0826	1.04027261492e-13	5.57564815388e-09	8.08841006923e-14	8.0177497491e-13	8.26453292269e-18	6.07656413005e-08
0.0828	1.04784629009e-13	5.6162343516e-09	8.12762614934e-14	8.05662289172e-13	8.30460326144e-18	6.10599846138e-08
0.083	1.05545663096e-13	5.65701696617e-09	8.16693706594e-14	8.09559003901e-13	8.34477050501e-18	6.13550377487e-08
0.0832	1.06310372604e-13	5.6979964711e-09	8.20634281903e-14	8.13465119093e-13	8.38503465341e-18	6.16508006954e-08
0.0834	1.07078766379e-13	5.73917333993e-09	8.24584340859e-14	8.17380634746e-13	8.42539570661e-18	6.19472734442e-08
0.0836	1.07850853272e-13	5.78054804615e-09	8.2854388346e-14	8.21305550857e-13	8.46585366464e-18	6.22444559854e-08
0.0838	1.08626642131e-13	5.82212106329e-09	8.32512909706e-14	8.25239867423e-13	8.50640852747e-18	6.25423483094e-08
0.084	1.09406141804e-13	5.86389286485e-09	8.36491419595e-14	8.29183584443e-13	8.54706029511e-18	6.28409504064e-08
0.0842	1.1018936114e-13	5.90586392433e-09	8.40479413125e-14	8.33136701913e-13	8.58780896756e-18	6.31402622667e-08
0.0844	1.10976308987e-13	5.94803471522e-09	8.44476890295e-14	8.37099219832e-13	8.62865454481e-18	6.34402838807e-08
0.0846	1.11766994195e-13	5.99040571103e-09	8.48483851104e-14	8.41071138195e-13	8.66959702687e-18	6.37410152387e-08
0.0848	1.12561425611e-13	6.03297738523e-09	8.5250029555e-14	8.45052457001e-13	8.71063641372e-18	6.40424563309e-08
0.085	1.13359612084e-13	6.07575021132e-09	8.56526223632e-14	8.49043176248e-13	8.75177270537e-18	6.43446071476e-08
0.0852	1.14161562463e-13	6.11872466277e-09	8.60561635349e-14	8.53043295932e-13	8.79300590182e-18	6.46474676792e-08
0.0854	1.14967285595e-13	6.16190121305e-09	8.64606530699e-14	8.57052816051e-13	8.83433600306e-18	6.4951037916e-08
0.0856	1.15776790329e-13	6.20528033565e-09	8.6866090968e-14	8.61071736602e-13	8.87576300909e-18	6.52553178482e-08
0.0858	1.16590085514e-13	6.24886250401e-09	8.72724772292e-14	8.65100057583e-13	8.91728691991e-18	6.55603074662e-08
0.086	1.17407179997e-13	6.29264819161e-09	8.76798118533e-14	8.69137778992e-13	8.95890773552e-18	6.58660067603e-08
0.0862	1.18228082626e-13	6.3366378719e-09	8.80880948401e-14	8.73184900825e-13	9.00062545591e-18	6.61724157208e-08
0.0864	1.19052802251e-13	6.38083201834e-09	8.84973261896e-14	8.7724142308e-13	9.04244008108e-18	6.64795343379e-08
0.0866	1.19881347719e-13	6.42523110438e-09	8.89075059016e-14	8.81307345754e-13	9.08435161103e-18	6.6787362602e-08
0.0868	1.20713727878e-13	6.46983560345e-09	8.93186339759e-14	8.85382668846e-13	9.12636004576e-18	6.70959005034e-08
0.087	1.21549951576e-13	6.514645989e-09	8.97307104124e-14	8.89467392351e-13	9.16846538526e-18	6.74051480324e-08
0.0872	1.22390027661e-13	6.55966273446e-09	9.01437352109e-14	8.93561516269e-13	9.21066762954e-18	6.77151051793e-08
0.0874	1.23233964982e-13	6.60488631327e-09	9.05577083714e-14	8.97665040595e-13	9.25296677858e-18	6.80257719343e-08
0.0876	1.24081772386e-13	6.65031719886e-09	9.09726298937e-14	9.01777965329e-13	9.29536283239e-18	6.83371482879e-08
0.0878	1.2493345872e-13	6.69595586463e-09	9.13884997777e-14	9.05900290466e-13	9.33785579097e-18	6.86492342303e-08
0.088	1.25789032834e-13	6.74180278402e-09	9.18053180231e-14	9.10032016004e-13	9.38044565432e-18	6.89620297518e-08
0.0882	1.26648503575e-13	6.78785843043e-09	9.22230846299e-14	9.14173141941e-13	9.42313242242e-18	6.92755348427e-08
0.0884	1.2751187979e-13	6.83412327728e-09	9.2641799598e-14	9.18323668275e-13	9.46591609528e-18	6.95897494934e-08
0.0886	1.28379170327e-13	6.88059779796e-09	9.30614629272e-14	9.22483595002e-13	9.5087966729e-18	6.9904673694e-08
0.0888	1.29250384035e-13	6.92728246589e-09	9.34820746173e-14	9.2665292212e-13	9.55177415527e-18	7.0220307435e-08
0.089	1.3012552976e-13	6.97417775445e-09	9.39036346682e-14	9.30831649626e-13	9.5948485424e-18	7.05366507067e-08
0.0892	1.31004616351e-13	7.02128413703e-09	9.43261430798e-14	9.35019777519e-13	9.63801983427e-18	7.08537034992e-08
0.0894	1.31887652655e-13	7.06860208704e-09	9.4749599852e-14	9.39217305794e-13	9.6812880309e-18	7.11714658031e-08
0.0896	1.32774647519e-13	7.11613207783e-09	9.51740049845e-14	9.43424234451e-13	9.72465313226e-18	7.14899376084e-08
0.0898	1.33665609792e-13	7.1638745828e-09	9.55993584774e-14	9.47640563485e-13	9.76811513837e-18	7.18091189057e-08
0.09	1.3456054832e-13	7.21183007532e-09	9.60256603303e-14	9.51866292895e-13	9.81167404922e-18	7.21290096851e-08
0.0902	1.35459471951e-13	7.25999902876e-09	9.64529105432e-14	9.56101422678e-13	9.85532986481e-18	7.24496099369e-08
0.0904	1.36362389533e-13	7.30838191648e-09	9.6881109116e-14	9.60345952831e-13	9.89908258514e-18	7.27709196516e-08
0.0906	1.37269309913e-13	7.35697921185e-09	9.73102560485e-14	9.64599883352e-13	9.9429322102e-18	7.30929388193e-08
0.0908	1.38180241938e-13	7.40579138821e-09	9.77403513406e-14	9.68863214238e-13	9.98687873999e-18	7.34156674304e-08
0.091	1.39095194456e-13	7.45481891893e-09	9.81713949921e-14	9.73135945487e-13	1.00309221745e-17	7.37391054752e-08
0.0912	1.40014176314e-13	7.50406227735e-09	9.86033870029e-14	9.77418077096e-13	1.00750625138e-17	7.4063252944e-08
0.0914	1.40937196359e-13	7.55352193681e-09	9.90363273728e-14	9.81709609062e-13	1.01192997577e-17	7.4388109827e-08
0.0916	1.41864263438e-13	7.60319837065e-09	9.94702161018e-14	9.86010541383e-13	1.01636339064e-17	7.47136761147e-08
0.0918	1.42795386399e-13	7.6530920522e-09	9.99050531896e-14	9.90320874056e-13	1.02080649598e-17	7.50399517973e-08
0.092	1.43730574088e-13	7.70320345481e-09	1.00340838636e-13	9.94640607079e-13	1.0252592918e-17	7.53669368652e-08
0.0922	1.44669835353e-13	7.75353305178e-09	1.00777572441e-13	9.98969740449e-13	1.02972177808e-17	7.56946313085e-08
0.0924	1.45613179041e-13	7.80408131644e-09	1.01215254605e-13	1.00330827416e-12	1.03419395484e-17	7.60230351177e-08
0.0926	1.46560613999e-13	7.85484872212e-09	1.01653885127e-13	1.00765620822e-12	1.03867582206e-17	7.63521482831e-08
0.0928	1.47512149074e-13	7.90583574211e-09	1.02093464007e-13	1.01201354262e-12	1.04316737976e-17	7.66819707948e-08
0.093	1.48467793112e-13	7.95704284974e-09	1.02533991245e-13	1.01638027735e-12	1.04766862793e-17	7.70125026434e-08
0.0932	1.49427554961e-13	8.00847051829e-09	1.02975466841e-13	1.02075641241e-12	1.05217956657e-17	7.7343743819e-08
0.0934	1.50391443468e-13	8.06011922108e-09	1.03417890795e-13	1.02514194781e-12	1.05670019568e-17	7.76756943119e-08
0.0936	1.51359467479e-13	8.1119894314e-09	1.03861263107e-13	1.02953688354e-12	1.06123051526e-17	7.80083541126e-08
0.0938	1.52331635841e-13	8.16408162253e-09	1.04305583776e-13	1.03394121959e-12	1.06577052531e-17	7.83417232112e-08
0.094	1.53307957402e-13	8.21639626776e-09	1.04750852802e-13	1.03835495597e-12	1.07032022582e-17	7.86758015981e-08
0.0942	1.54288441007e-13	8.26893384038e-09	1.05197070186e-13	1.04277809267e-12	1.07487961681e-17	7.90105892636e-08
0.0944	1.55273095503e-13	8.32169481366e-09	1.05644235926e-13	1.04721062969e-12	1.07944869827e-17	7.9346086198e-08
0.0946	1.56261929737e-13	8.37467966088e-09	1.06092350024e-13	1.05165256702e-12	1.08402747019e-17	7.96822923916e-08
0.0948	1.57254952556e-13	8.4278888553e-09	1.06541412478e-13	1.05610390467e-12	1.08861593259e-17	8.00192078347e-08
0.095	1.58252172807e-13	8.48132287018e-09	1.06991423289e-13	1.06056464262e-12	1.09321408545e-17	8.03568325177e-08
0.0952	1.59253599335e-13	8.53498217879e-09	1.07442382457e-13	1.06503478089e-12	1.09782192878e-17	8.06951664308e-08
0.0954	1.60259240987e-13	8.58886725438e-09	1.07894289981e-13	1.06951431946e-12	1.10243946258e-17	8.10342095643e-08
0.0956	1.6126910661e-13	8.64297857021e-09	1.08347145861e-13	1.07400325834e-12	1.10706668684e-17	8.13739619086e-08
0.0958	1.6228320505e-13	8.69731659951e-09	1.08800950097e-13	1.07850159751e-12	1.11170360158e-17	8.17144234539e-08
0.096	1.63301545154e-13	8.75188181553e-09	1.0925570269e-13	1.08300933699e-12	1.11635020678e-17	8.20555941906e-08
0.0962	1.64324135768e-13	8.80667469151e-09	1.09711403638e-13	1.08752647675e-12	1.12100650245e-17	8.2397474109e-08
0.0964	1.65350985738e-13	8.86169570068e-09	1.10168052941e-13	1.09205301682e-12	1.12567248858e-17	8.27400631994e-08
0.0966	1.6638210391e-13	8.91694531627e-09	1.10625650601e-13	1.09658895717e-12	1.13034816518e-17	8.3083361452e-08
0.0968	1.67417499131e-13	8.97242401151e-09	1.11084196615e-13	1.10113429781e-12	1.13503353225e-17	8.34273688573e-08
0.097	1.68457180248e-13	9.02813225961e-09	1.11543690985e-13	1.10568903873e-12	1.13972858978e-17	8.37720854054e-08
0.0972	1.69501156105e-13	9.08407053378e-09	1.12004133711e-13	1.11025317994e-12	1.14443333778e-17	8.41175110868e-08
0.0974	1.7054943555e-13	9.14023930725e-09	1.12465524791e-13	1.11482672142e-12	1.14914777625e-17	8.44636458917e-08
0.0976	1.71602027428e-13	9.19663905322e-09	1.12927864226e-13	1.11940966319e-12	1.15387190518e-17	8.48104898104e-08
0.0978	1.72658940585e-13	9.25327024489e-09	1.13391152015e-13	1.12400200523e-12	1.15860572457e-17	8.51580428332e-08
0.098	1.73720183868e-13	9.31013335546e-09	1.1385538816e-13	1.12860374754e-12	1.16334923443e-17	8.55063049506e-08
0.0982	1.74785766122e-13	9.36722885811e-09	1.14320572658e-13	1.13321489012e-12	1.16810243476e-17	8.58552761526e-08
0.0984	1.75855696194e-13	9.42455722605e-09	1.14786705511e-13	1.13783543296e-12	1.17286532555e-17	8.62049564298e-08
0.0986	1.76929982929e-13	9.48211893246e-09	1.15253786719e-13	1.14246537607e-12	1.1776379068e-17	8.65553457723e-08
0.0988	1.78008635173e-13	9.53991445051e-09	1.1572181628e-13	1.14710471945e-12	1.18242017852e-17	8.69064441705e-08
0.099	1.79091661773e-13	9.59794425338e-09	1.16190794195e-13	1.15175346308e-12	1.1872121407e-17	8.72582516147e-08
0.0992	1.80179071573e-13	9.65620881425e-09	1.16660720464e-13	1.15641160697e-12	1.19201379334e-17	8.76107680952e-08
0.0994	1.81270873419e-13	9.71470860628e-09	1.17131595086e-13	1.16107915111e-12	1.19682513645e-17	8.79639936023e-08
0.0996	1.82367076158e-13	9.77344410263e-09	1.17603418062e-13	1.16575609551e-12	1.20164617002e-17	8.83179281263e-08
0.0998	1.83467688635e-13	9.83241577647e-09	1.18076189392e-13	1.17044244015e-12	1.20647689406e-17	8.86725716576e-08
0.1	1.84572719696e-13	9.89162410094e-09	1.18549909074e-13	1.17513818504e-12	1.21131730855e-17	8.90279241864e-08
