0	0.0	0.0	0.0	0.0	0.0	0.0
0.0002	2.11050354771e-22	1.13178015291e-17	6.7744452557e-20	6.71538253018e-19	6.92184029746e-24	5.09886199356e-14
0.0004	1.68840107252e-21	9.05422022794e-17	2.70977797022e-19	2.68615276582e-18	2.76873609726e-23	2.03953552679e-13
0.0006	5.69834766069e-21	3.05579224103e-16	6.09700013588e-19	6.04384316904e-18	6.22965616994e-23	4.58893407643e-13
0.0008	1.35071803298e-20	7.24334258996e-16	1.08391108245e-18	1.07446090933e-17	1.10749442152e-22	8.15806794256e-13
0.001	2.63811839935e-20	1.41471206911e-15	1.69361098379e-18	1.67884501692e-17	1.73046002005e-22	1.27469232196e-12
0.0012	4.55866382684e-20	2.44461678673e-15	2.4387996978e-18	2.41753660275e-17	2.49186240931e-22	1.83554860019e-12
0.0014	7.23898174744e-20	3.88195191433e-15	3.31947720469e-18	3.29053562987e-17	3.39170158606e-22	2.49837423844e-12
0.0016	1.08056990634e-19	5.79462032452e-15	4.33564348463e-18	4.29784206134e-17	4.42997754702e-22	3.26316784616e-12
0.0018	1.53854421475e-19	8.25052426007e-15	5.48729851782e-18	5.43945586023e-17	5.60669028895e-22	4.12992803285e-12
0.002	2.11048368424e-19	1.13175653339e-14	6.77444228445e-18	6.7153769896e-17	6.92183980858e-22	5.09865340802e-12
0.0022	2.80905084615e-19	1.50636445292e-14	8.19707476472e-18	8.12560541252e-17	8.37542610266e-22	6.16934258117e-12
0.0024	3.64690817884e-19	1.95566621993e-14	9.75519593881e-18	9.67014109205e-17	9.96744916791e-22	7.34199416184e-12
0.0026	4.63671810769e-19	2.48645180675e-14	1.14488057869e-17	1.13489839912e-16	1.16979090011e-21	8.61660675957e-12
0.0028	5.79114300512e-19	3.10551112276e-14	1.32779042892e-17	1.31621340732e-16	1.35668055989e-21	9.9931789839e-12
0.003	7.12284519058e-19	3.81963401434e-14	1.5242491426e-17	1.51095913009e-16	1.55741389582e-21	1.14717094444e-11
0.0032	8.64448693056e-19	4.63561026489e-14	1.73425671773e-17	1.71913556375e-16	1.77199090756e-21	1.30521967507e-11
0.0034	1.03687304386e-18	5.56022959483e-14	1.95781315234e-17	1.9407427046e-16	2.00041159479e-21	1.47346395123e-11
0.0036	1.23082378752e-18	6.60028166161e-14	2.19491844444e-17	2.17578054895e-16	2.24267595718e-21	1.65190363388e-11
0.0038	1.4475671348e-18	7.76255605969e-14	2.44557259207e-17	2.4242490931e-16	2.49878399441e-21	1.84053858399e-11
0.004	1.68836929115e-18	9.05384232055e-14	2.70977559323e-17	2.68614833337e-16	2.76873570615e-21	2.03936866253e-11
0.0042	1.95449645675e-18	1.04809299127e-13	2.98752744594e-17	2.96147826605e-16	3.05253109208e-21	2.24839373044e-11
0.0044	2.24721482646e-18	1.20506082416e-13	3.27882814823e-17	3.25023888745e-16	3.35017015186e-21	2.4676136487e-11
0.0046	2.56779058985e-18	1.376966665e-13	3.58367769811e-17	3.55243019389e-16	3.66165288518e-21	2.69702827828e-11
0.0048	2.9174899312e-18	1.56448944172e-13	3.90207609361e-17	3.86805218166e-16	3.9869792917e-21	2.93663748014e-11
0.005	3.29757902949e-18	1.76830807599e-13	4.23402333274e-17	4.19710484708e-16	4.32614937111e-21	3.18644111526e-11
0.0052	3.7093240584e-18	1.98910148318e-13	4.57951941351e-17	4.53958818644e-16	4.67916312307e-21	3.44643904459e-11
0.0054	4.1539911863e-18	2.22754857234e-13	4.93856433396e-17	4.89550219606e-16	5.04602054727e-21	3.71663112913e-11
0.0056	4.6328465763e-18	2.48432824624e-13	5.3111580921e-17	5.26484687224e-16	5.42672164336e-21	3.99701722983e-11
0.0058	5.14715638618e-18	2.76011940136e-13	5.69730068594e-17	5.64762221129e-16	5.82126641103e-21	4.28759720767e-11
0.006	5.69818676844e-18	3.05560092785e-13	6.09699211352e-17	6.04382820951e-16	6.22965484996e-21	4.58837092363e-11
0.0062	6.28720387028e-18	3.3714517096e-13	6.51023237284e-17	6.45346486321e-16	6.65188695981e-21	4.89933823868e-11
0.0064	6.91547383359e-18	3.70835062418e-13	6.93702146192e-17	6.8765321687e-16	7.08796274026e-21	5.22049901381e-11
0.0066	7.58426279499e-18	4.06697654286e-13	7.3773593788e-17	7.31303012229e-16	7.53788219099e-21	5.55185310999e-11
0.0068	8.29483688579e-18	4.44800833063e-13	7.83124612147e-17	7.76295872027e-16	8.00164531166e-21	5.8934003882e-11
0.007	9.04846223199e-18	4.85212484618e-13	8.29868168797e-17	8.22631795895e-16	8.47925210196e-21	6.24514070942e-11
0.0072	9.84640495431e-18	5.28000494188e-13	8.77966607631e-17	8.70310783465e-16	8.97070256155e-21	6.60707393464e-11
0.0074	1.06899311682e-17	5.73232746382e-13	9.27419928452e-17	9.19332834367e-16	9.47599669011e-21	6.97919992484e-11
0.0076	1.15803069837e-17	6.2097712518e-13	9.7822813106e-17	9.69697948231e-16	9.99513448732e-21	7.36151854101e-11
0.0078	1.25187985057e-17	6.71301513932e-13	1.03039121526e-16	1.02140612469e-15	1.05281159528e-20	7.75402964414e-11
0.008	1.35066718338e-17	7.24273795356e-13	1.08390918085e-16	1.07445736337e-15	1.10749410864e-20	8.1567330952e-11
0.0082	1.45451930621e-17	7.79961851543e-13	1.13878202763e-16	1.1288516639e-15	1.16356098875e-20	8.5696287552e-11
0.0084	1.56356282796e-17	8.38433563952e-13	1.19500975541e-16	1.18458902593e-15	1.22101223561e-20	8.99271648512e-11
0.0086	1.67792435699e-17	8.99756813415e-13	1.25259236399e-16	1.24166944906e-15	1.27984784916e-20	9.42599614596e-11
0.0088	1.79773050114e-17	9.63999480133e-13	1.31152985317e-16	1.30009293294e-15	1.34006782938e-20	9.8694675987e-11
0.009	1.92310786771e-17	1.03122944368e-12	1.37182222275e-16	1.3598594772e-15	1.40167217624e-20	1.03231307043e-10
0.0092	2.05418306349e-17	1.10151458298e-12	1.43346947253e-16	1.42096908147e-15	1.46466088971e-20	1.07869853239e-10
0.0094	2.1910826947e-17	1.17492277637e-12	1.49647160232e-16	1.48342174537e-15	1.52903396974e-20	1.12610313183e-10
0.0096	2.33393336708e-17	1.25152190152e-12	1.56082861191e-16	1.54721746855e-15	1.59479141631e-20	1.17452685487e-10
0.0098	2.4828616858e-17	1.33137983548e-12	1.62654050112e-16	1.61235625062e-15	1.66193322939e-20	1.22396968759e-10
0.01	2.63799425552e-17	1.41456445468e-12	1.69360726973e-16	1.67883809122e-15	1.73045940894e-20	1.2744316161e-10
0.0102	2.79945768037e-17	1.5011436349e-12	1.76202891756e-16	1.74666298999e-15	1.80036995494e-20	1.3259126265e-10
0.0104	2.96737856395e-17	1.59118525132e-12	1.8318054444e-16	1.81583094654e-15	1.87166486734e-20	1.37841270489e-10
0.0106	3.14188350933e-17	1.68475717846e-12	1.90293685006e-16	1.88634196052e-15	1.94434414611e-20	1.43193183737e-10
0.0108	3.32309911904e-17	1.78192729024e-12	1.97542313434e-16	1.95819603155e-15	2.01840779123e-20	1.48647001005e-10
0.011	3.51115199509e-17	1.88276345991e-12	2.04926429704e-16	2.03139315926e-15	2.09385580266e-20	1.54202720901e-10
0.0112	3.70616873896e-17	1.98733356013e-12	2.12446033796e-16	2.10593334329e-15	2.17068818037e-20	1.59860342037e-10
0.0114	3.9082759516e-17	2.09570546292e-12	2.20101125691e-16	2.18181658326e-15	2.24890492432e-20	1.65619863022e-10
0.0116	4.11760023342e-17	2.20794703965e-12	2.27891705368e-16	2.2590428788e-15	2.32850603449e-20	1.71481282466e-10
0.0118	4.33426818433e-17	2.32412616109e-12	2.35817772809e-16	2.33761222955e-15	2.40949151083e-20	1.7744459898e-10
0.012	4.55840640368e-17	2.44431069736e-12	2.43879327992e-16	2.41752463514e-15	2.49186135333e-20	1.83509811174e-10
0.0122	4.7901414903e-17	2.56856851796e-12	2.52076370898e-16	2.4987800952e-15	2.57561556193e-20	1.89676917657e-10
0.0124	5.02960004249e-17	2.69696749174e-12	2.60408901508e-16	2.58137860935e-15	2.66075413662e-20	1.95945917041e-10
0.0126	5.27690865803e-17	2.82957548696e-12	2.68876919801e-16	2.66532017723e-15	2.74727707736e-20	2.02316807935e-10
0.0128	5.53219393415e-17	2.96646037122e-12	2.77480425759e-16	2.75060479847e-15	2.83518438412e-20	2.08789588949e-10
0.013	5.79558246757e-17	3.10769001149e-12	2.8621941936e-16	2.8372324727e-15	2.92447605686e-20	2.15364258693e-10
0.0132	6.06720085447e-17	3.25333227412e-12	2.95093900585e-16	2.92520319955e-15	3.01515209555e-20	2.22040815779e-10
0.0134	6.3471756905e-17	3.40345502483e-12	3.04103869415e-16	3.01451697865e-15	3.10721250017e-20	2.28819258815e-10
0.0136	6.6356335708e-17	3.55812612872e-12	3.13249325829e-16	3.10517380963e-15	3.20065727066e-20	2.35699586413e-10
0.0138	6.93270108994e-17	3.71741345024e-12	3.22530269808e-16	3.19717369212e-15	3.29548640702e-20	2.42681797182e-10
0.014	7.238504842e-17	3.88138485321e-12	3.31946701332e-16	3.29051662576e-15	3.39169990919e-20	2.49765889733e-10
0.0142	7.55317142051e-17	4.05010820085e-12	3.41498620382e-16	3.38520261017e-15	3.48929777715e-20	2.56951862676e-10
0.0144	7.87682741848e-17	4.22365135571e-12	3.51186026936e-16	3.48123164498e-15	3.58828001087e-20	2.64239714622e-10
0.0146	8.20959942838e-17	4.40208217975e-12	3.61008920976e-16	3.57860372983e-15	3.68864661032e-20	2.7162944418e-10
0.0148	8.55161404216e-17	4.58546853427e-12	3.70967302482e-16	3.67731886434e-15	3.79039757545e-20	2.7912104996e-10
0.015	8.90299785123e-17	4.77387827995e-12	3.81061171433e-16	3.77737704815e-15	3.89353290625e-20	2.86714530574e-10
0.0152	9.26387744648e-17	4.96737927685e-12	3.91290527811e-16	3.87877828089e-15	3.99805260266e-20	2.94409884632e-10
0.0154	9.63437941827e-17	5.16603938439e-12	4.01655371595e-16	3.98152256218e-15	4.10395666468e-20	3.02207110744e-10
0.0156	1.00146303564e-16	5.36992646136e-12	4.12155702766e-16	4.08560989166e-15	4.21124509225e-20	3.10106207519e-10
0.0158	1.04047568502e-16	5.57910836593e-12	4.22791521303e-16	4.19104026896e-15	4.31991788535e-20	3.1810717357e-10
0.016	1.08048854885e-16	5.79365295562e-12	4.33562827187e-16	4.2978136937e-15	4.42997504395e-20	3.26210007506e-10
0.0162	1.12151428594e-16	6.01362808735e-12	4.44469620398e-16	4.40593016553e-15	4.54141656801e-20	3.34414707937e-10
0.0164	1.16356555507e-16	6.23910161738e-12	4.55511900916e-16	4.51538968407e-15	4.6542424575e-20	3.42721273473e-10
0.0166	1.20665501496e-16	6.47014140137e-12	4.66689668722e-16	4.62619224895e-15	4.76845271239e-20	3.51129702727e-10
0.0168	1.25079532427e-16	6.70681529432e-12	4.78002923796e-16	4.7383378598e-15	4.88404733264e-20	3.59639994306e-10
0.017	1.29599914161e-16	6.94919115063e-12	4.89451666117e-16	4.85182651625e-15	5.00102631823e-20	3.68252146823e-10
0.0172	1.34227912554e-16	7.19733682405e-12	5.01035895666e-16	4.96665821793e-15	5.11938966911e-20	3.76966158888e-10
0.0174	1.38964793457e-16	7.4513201677e-12	5.12755612424e-16	5.08283296448e-15	5.23913738526e-20	3.85782029111e-10
0.0176	1.43811822715e-16	7.71120903409e-12	5.2461081637e-16	5.20035075553e-15	5.36026946665e-20	3.94699756102e-10
0.0178	1.48770266169e-16	7.97707127508e-12	5.36601507484e-16	5.31921159069e-15	5.48278591324e-20	4.03719338473e-10
0.018	1.53841389652e-16	8.24897474191e-12	5.48727685747e-16	5.43941546961e-15	5.606686725e-20	4.12840774833e-10
0.0182	1.59026458995e-16	8.52698728519e-12	5.6098935114e-16	5.56096239192e-15	5.7319719019e-20	4.22064063793e-10
0.0184	1.64326740021e-16	8.8111767549e-12	5.73386503641e-16	5.68385235725e-15	5.8586414439e-20	4.31389203964e-10
0.0186	1.69743498549e-16	9.10161100038e-12	5.85919143232e-16	5.80808536522e-15	5.98669535098e-20	4.40816193956e-10
0.0188	1.75278000393e-16	9.39835787037e-12	5.98587269892e-16	5.93366141547e-15	6.11613362309e-20	4.5034503238e-10
0.019	1.80931511362e-16	9.70148521294e-12	6.11390883602e-16	6.06058050763e-15	6.24695626021e-20	4.59975717847e-10
0.0192	1.86705297257e-16	1.00110608756e-11	6.24329984342e-16	6.18884264133e-15	6.3791632623e-20	4.69708248966e-10
0.0194	1.92600623877e-16	1.03271527051e-11	6.37404572092e-16	6.3184478162e-15	6.51275462934e-20	4.79542624349e-10
0.0196	1.98618757014e-16	1.06498285476e-11	6.50614646833e-16	6.44939603186e-15	6.64773036128e-20	4.89478842606e-10
0.0198	2.04760962456e-16	1.09791562489e-11	6.63960208544e-16	6.58168728796e-15	6.7840904581e-20	4.99516902347e-10
0.02	2.11028505983e-16	1.13152036537e-11	6.77441257205e-16	6.71532158412e-15	6.92183491977e-20	5.09656802185e-10
0.0202	2.17422653373e-16	1.16580386065e-11	6.91057792798e-16	6.85029891998e-15	7.06096374624e-20	5.19898540728e-10
0.0204	2.23944670396e-16	1.20077289508e-11	7.04809815301e-16	6.98661929515e-15	7.2014769375e-20	5.30242116588e-10
0.0206	2.30595822818e-16	1.23643425298e-11	7.18697324696e-16	7.12428270928e-15	7.3433744935e-20	5.40687528376e-10
0.0208	2.37377376401e-16	1.27279471859e-11	7.32720320963e-16	7.263289162e-15	7.48665641421e-20	5.51234774701e-10
0.021	2.44290596899e-16	1.30986107608e-11	7.46878804081e-16	7.40363865293e-15	7.6313226996e-20	5.61883854176e-10
0.0212	2.51336750062e-16	1.34764010958e-11	7.61172774031e-16	7.5453311817e-15	7.77737334964e-20	5.7263476541e-10
0.0214	2.58517101635e-16	1.38613860313e-11	7.75602230793e-16	7.68836674795e-15	7.9248083643e-20	5.83487507014e-10
0.0216	2.65832917358e-16	1.42536334073e-11	7.90167174347e-16	7.83274535131e-15	8.07362774354e-20	5.944420776e-10
0.0218	2.73285462964e-16	1.46532110631e-11	8.04867604673e-16	7.9784669914e-15	8.22383148733e-20	6.05498475777e-10
0.022	2.80876004183e-16	1.50601868373e-11	8.19703521753e-16	8.12553166786e-15	8.37541959564e-20	6.16656700156e-10
0.0222	2.88605806737e-16	1.54746285679e-11	8.34674925565e-16	8.27393938033e-15	8.52839206844e-20	6.27916749349e-10
0.0224	2.96476136345e-16	1.58966040924e-11	8.4978181609e-16	8.42369012842e-15	8.68274890568e-20	6.39278621966e-10
0.0226	3.04488258721e-16	1.63261812474e-11	8.65024193308e-16	8.57478391177e-15	8.83849010735e-20	6.50742316618e-10
0.0228	3.12643439571e-16	1.67634278691e-11	8.804020572e-16	8.72722073001e-15	8.99561567341e-20	6.62307831916e-10
0.023	3.20942944598e-16	1.7208411793e-11	8.95915407745e-16	8.88100058277e-15	9.15412560381e-20	6.7397516647e-10
0.0232	3.29388039499e-16	1.7661200854e-11	9.11564244924e-16	9.03612346969e-15	9.31401989855e-20	6.85744318892e-10
0.0234	3.37979989966e-16	1.81218628863e-11	9.27348568717e-16	9.19258939038e-15	9.47529855757e-20	6.97615287792e-10
0.0236	3.46720061685e-16	1.85904657235e-11	9.43268379104e-16	9.35039834449e-15	9.63796158085e-20	7.09588071781e-10
0.0238	3.55609520338e-16	1.90670771986e-11	9.59323676065e-16	9.50955033165e-15	9.80200896835e-20	7.2166266947e-10
0.024	3.646496316e-16	1.95517651441e-11	9.75514459581e-16	9.67004535147e-15	9.96744072004e-20	7.3383907947e-10
0.0242	3.73841661141e-16	2.00445973915e-11	9.91840729632e-16	9.83188340361e-15	1.01342568359e-19	7.46117300392e-10
0.0244	3.83186874628e-16	2.0545641772e-11	1.0083024862e-15	9.99506448768e-15	1.03024573159e-19	7.58497330846e-10
0.0246	3.9268653772e-16	2.1054966116e-11	1.02489972926e-15	1.01595886033e-14	1.047204216e-19	7.70979169444e-10
0.0248	4.02341916071e-16	2.15726382534e-11	1.04163245879e-15	1.03254557501e-14	1.06430113681e-19	7.83562814797e-10
0.025	4.12154275332e-16	2.20987260135e-11	1.05850067479e-15	1.04926659278e-14	1.08153649403e-19	7.96248265515e-10
0.0252	4.22124881146e-16	2.26332972247e-11	1.07550437721e-15	1.06612191359e-14	1.09891028764e-19	8.0903552021e-10
0.0254	4.32254999152e-16	2.3176419715e-11	1.09264356606e-15	1.08311153741e-14	1.11642251765e-19	8.21924577492e-10
0.0256	4.42545894983e-16	2.37281613117e-11	1.1099182413e-15	1.10023546421e-14	1.13407318406e-19	8.34915435972e-10
0.0258	4.52998834268e-16	2.42885898416e-11	1.12732840291e-15	1.11749369393e-14	1.15186228686e-19	8.48008094263e-10
0.026	4.63615082629e-16	2.48577731307e-11	1.14487405088e-15	1.13488622656e-14	1.16978982604e-19	8.61202550973e-10
0.0262	4.74395905685e-16	2.54357790043e-11	1.16255518519e-15	1.15241306205e-14	1.1878558016e-19	8.74498804715e-10
0.0264	4.85342569048e-16	2.60226752874e-11	1.18037180582e-15	1.17007420036e-14	1.20606021355e-19	8.878968541e-10
0.0266	4.96456338324e-16	2.66185298041e-11	1.19832391274e-15	1.18786964145e-14	1.22440306187e-19	9.01396697739e-10
0.0268	5.07738479115e-16	2.72234103779e-11	1.21641150594e-15	1.2057993853e-14	1.24288434657e-19	9.14998334242e-10
0.027	5.19190257018e-16	2.78373848318e-11	1.2346345854e-15	1.22386343187e-14	1.26150406763e-19	9.28701762221e-10
0.0272	5.30812937624e-16	2.8460520988e-11	1.25299315109e-15	1.2420617811e-14	1.28026222507e-19	9.42506980287e-10
0.0274	5.42607786518e-16	2.90928866681e-11	1.271487203e-15	1.26039443298e-14	1.29915881886e-19	9.5641398705e-10
0.0276	5.54576069282e-16	2.97345496933e-11	1.29011674111e-15	1.27886138746e-14	1.31819384902e-19	9.70422781123e-10
0.0278	5.6671905149e-16	3.03855778839e-11	1.3088817654e-15	1.29746264451e-14	1.33736731554e-19	9.84533361116e-10
0.028	5.79037998713e-16	3.10460390596e-11	1.32778227585e-15	1.31619820408e-14	1.3566792184e-19	9.98745725641e-10
0.0282	5.91534176515e-16	3.17160010397e-11	1.34681827244e-15	1.33506806615e-14	1.37612955762e-19	1.01305987331e-09
0.0284	6.04208850456e-16	3.23955316425e-11	1.36598975514e-15	1.35407223067e-14	1.39571833319e-19	1.02747580273e-09
0.0286	6.17063286089e-16	3.3084698686e-11	1.38529672394e-15	1.37321069761e-14	1.4154455451e-19	1.04199351251e-09
0.0288	6.30098748963e-16	3.37835699875e-11	1.40473917883e-15	1.39248346693e-14	1.43531119335e-19	1.05661300128e-09
0.029	6.43316504622e-16	3.44922133635e-11	1.42431711977e-15	1.4118905386e-14	1.45531527794e-19	1.07133426763e-09
0.0292	6.56717818604e-16	3.52106966301e-11	1.44403054675e-15	1.43143191257e-14	1.47545779887e-19	1.08615731017e-09
0.0294	6.70303956442e-16	3.59390876026e-11	1.46387945975e-15	1.45110758881e-14	1.49573875612e-19	1.10108212753e-09
0.0296	6.84076183664e-16	3.66774540957e-11	1.48386385875e-15	1.47091756729e-14	1.51615814971e-19	1.11610871831e-09
0.0298	6.98035765791e-16	3.74258639235e-11	1.50398374373e-15	1.49086184796e-14	1.53671597962e-19	1.13123708112e-09
0.03	7.12183968341e-16	3.81843848996e-11	1.52423911467e-15	1.51094043079e-14	1.55741224585e-19	1.14646721457e-09
0.0302	7.26522056826e-16	3.89530848367e-11	1.54462997156e-15	1.53115331574e-14	1.57824694839e-19	1.16179911728e-09
0.0304	7.41051296752e-16	3.9732031547e-11	1.56515631436e-15	1.55150050278e-14	1.59922008726e-19	1.17723278786e-09
0.0306	7.5577295362e-16	4.05212928423e-11	1.58581814306e-15	1.57198199187e-14	1.62033166243e-19	1.19276822491e-09
0.0308	7.70688292925e-16	4.13209365333e-11	1.60661545765e-15	1.59259778296e-14	1.64158167391e-19	1.20840542705e-09
0.031	7.85798580159e-16	4.21310304304e-11	1.62754825809e-15	1.61334787604e-14	1.6629701217e-19	1.22414439289e-09
0.0312	8.01105080807e-16	4.29516423434e-11	1.64861654438e-15	1.63423227105e-14	1.68449700579e-19	1.23998512105e-09
0.0314	8.16609060348e-16	4.37828400813e-11	1.66982031649e-15	1.65525096796e-14	1.70616232618e-19	1.25592761012e-09
0.0316	8.32311784258e-16	4.46246914525e-11	1.6911595744e-15	1.67640396674e-14	1.72796608286e-19	1.27197185873e-09
0.0318	8.48214518005e-16	4.54772642649e-11	1.71263431809e-15	1.69769126734e-14	1.74990827584e-19	1.28811786549e-09
0.032	8.64318527054e-16	4.63406263256e-11	1.73424454755e-15	1.71911286973e-14	1.7719889051e-19	1.304365629e-09
0.0322	8.80625076863e-16	4.72148454411e-11	1.75599026274e-15	1.74066877388e-14	1.79420797065e-19	1.32071514788e-09
0.0324	8.97135432887e-16	4.80999894175e-11	1.77787146366e-15	1.76235897974e-14	1.81656547249e-19	1.33716642074e-09
0.0326	9.13850860572e-16	4.89961260599e-11	1.79988815029e-15	1.78418348728e-14	1.8390614106e-19	1.35371944619e-09
0.0328	9.30772625362e-16	4.99033231731e-11	1.82204032259e-15	1.80614229646e-14	1.86169578498e-19	1.37037422284e-09
0.033	9.47901992695e-16	5.0821648561e-11	1.84432798056e-15	1.82823540725e-14	1.88446859564e-19	1.38713074931e-09
0.0332	9.65240228003e-16	5.17511700272e-11	1.86675112417e-15	1.85046281961e-14	1.90737984257e-19	1.40398902421e-09
0.0334	9.82788596712e-16	5.26919553743e-11	1.88930975341e-15	1.8728245335e-14	1.93042952577e-19	1.42094904614e-09
0.0336	1.00054836425e-15	5.36440724045e-11	1.91200386825e-15	1.89532054888e-14	1.95361764523e-19	1.43801081372e-09
0.0338	1.01852079602e-15	5.46075889193e-11	1.93483346867e-15	1.91795086572e-14	1.97694420094e-19	1.45517432556e-09
0.034	1.03670715744e-15	5.55825727197e-11	1.95779855466e-15	1.94071548398e-14	2.00040919292e-19	1.47243958027e-09
0.0342	1.05510871392e-15	5.65690916057e-11	1.98089912619e-15	1.96361440363e-14	2.02401262114e-19	1.48980657646e-09
0.0344	1.07372673086e-15	5.75672133772e-11	2.00413518325e-15	1.98664762462e-14	2.04775448562e-19	1.50727531275e-09
0.0346	1.09256247365e-15	5.85770058331e-11	2.02750672581e-15	2.00981514692e-14	2.07163478634e-19	1.52484578775e-09
0.0348	1.11161720769e-15	5.95985367717e-11	2.05101375386e-15	2.03311697049e-14	2.09565352331e-19	1.54251800006e-09
0.035	1.13089219835e-15	6.06318739909e-11	2.07465626737e-15	2.0565530953e-14	2.11981069651e-19	1.5602919483e-09
0.0352	1.15038871101e-15	6.16770852876e-11	2.09843426633e-15	2.08012352131e-14	2.14410630596e-19	1.57816763109e-09
0.0354	1.17010801106e-15	6.27342384585e-11	2.12234775071e-15	2.10382824849e-14	2.16854035163e-19	1.59614504702e-09
0.0356	1.19005136386e-15	6.38034012993e-11	2.1463967205e-15	2.12766727678e-14	2.19311283354e-19	1.61422419472e-09
0.0358	1.21022003477e-15	6.48846416052e-11	2.17058117567e-15	2.15164060617e-14	2.21782375167e-19	1.6324050728e-09
0.036	1.23061528915e-15	6.5978027171e-11	2.19490111621e-15	2.1757482366e-14	2.24267310603e-19	1.65068767986e-09
0.0362	1.25123839235e-15	6.70836257904e-11	2.21935654209e-15	2.19999016805e-14	2.2676608966e-19	1.66907201453e-09
0.0364	1.27209060973e-15	6.8201505257e-11	2.24394745331e-15	2.22436640048e-14	2.2927871234e-19	1.6875580754e-09
0.0366	1.29317320662e-15	6.93317333633e-11	2.26867384983e-15	2.24887693385e-14	2.31805178641e-19	1.7061458611e-09
0.0368	1.31448744836e-15	7.04743779014e-11	2.29353573163e-15	2.27352176812e-14	2.34345488562e-19	1.72483537023e-09
0.037	1.33603460028e-15	7.16295066629e-11	2.3185330987e-15	2.29830090326e-14	2.36899642105e-19	1.7436266014e-09
0.0372	1.35781592772e-15	7.27971874385e-11	2.34366595103e-15	2.32321433923e-14	2.39467639268e-19	1.76251955324e-09
0.0374	1.37983269598e-15	7.39774880184e-11	2.36893428857e-15	2.34826207599e-14	2.42049480051e-19	1.78151422434e-09
0.0376	1.40208617039e-15	7.51704761921e-11	2.39433811133e-15	2.3734441135e-14	2.44645164454e-19	1.80061061333e-09
0.0378	1.42457761625e-15	7.63762197487e-11	2.41987741927e-15	2.39876045174e-14	2.47254692476e-19	1.81980871881e-09
0.038	1.44730829887e-15	7.75947864763e-11	2.44555221238e-15	2.42421109066e-14	2.49878064117e-19	1.83910853939e-09
0.0382	1.47027948356e-15	7.88262441628e-11	2.47136249064e-15	2.44979603022e-14	2.52515279378e-19	1.85851007369e-09
0.0384	1.4934924356e-15	8.0070660595e-11	2.49730825403e-15	2.47551527039e-14	2.55166338256e-19	1.87801332032e-09
0.0386	1.51694842029e-15	8.13281035595e-11	2.52338950252e-15	2.50136881113e-14	2.57831240753e-19	1.89761827788e-09
0.0388	1.54064870291e-15	8.25986408421e-11	2.54960623611e-15	2.5273566524e-14	2.60509986867e-19	1.917324945e-09
0.039	1.56459454873e-15	8.38823402278e-11	2.57595845476e-15	2.55347879418e-14	2.63202576599e-19	1.93713332029e-09
0.0392	1.58878722304e-15	8.51792695012e-11	2.60244615846e-15	2.57973523641e-14	2.65909009949e-19	1.95704340235e-09
0.0394	1.6132279911e-15	8.64894964462e-11	2.6290693472e-15	2.60612597907e-14	2.68629286915e-19	1.97705518979e-09
0.0396	1.63791811817e-15	8.78130888461e-11	2.65582802094e-15	2.63265102211e-14	2.71363407497e-19	1.99716868124e-09
0.0398	1.66285886951e-15	8.91501144835e-11	2.68272217967e-15	2.6593103655e-14	2.74111371696e-19	2.0173838753e-09
0.04	1.68805151037e-15	9.05006411405e-11	2.70975182337e-15	2.68610400921e-14	2.7687317951e-19	2.03770077058e-09
0.0402	1.713497306e-15	9.18647365983e-11	2.73691695202e-15	2.71303195319e-14	2.7964883094e-19	2.05811936569e-09
0.0404	1.73919752165e-15	9.32424686378e-11	2.7642175656e-15	2.74009419741e-14	2.82438325985e-19	2.07863965926e-09
0.0406	1.76515342254e-15	9.46339050391e-11	2.7916536641e-15	2.76729074183e-14	2.85241664645e-19	2.09926164988e-09
0.0408	1.7913662739e-15	9.60391135817e-11	2.81922524748e-15	2.79462158641e-14	2.8805884692e-19	2.11998533617e-09
0.041	1.81783734098e-15	9.74581620444e-11	2.84693231573e-15	2.82208673113e-14	2.90889872809e-19	2.14081071675e-09
0.0412	1.84456788898e-15	9.88911182055e-11	2.87477486884e-15	2.84968617593e-14	2.93734742312e-19	2.16173779022e-09
0.0414	1.87155918312e-15	1.00338049843e-10	2.90275290677e-15	2.87741992079e-14	2.96593455428e-19	2.18276655519e-09
0.0416	1.8988124886e-15	1.01799024733e-10	2.93086642952e-15	2.90528796566e-14	2.99466012157e-19	2.20389701029e-09
0.0418	1.92632907065e-15	1.03274110652e-10	2.95911543706e-15	2.93329031052e-14	3.023524125e-19	2.22512915412e-09
0.042	1.95411019445e-15	1.04763375376e-10	2.98749992937e-15	2.96142695532e-14	3.05252656455e-19	2.24646298529e-09
0.0422	1.98215712519e-15	1.06266886681e-10	3.01601990643e-15	2.98969790002e-14	3.08166744022e-19	2.26789850241e-09
0.0424	2.01047112808e-15	1.0778471234e-10	3.04467536823e-15	3.0181031446e-14	3.11094675201e-19	2.2894357041e-09
0.0426	2.03905346828e-15	1.09316920128e-10	3.07346631473e-15	3.04664268901e-14	3.14036449992e-19	2.31107458898e-09
0.0428	2.06790541098e-15	1.10863577817e-10	3.10239274593e-15	3.07531653321e-14	3.16992068394e-19	2.33281515564e-09
0.043	2.09702822135e-15	1.1242475318e-10	3.13145466181e-15	3.10412467717e-14	3.19961530407e-19	2.3546574027e-09
0.0432	2.12642316457e-15	1.1400051399e-10	3.16065206233e-15	3.13306712085e-14	3.22944836031e-19	2.37660132878e-09
0.0434	2.15609150578e-15	1.15590928017e-10	3.18998494749e-15	3.16214386422e-14	3.25941985265e-19	2.39864693249e-09
0.0436	2.18603451015e-15	1.17196063032e-10	3.21945331726e-15	3.19135490723e-14	3.28952978109e-19	2.42079421244e-09
0.0438	2.21625344283e-15	1.18815986805e-10	3.24905717163e-15	3.22070024986e-14	3.31977814562e-19	2.44304316724e-09
0.044	2.24674956897e-15	1.20450767106e-10	3.27879651057e-15	3.25017989206e-14	3.35016494625e-19	2.4653937955e-09
0.0442	2.27752415371e-15	1.22100471703e-10	3.30867133406e-15	3.27979383379e-14	3.38069018297e-19	2.48784609584e-09
0.0444	2.30857846218e-15	1.23765168365e-10	3.33868164209e-15	3.30954207503e-14	3.41135385578e-19	2.51040006687e-09
0.0446	2.33991375951e-15	1.25444924859e-10	3.36882743463e-15	3.33942461573e-14	3.44215596467e-19	2.5330557072e-09
0.0448	2.37153131083e-15	1.27139808953e-10	3.39910871167e-15	3.36944145585e-14	3.47309650964e-19	2.55581301544e-09
0.045	2.40343238126e-15	1.28849888411e-10	3.42952547318e-15	3.39959259537e-14	3.50417549069e-19	2.5786719902e-09
0.0452	2.43561823591e-15	1.30575231001e-10	3.46007771915e-15	3.42987803424e-14	3.53539290781e-19	2.60163263011e-09
0.0454	2.4680901399e-15	1.32315904486e-10	3.49076544955e-15	3.46029777242e-14	3.566748761e-19	2.62469493376e-09
0.0456	2.50084935832e-15	1.34071976632e-10	3.52158866436e-15	3.49085180988e-14	3.59824305026e-19	2.64785889977e-09
0.0458	2.53389715628e-15	1.35843515202e-10	3.55254736357e-15	3.52154014658e-14	3.62987577558e-19	2.67112452676e-09
0.046	2.56723479887e-15	1.3763058796e-10	3.58364154716e-15	3.55236278249e-14	3.66164693696e-19	2.69449181333e-09
0.0462	2.60086355118e-15	1.39433262667e-10	3.61487121511e-15	3.58331971756e-14	3.6935565344e-19	2.71796075811e-09
0.0464	2.63478467828e-15	1.41251607086e-10	3.64623636738e-15	3.61441095176e-14	3.7256045679e-19	2.74153135969e-09
0.0466	2.66899944527e-15	1.43085688978e-10	3.67773700398e-15	3.64563648506e-14	3.75779103744e-19	2.76520361669e-09
0.0468	2.7035091172e-15	1.44935576104e-10	3.70937312487e-15	3.67699631742e-14	3.79011594304e-19	2.78897752774e-09
0.047	2.73831495915e-15	1.46801336223e-10	3.74114473004e-15	3.70849044879e-14	3.82257928467e-19	2.81285309142e-09
0.0472	2.77341823618e-15	1.48683037095e-10	3.77305181947e-15	3.74011887915e-14	3.85518106235e-19	2.83683030637e-09
0.0474	2.80882021335e-15	1.50580746479e-10	3.80509439313e-15	3.77188160845e-14	3.88792127607e-19	2.8609091712e-09
0.0476	2.8445221557e-15	1.52494532132e-10	3.83727245101e-15	3.80377863666e-14	3.92079992582e-19	2.8850896845e-09
0.0478	2.88052532828e-15	1.54424461813e-10	3.86958599309e-15	3.83580996375e-14	3.9538170116e-19	2.90937184491e-09
0.048	2.91683099614e-15	1.56370603278e-10	3.90203501934e-15	3.86797558967e-14	3.98697253341e-19	2.93375565102e-09
0.0482	2.9534404243e-15	1.58333024283e-10	3.93461952975e-15	3.90027551439e-14	4.02026649125e-19	2.95824110145e-09
0.0484	2.9903548778e-15	1.60311792585e-10	3.9673395243e-15	3.93270973787e-14	4.0536988851e-19	2.98282819482e-09
0.0486	3.02757562167e-15	1.62306975937e-10	4.00019500297e-15	3.96527826007e-14	4.08726971498e-19	3.00751692974e-09
0.0488	3.06510392091e-15	1.64318642094e-10	4.03318596574e-15	3.99798108096e-14	4.12097898087e-19	3.03230730482e-09
0.049	3.10294104055e-15	1.6634685881e-10	4.06631241258e-15	4.0308182005e-14	4.15482668277e-19	3.05719931866e-09
0.0492	3.1410882456e-15	1.68391693838e-10	4.09957434349e-15	4.06378961866e-14	4.18881282068e-19	3.0821929699e-09
0.0494	3.17954680105e-15	1.70453214931e-10	4.13297175843e-15	4.09689533539e-14	4.2229373946e-19	3.10728825713e-09
0.0496	3.21831797191e-15	1.7253148984e-10	4.16650465739e-15	4.13013535066e-14	4.25720040451e-19	3.13248517896e-09
0.0498	3.25740302317e-15	1.74626586316e-10	4.20017304036e-15	4.16350966443e-14	4.29160185043e-19	3.15778373403e-09
0.05	3.29680321982e-15	1.76738572111e-10	4.2339769073e-15	4.19701827667e-14	4.32614173234e-19	3.18318392092e-09
0.0502	3.33651982683e-15	1.78867514973e-10	4.2679162582e-15	4.23066118734e-14	4.36082005025e-19	3.20868573826e-09
0.0504	3.37655410919e-15	1.81013482653e-10	4.30199109304e-15	4.2644383964e-14	4.39563680414e-19	3.23428918466e-09
0.0506	3.41690733187e-15	1.83176542898e-10	4.3362014118e-15	4.29834990381e-14	4.43059199402e-19	3.25999425874e-09
0.0508	3.45758075983e-15	1.85356763458e-10	4.37054721446e-15	4.33239570955e-14	4.46568561988e-19	3.28580095909e-09
0.051	3.49857565804e-15	1.87554212078e-10	4.405028501e-15	4.36657581356e-14	4.50091768172e-19	3.31170928435e-09
0.0512	3.53989329145e-15	1.89768956507e-10	4.4396452714e-15	4.40089021582e-14	4.53628817954e-19	3.33771923311e-09
0.0514	3.58153492501e-15	1.92001064491e-10	4.47439752565e-15	4.43533891629e-14	4.57179711333e-19	3.363830804e-09
0.0516	3.62350182367e-15	1.94250603774e-10	4.50928526371e-15	4.46992191492e-14	4.60744448309e-19	3.39004399563e-09
0.0518	3.66579525236e-15	1.96517642101e-10	4.54430848558e-15	4.50463921169e-14	4.64323028881e-19	3.4163588066e-09
0.052	3.70841647603e-15	1.98802247218e-10	4.57946719122e-15	4.53949080656e-14	4.6791545305e-19	3.44277523553e-09
0.0522	3.75136675959e-15	2.01104486868e-10	4.61476138063e-15	4.57447669948e-14	4.71521720815e-19	3.46929328103e-09
0.0524	3.79464736799e-15	2.03424428793e-10	4.65019105378e-15	4.60959689043e-14	4.75141832175e-19	3.49591294172e-09
0.0526	3.83825956612e-15	2.05762140736e-10	4.68575621065e-15	4.64485137936e-14	4.78775787131e-19	3.52263421621e-09
0.0528	3.88220461891e-15	2.08117690439e-10	4.72145685123e-15	4.68024016624e-14	4.82423585681e-19	3.54945710311e-09
0.053	3.92648379127e-15	2.10491145643e-10	4.75729297548e-15	4.71576325104e-14	4.86085227827e-19	3.57638160103e-09
0.0532	3.97109834809e-15	2.12882574088e-10	4.7932645834e-15	4.75142063371e-14	4.89760713566e-19	3.60340770859e-09
0.0534	4.01604955428e-15	2.15292043514e-10	4.82937167496e-15	4.78721231421e-14	4.934500429e-19	3.6305354244e-09
0.0536	4.06133867473e-15	2.17719621661e-10	4.86561425015e-15	4.82313829252e-14	4.97153215827e-19	3.65776474707e-09
0.0538	4.10696697433e-15	2.20165376268e-10	4.90199230894e-15	4.85919856859e-14	5.00870232348e-19	3.68509567522e-09
0.054	4.15293571795e-15	2.22629375071e-10	4.93850585131e-15	4.89539314239e-14	5.04601092462e-19	3.71252820746e-09
0.0542	4.19924617047e-15	2.25111685809e-10	4.97515487724e-15	4.93172201388e-14	5.08345796168e-19	3.74006234239e-09
0.0544	4.24589959677e-15	2.27612376218e-10	5.01193938672e-15	4.96818518302e-14	5.12104343467e-19	3.76769807864e-09
0.0546	4.29289726171e-15	2.30131514034e-10	5.04885937973e-15	5.00478264978e-14	5.15876734358e-19	3.79543541481e-09
0.0548	4.34024043015e-15	2.32669166993e-10	5.08591485623e-15	5.04151441412e-14	5.19662968841e-19	3.82327434953e-09
0.055	4.38793036694e-15	2.35225402829e-10	5.12310581622e-15	5.078380476e-14	5.23463046915e-19	3.85121488139e-09
0.0552	4.43596833695e-15	2.37800289277e-10	5.16043225968e-15	5.11538083538e-14	5.2727696858e-19	3.87925700902e-09
0.0554	4.484355605e-15	2.40393894071e-10	5.19789418658e-15	5.15251549223e-14	5.31104733836e-19	3.90740073103e-09
0.0556	4.53309343594e-15	2.43006284943e-10	5.23549159691e-15	5.18978444652e-14	5.34946342682e-19	3.93564604603e-09
0.0558	4.58218309461e-15	2.45637529625e-10	5.27322449064e-15	5.2271876982e-14	5.38801795118e-19	3.96399295263e-09
0.056	4.63162584582e-15	2.4828769585e-10	5.31109286775e-15	5.26472524724e-14	5.42671091144e-19	3.99244144945e-09
0.0562	4.68142295442e-15	2.50956851348e-10	5.34909672823e-15	5.30239709359e-14	5.4655423076e-19	4.02099153509e-09
0.0564	4.73157568521e-15	2.53645063851e-10	5.38723607206e-15	5.34020323724e-14	5.50451213965e-19	4.04964320818e-09
0.0566	4.78208530301e-15	2.56352401086e-10	5.42551089921e-15	5.37814367813e-14	5.54362040758e-19	4.07839646733e-09
0.0568	4.83295307262e-15	2.59078930785e-10	5.46392120967e-15	5.41621841622e-14	5.5828671114e-19	4.10725131114e-09
0.057	4.88418025885e-15	2.61824720675e-10	5.50246700341e-15	5.4544274515e-14	5.6222522511e-19	4.13620773823e-09
0.0572	4.93576812649e-15	2.64589838484e-10	5.54114828043e-15	5.49277078391e-14	5.66177582668e-19	4.16526574722e-09
0.0574	4.98771794034e-15	2.67374351939e-10	5.57996504068e-15	5.53124841341e-14	5.70143783813e-19	4.19442533671e-09
0.0576	5.04003096519e-15	2.70178328768e-10	5.61891728417e-15	5.56986033998e-14	5.74123828546e-19	4.22368650533e-09
0.0578	5.0927084658e-15	2.73001836696e-10	5.65800501086e-15	5.60860656358e-14	5.78117716865e-19	4.25304925168e-09
0.058	5.14575170697e-15	2.75844943449e-10	5.69722822074e-15	5.64748708416e-14	5.82125448771e-19	4.28251357437e-09
0.0582	5.19916195346e-15	2.78707716751e-10	5.73658691378e-15	5.68650190169e-14	5.86147024263e-19	4.31207947202e-09
0.0584	5.25294047003e-15	2.81590224327e-10	5.77608108998e-15	5.72565101614e-14	5.90182443341e-19	4.34174694325e-09
0.0586	5.30708852144e-15	2.844925339e-10	5.8157107493e-15	5.76493442747e-14	5.94231706005e-19	4.37151598666e-09
0.0588	5.36160737246e-15	2.87414713193e-10	5.85547589173e-15	5.80435213564e-14	5.98294812254e-19	4.40138660086e-09
0.059	5.41649828783e-15	2.90356829928e-10	5.89537651725e-15	5.84390414061e-14	6.02371762087e-19	4.43135878448e-09
0.0592	5.47176253229e-15	2.93318951827e-10	5.93541262583e-15	5.88359044235e-14	6.06462555505e-19	4.46143253613e-09
0.0594	5.52740137058e-15	2.9630114661e-10	5.97558421747e-15	5.92341104081e-14	6.10567192508e-19	4.49160785441e-09
0.0596	5.58341606744e-15	2.99303481999e-10	6.01589129213e-15	5.96336593597e-14	6.14685673094e-19	4.52188473794e-09
0.0598	5.63980788759e-15	3.02326025713e-10	6.0563338498e-15	6.00345512779e-14	6.18817997264e-19	4.55226318534e-09
0.06	5.69657809577e-15	3.05368845471e-10	6.09691189047e-15	6.04367861623e-14	6.22964165017e-19	4.58274319522e-09
0.0602	5.75372795667e-15	3.08432008992e-10	6.1376254141e-15	6.08403640124e-14	6.27124176353e-19	4.61332476618e-09
0.0604	5.81125873502e-15	3.11515583993e-10	6.17847442068e-15	6.12452848281e-14	6.31298031272e-19	4.64400789685e-09
0.0606	5.86917169553e-15	3.14619638192e-10	6.21945891019e-15	6.16515486088e-14	6.35485729773e-19	4.67479258583e-09
0.0608	5.92746810289e-15	3.17744239305e-10	6.26057888261e-15	6.20591553542e-14	6.39687271856e-19	4.70567883175e-09
0.061	5.9861492218e-15	3.20889455049e-10	6.30183433792e-15	6.24681050639e-14	6.4390265752e-19	4.73666663321e-09
0.0612	6.04521631696e-15	3.24055353138e-10	6.3432252761e-15	6.28783977377e-14	6.48131886766e-19	4.76775598882e-09
0.0614	6.10467065305e-15	3.27242001287e-10	6.38475169713e-15	6.3290033375e-14	6.52374959593e-19	4.7989468972e-09
0.0616	6.16451349475e-15	3.3044946721e-10	6.42641360099e-15	6.37030119756e-14	6.56631876e-19	4.83023935697e-09
0.0618	6.22474610673e-15	3.33677818622e-10	6.46821098766e-15	6.4117333539e-14	6.60902635988e-19	4.86163336673e-09
0.062	6.28536975367e-15	3.36927123234e-10	6.51014385712e-15	6.4532998065e-14	6.65187239556e-19	4.89312892511e-09
0.0622	6.34638570023e-15	3.40197448759e-10	6.55221220936e-15	6.4950005553e-14	6.69485686703e-19	4.9247260307e-09
0.0624	6.40779521106e-15	3.43488862908e-10	6.59441604434e-15	6.53683560029e-14	6.7379797743e-19	4.95642468213e-09
0.0626	6.46959955083e-15	3.46801433393e-10	6.63675536206e-15	6.57880494141e-14	6.78124111735e-19	4.98822487802e-09
0.0628	6.53179998419e-15	3.50135227924e-10	6.67923016249e-15	6.62090857863e-14	6.8246408962e-19	5.02012661696e-09
0.063	6.59439777577e-15	3.5349031421e-10	6.72184044561e-15	6.66314651192e-14	6.86817911083e-19	5.05212989758e-09
0.0632	6.65739419021e-15	3.5686675996e-10	6.7645862114e-15	6.70551874124e-14	6.91185576124e-19	5.08423471849e-09
0.0634	6.72079049215e-15	3.60264632883e-10	6.80746745985e-15	6.74802526654e-14	6.95567084742e-19	5.1164410783e-09
0.0636	6.78458794621e-15	3.63684000687e-10	6.85048419093e-15	6.7906660878e-14	6.99962436938e-19	5.14874897563e-09
0.0638	6.84878781703e-15	3.67124931079e-10	6.89363640462e-15	6.83344120498e-14	7.04371632711e-19	5.18115840909e-09
0.064	6.9133913692e-15	3.70587491765e-10	6.9369241009e-15	6.87635061804e-14	7.08794672061e-19	5.21366937729e-09
0.0642	6.97839986735e-15	3.74071750452e-10	6.98034727976e-15	6.91939432694e-14	7.13231554987e-19	5.24628187885e-09
0.0644	7.04381457609e-15	3.77577774844e-10	7.02390594117e-15	6.96257233165e-14	7.17682281489e-19	5.27899591238e-09
0.0646	7.10963676001e-15	3.81105632646e-10	7.06760008511e-15	7.00588463213e-14	7.22146851567e-19	5.31181147649e-09
0.0648	7.1758676837e-15	3.84655391562e-10	7.11142971157e-15	7.04933122834e-14	7.26625265221e-19	5.3447285698e-09
0.065	7.24250861177e-15	3.88227119296e-10	7.15539482052e-15	7.09291212025e-14	7.31117522449e-19	5.37774719092e-09
0.0652	7.3095608088e-15	3.91820883551e-10	7.19949541195e-15	7.13662730781e-14	7.35623623253e-19	5.41086733846e-09
0.0654	7.37702553935e-15	3.95436752028e-10	7.24373148583e-15	7.180476791e-14	7.4014356763e-19	5.44408901104e-09
0.0656	7.44490406802e-15	3.99074792429e-10	7.28810304214e-15	7.22446056977e-14	7.44677355582e-19	5.47741220727e-09
0.0658	7.51319765937e-15	4.02735072455e-10	7.33261008087e-15	7.26857864409e-14	7.49224987108e-19	5.51083692576e-09
0.066	7.58190757797e-15	4.06417659806e-10	7.377252602e-15	7.31283101392e-14	7.53786462207e-19	5.54436316514e-09
0.0662	7.65103508836e-15	4.10122622182e-10	7.4220306055e-15	7.35721767923e-14	7.58361780879e-19	5.577990924e-09
0.0664	7.72058145511e-15	4.13850027282e-10	7.46694409135e-15	7.40173863997e-14	7.62950943125e-19	5.61172020097e-09
0.0666	7.79054794277e-15	4.17599942804e-10	7.51199305954e-15	7.44639389611e-14	7.67553948942e-19	5.64555099466e-09
0.0668	7.86093581587e-15	4.21372436447e-10	7.55717751005e-15	7.49118344762e-14	7.72170798332e-19	5.67948330368e-09
0.067	7.93174633896e-15	4.25167575906e-10	7.60249744285e-15	7.53610729445e-14	7.76801491294e-19	5.71351712665e-09
0.0672	8.00298077657e-15	4.28985428878e-10	7.64795285793e-15	7.58116543657e-14	7.81446027827e-19	5.74765246217e-09
0.0674	8.07464039322e-15	4.3282606306e-10	7.69354375526e-15	7.62635787394e-14	7.86104407931e-19	5.78188930887e-09
0.0676	8.14672645344e-15	4.36689546147e-10	7.73927013483e-15	7.67168460653e-14	7.90776631606e-19	5.81622766536e-09
0.0678	8.21924022174e-15	4.40575945833e-10	7.78513199662e-15	7.7171456343e-14	7.95462698852e-19	5.85066753025e-09
0.068	8.29218296263e-15	4.44485329812e-10	7.8311293406e-15	7.76274095721e-14	8.00162609668e-19	5.88520890215e-09
0.0682	8.36555594063e-15	4.48417765777e-10	7.87726216676e-15	7.80847057522e-14	8.04876364054e-19	5.91985177967e-09
0.0684	8.43936042022e-15	4.52373321422e-10	7.92353047508e-15	7.8543344883e-14	8.0960396201e-19	5.95459616144e-09
0.0686	8.51359766592e-15	4.56352064438e-10	7.96993426553e-15	7.90033269641e-14	8.14345403534e-19	5.98944204607e-09
0.0688	8.5882689422e-15	4.60354062517e-10	8.01647353811e-15	7.94646519952e-14	8.19100688628e-19	6.02438943216e-09
0.069	8.66337551354e-15	4.64379383349e-10	8.06314829278e-15	7.99273199758e-14	8.2386981729e-19	6.05943831834e-09
0.0692	8.73891864444e-15	4.68428094625e-10	8.10995852953e-15	8.03913309056e-14	8.28652789521e-19	6.09458870321e-09
0.0694	8.81489959937e-15	4.72500264035e-10	8.15690424833e-15	8.08566847843e-14	8.33449605319e-19	6.12984058539e-09
0.0696	8.89131964279e-15	4.76595959266e-10	8.20398544918e-15	8.13233816114e-14	8.38260264685e-19	6.1651939635e-09
0.0698	8.96818003916e-15	4.80715248009e-10	8.25120213204e-15	8.17914213866e-14	8.43084767618e-19	6.20064883615e-09
0.07	9.04548205295e-15	4.84858197949e-10	8.2985542969e-15	8.22608041096e-14	8.47923114119e-19	6.23620520194e-09
0.0702	9.12322694861e-15	4.89024876775e-10	8.34604194375e-15	8.27315297798e-14	8.52775304185e-19	6.2718630595e-09
0.0704	9.20141599059e-15	4.93215352173e-10	8.39366507255e-15	8.32035983971e-14	8.57641337819e-19	6.30762240744e-09
0.0706	9.28005044332e-15	4.97429691828e-10	8.44142368329e-15	8.3677009961e-14	8.62521215018e-19	6.34348324438e-09
0.0708	9.35913157125e-15	5.01667963426e-10	8.48931777594e-15	8.41517644711e-14	8.67414935783e-19	6.37944556892e-09
0.071	9.43866063881e-15	5.05930234651e-10	8.5373473505e-15	8.46278619271e-14	8.72322500113e-19	6.41550937968e-09
0.0712	9.51863891042e-15	5.10216573187e-10	8.58551240694e-15	8.51053023286e-14	8.77243908008e-19	6.45167467527e-09
0.0714	9.59906765051e-15	5.14527046718e-10	8.63381294524e-15	8.55840856753e-14	8.82179159468e-19	6.48794145431e-09
0.0716	9.67994812349e-15	5.18861722926e-10	8.68224896538e-15	8.60642119667e-14	8.87128254492e-19	6.52430971542e-09
0.0718	9.76128159377e-15	5.23220669493e-10	8.73082046734e-15	8.65456812025e-14	8.9209119308e-19	6.5607794572e-09
0.072	9.84306932576e-15	5.276039541e-10	8.7795274511e-15	8.70284933824e-14	8.97067975232e-19	6.59735067827e-09
0.0722	9.92531258385e-15	5.32011644429e-10	8.82836991664e-15	8.75126485059e-14	9.02058600947e-19	6.63402337725e-09
0.0724	1.00080126324e-14	5.36443808159e-10	8.87734786394e-15	8.79981465727e-14	9.07063070226e-19	6.67079755274e-09
0.0726	1.00911707359e-14	5.40900512971e-10	8.92646129299e-15	8.84849875824e-14	9.12081383067e-19	6.70767320337e-09
0.0728	1.01747881587e-14	5.45381826541e-10	8.97571020375e-15	8.89731715347e-14	9.1711353947e-19	6.74465032774e-09
0.073	1.02588661651e-14	5.4988781655e-10	9.02509459622e-15	8.94626984291e-14	9.22159539435e-19	6.78172892447e-09
0.0732	1.03434060196e-14	5.54418550675e-10	9.07461447036e-15	8.99535682654e-14	9.27219382963e-19	6.81890899218e-09
0.0734	1.04284089864e-14	5.58974096592e-10	9.12426982618e-15	9.04457810431e-14	9.32293070051e-19	6.85619052947e-09
0.0736	1.051387633e-14	5.63554521979e-10	9.17406066363e-15	9.09393367619e-14	9.37380600701e-19	6.89357353497e-09
0.0738	1.05998093148e-14	5.6815989451e-10	9.2239869827e-15	9.14342354213e-14	9.42481974912e-19	6.93105800728e-09
0.074	1.06862092049e-14	5.72790281861e-10	9.27404878338e-15	9.19304770212e-14	9.47597192683e-19	6.96864394502e-09
0.0742	1.0773077265e-14	5.77445751707e-10	9.32424606564e-15	9.2428061561e-14	9.52726254014e-19	7.00633134681e-09
0.0744	1.08604147591e-14	5.8212637172e-10	9.37457882946e-15	9.29269890403e-14	9.57869158905e-19	7.04412021125e-09
0.0746	1.09482229518e-14	5.86832209575e-10	9.42504707483e-15	9.3427259459e-14	9.63025907355e-19	7.08201053697e-09
0.0748	1.10365031073e-14	5.91563332945e-10	9.47565080172e-15	9.39288728164e-14	9.68196499364e-19	7.12000232257e-09
0.075	1.11252564899e-14	5.963198095e-10	9.52639001011e-15	9.44318291124e-14	9.73380934933e-19	7.15809556667e-09
0.0752	1.12144843641e-14	6.01101706913e-10	9.57726469999e-15	9.49361283465e-14	9.78579214059e-19	7.19629026789e-09
0.0754	1.1304187994e-14	6.05909092853e-10	9.62827487133e-15	9.54417705183e-14	9.83791336744e-19	7.23458642483e-09
0.0756	1.1394368644e-14	6.10742034992e-10	9.67942052411e-15	9.59487556275e-14	9.89017302987e-19	7.27298403612e-09
0.0758	1.14850275784e-14	6.15600600999e-10	9.73070165832e-15	9.64570836737e-14	9.94257112787e-19	7.31148310037e-09
0.076	1.15761660615e-14	6.20484858541e-10	9.78211827394e-15	9.69667546566e-14	9.99510766145e-19	7.35008361619e-09
0.0762	1.16677853576e-14	6.25394875289e-10	9.83367037093e-15	9.74777685757e-14	1.00477826306e-18	7.38878558219e-09
0.0764	1.1759886731e-14	6.30330718909e-10	9.8853579493e-15	9.79901254308e-14	1.01005960353e-18	7.42758899699e-09
0.0766	1.1852471446e-14	6.35292457068e-10	9.93718100901e-15	9.85038252213e-14	1.01535478756e-18	7.46649385921e-09
0.0768	1.19455407668e-14	6.40280157432e-10	9.98913955004e-15	9.90188679471e-14	1.02066381514e-18	7.50550016745e-09
0.077	1.20390959578e-14	6.45293887667e-10	1.00412335724e-14	9.95352536076e-14	1.02598668628e-18	7.54460792033e-09
0.0772	1.21331382831e-14	6.50333715439e-10	1.0093463076e-14	1.00052982203e-13	1.03132340097e-18	7.58381711648e-09
0.0774	1.22276690071e-14	6.55399708411e-10	1.01458280609e-14	1.00572053732e-13	1.03667395922e-18	7.62312775449e-09
0.0776	1.2322689394e-14	6.60491934248e-10	1.0198328527e-14	1.01092468194e-13	1.04203836102e-18	7.66253983299e-09
0.0778	1.2418200708e-14	6.65610460612e-10	1.02509644744e-14	1.0161422559e-13	1.04741660638e-18	7.70205335059e-09
0.078	1.25142042135e-14	6.70755355167e-10	1.0303735903e-14	1.02137325919e-13	1.05280869529e-18	7.7416683059e-09
0.0782	1.26107011746e-14	6.75926685573e-10	1.03566428127e-14	1.02661769181e-13	1.05821462776e-18	7.78138469753e-09
0.0784	1.27076928556e-14	6.81124519493e-10	1.04096852036e-14	1.03187555375e-13	1.06363440377e-18	7.82120252412e-09
0.0786	1.28051805208e-14	6.86348924586e-10	1.04628630757e-14	1.037146845e-13	1.06906802335e-18	7.86112178425e-09
0.0788	1.29031654342e-14	6.91599968514e-10	1.05161764289e-14	1.04243156557e-13	1.07451548647e-18	7.90114247656e-09
0.079	1.30016488602e-14	6.96877718935e-10	1.05696252632e-14	1.04772971545e-13	1.07997679315e-18	7.94126459966e-09
0.0792	1.3100632063e-14	7.02182243509e-10	1.06232095786e-14	1.05304129464e-13	1.08545194337e-18	7.98148815215e-09
0.0794	1.32001163068e-14	7.07513609892e-10	1.06769293751e-14	1.05836630314e-13	1.09094093715e-18	8.02181313266e-09
0.0796	1.33001028558e-14	7.12871885744e-10	1.07307846526e-14	1.06370474093e-13	1.09644377448e-18	8.06223953979e-09
0.0798	1.34005929742e-14	7.1825713872e-10	1.07847754111e-14	1.06905660802e-13	1.10196045537e-18	8.10276737217e-09
0.08	1.35015879261e-14	7.23669436477e-10	1.08389016507e-14	1.0744219044e-13	1.1074909798e-18	8.14339662841e-09
0.0802	1.36030889758e-14	7.29108846671e-10	1.08931633712e-14	1.07980063007e-13	1.11303534778e-18	8.18412730711e-09
0.0804	1.37050973875e-14	7.34575436956e-10	1.09475605727e-14	1.08519278502e-13	1.11859355931e-18	8.22495940691e-09
0.0806	1.38076144253e-14	7.40069274987e-10	1.10020932551e-14	1.09059836926e-13	1.1241656144e-18	8.2658929264e-09
0.0808	1.39106413534e-14	7.45590428418e-10	1.10567614185e-14	1.09601738278e-13	1.12975151303e-18	8.30692786421e-09
0.081	1.4014179436e-14	7.51138964902e-10	1.11115650628e-14	1.10144982557e-13	1.13535125521e-18	8.34806421895e-09
0.0812	1.41182299372e-14	7.56714952091e-10	1.1166504188e-14	1.10689569762e-13	1.14096484094e-18	8.38930198924e-09
0.0814	1.42227941213e-14	7.62318457637e-10	1.1221578794e-14	1.11235499895e-13	1.14659227022e-18	8.43064117368e-09
0.0816	1.43278732522e-14	7.67949549192e-10	1.12767888809e-14	1.11782772954e-13	1.15223354304e-18	8.47208177089e-09
0.0818	1.44334685943e-14	7.73608294406e-10	1.13321344487e-14	1.12331388939e-13	1.15788865942e-18	8.5136237795e-09
0.082	1.45395814115e-14	7.79294760928e-10	1.13876154972e-14	1.12881347849e-13	1.16355761934e-18	8.5552671981e-09
0.0822	1.46462129682e-14	7.85009016409e-10	1.14432320265e-14	1.13432649685e-13	1.16924042281e-18	8.59701202532e-09
0.0824	1.47533645283e-14	7.90751128497e-10	1.14989840366e-14	1.13985294445e-13	1.17493706982e-18	8.63885825978e-09
0.0826	1.48610373561e-14	7.9652116484e-10	1.15548715275e-14	1.1453928213e-13	1.18064756038e-18	8.68080590007e-09
0.0828	1.49692327156e-14	8.02319193086e-10	1.16108944991e-14	1.15094612739e-13	1.18637189449e-18	8.72285494483e-09
0.083	1.50779518709e-14	8.08145280881e-10	1.16670529513e-14	1.15651286272e-13	1.19211007214e-18	8.76500539267e-09
0.0832	1.51871960862e-14	8.13999495872e-10	1.17233468843e-14	1.16209302728e-13	1.19786209334e-18	8.80725724219e-09
0.0834	1.52969666256e-14	8.19881905704e-10	1.1779776298e-14	1.16768662107e-13	1.20362795809e-18	8.84961049202e-09
0.0836	1.54072647532e-14	8.25792578022e-10	1.18363411923e-14	1.17329364408e-13	1.20940766638e-18	8.89206514077e-09
0.0838	1.5518091733e-14	8.3173158047e-10	1.18930415672e-14	1.17891409632e-13	1.21520121821e-18	8.93462118705e-09
0.084	1.56294488291e-14	8.37698980693e-10	1.19498774228e-14	1.18454797778e-13	1.22100861359e-18	8.97727862948e-09
0.0842	1.57413373057e-14	8.43694846333e-10	1.20068487589e-14	1.19019528845e-13	1.22682985251e-18	9.02003746668e-09
0.0844	1.58537584268e-14	8.49719245032e-10	1.20639555756e-14	1.19585602833e-13	1.23266493497e-18	9.06289769725e-09
0.0846	1.59667134564e-14	8.55772244433e-10	1.21211978729e-14	1.20153019742e-13	1.23851386098e-18	9.10585931981e-09
0.0848	1.60802036588e-14	8.61853912176e-10	1.21785756507e-14	1.20721779572e-13	1.24437663053e-18	9.14892233298e-09
0.085	1.61942302978e-14	8.67964315903e-10	1.2236088909e-14	1.21291882321e-13	1.25025324362e-18	9.19208673537e-09
0.0852	1.63087946376e-14	8.74103523253e-10	1.22937376478e-14	1.2186332799e-13	1.25614370026e-18	9.2353525256e-09
0.0854	1.64238979422e-14	8.80271601865e-10	1.23515218671e-14	1.22436116579e-13	1.26204800044e-18	9.27871970229e-09
0.0856	1.65395414756e-14	8.86468619378e-10	1.24094415669e-14	1.23010248086e-13	1.26796614416e-18	9.32218826403e-09
0.0858	1.6655726502e-14	8.9269464343e-10	1.2467496747e-14	1.23585722512e-13	1.27389813142e-18	9.36575820946e-09
0.086	1.67724542852e-14	8.98949741659e-10	1.25256874076e-14	1.24162539856e-13	1.27984396222e-18	9.40942953719e-09
0.0862	1.68897260895e-14	9.05233981701e-10	1.25840135486e-14	1.24740700118e-13	1.28580363656e-18	9.45320224582e-09
0.0864	1.70075431787e-14	9.11547431192e-10	1.26424751699e-14	1.25320203297e-13	1.29177715444e-18	9.49707633398e-09
0.0866	1.7125906817e-14	9.17890157768e-10	1.27010722717e-14	1.25901049393e-13	1.29776451586e-18	9.54105180028e-09
0.0868	1.72448182683e-14	9.24262229064e-10	1.27598048537e-14	1.26483238407e-13	1.30376572082e-18	9.58512864334e-09
0.087	1.73642787966e-14	9.30663712714e-10	1.28186729161e-14	1.27066770336e-13	1.30978076932e-18	9.62930686177e-09
0.0872	1.74842896659e-14	9.37094676352e-10	1.28776764587e-14	1.27651645181e-13	1.31580966136e-18	9.67358645418e-09
0.0874	1.76048521403e-14	9.43555187611e-10	1.29368154816e-14	1.28237862942e-13	1.32185239694e-18	9.71796741919e-09
0.0876	1.77259674836e-14	9.50045314122e-10	1.29960899848e-14	1.28825423618e-13	1.32790897606e-18	9.76244975542e-09
0.0878	1.784763696e-14	9.56565123519e-10	1.30554999682e-14	1.29414327209e-13	1.33397939871e-18	9.80703346147e-09
0.088	1.79698618334e-14	9.63114683431e-10	1.31150454319e-14	1.30004573715e-13	1.3400636649e-18	9.85171853597e-09
0.0882	1.80926433678e-14	9.6969406149e-10	1.31747263757e-14	1.30596163134e-13	1.34616177463e-18	9.89650497753e-09
0.0884	1.82159828271e-14	9.76303325325e-10	1.32345427997e-14	1.31189095468e-13	1.3522737279e-18	9.94139278477e-09
0.0886	1.83398814753e-14	9.82942542566e-10	1.32944947039e-14	1.31783370715e-13	1.3583995247e-18	9.98638195629e-09
0.0888	1.84643405764e-14	9.89611780841e-10	1.33545820882e-14	1.32378988874e-13	1.36453916504e-18	1.00314724907e-08
0.089	1.85893613943e-14	9.96311107778e-10	1.34148049526e-14	1.32975949947e-13	1.37069264891e-18	1.00766643867e-08
0.0892	1.8714945193e-14	1.003040591e-09	1.34751632971e-14	1.33574253931e-13	1.37685997632e-18	1.01219576427e-08
0.0894	1.88410932364e-14	1.00980029815e-09	1.35356571217e-14	1.34173900828e-13	1.38304114727e-18	1.01673522576e-08
0.0896	1.89678067884e-14	1.01659029683e-09	1.35962864264e-14	1.34774890636e-13	1.38923616175e-18	1.02128482298e-08
0.0898	1.90950871131e-14	1.02341065469e-09	1.36570512111e-14	1.35377223355e-13	1.39544501977e-18	1.0258445558e-08
0.09	1.92229354743e-14	1.03026143933e-09	1.37179514758e-14	1.35980898985e-13	1.40166772132e-18	1.03041442407e-08
0.0902	1.93513531359e-14	1.03714271839e-09	1.37789872205e-14	1.36585917525e-13	1.4079042664e-18	1.03499442767e-08
0.0904	1.94803413619e-14	1.0440545595e-09	1.38401584451e-14	1.37192278976e-13	1.41415465502e-18	1.03958456645e-08
0.0906	1.96099014161e-14	1.05099703026e-09	1.39014651498e-14	1.37799983336e-13	1.42041888717e-18	1.04418484028e-08
0.0908	1.97400345626e-14	1.05797019832e-09	1.39629073344e-14	1.38409030605e-13	1.42669696286e-18	1.04879524901e-08
0.091	1.98707420651e-14	1.06497413128e-09	1.40244849989e-14	1.39019420784e-13	1.43298888207e-18	1.0534157925e-08
0.0912	2.00020251877e-14	1.07200889676e-09	1.40861981433e-14	1.39631153871e-13	1.43929464482e-18	1.05804647063e-08
0.0914	2.01338851941e-14	1.0790745624e-09	1.41480467675e-14	1.40244229866e-13	1.4456142511e-18	1.06268728324e-08
0.0916	2.02663233483e-14	1.08617119581e-09	1.42100308717e-14	1.40858648769e-13	1.45194770092e-18	1.06733823021e-08
0.0918	2.03993409141e-14	1.0932988646e-09	1.42721504557e-14	1.41474410579e-13	1.45829499426e-18	1.07199931139e-08
0.092	2.05329391554e-14	1.1004576364e-09	1.43344055195e-14	1.42091515297e-13	1.46465613114e-18	1.07667052665e-08
0.0922	2.06671193362e-14	1.10764757883e-09	1.43967960631e-14	1.42709962921e-13	1.47103111154e-18	1.08135187584e-08
0.0924	2.08018827202e-14	1.11486875949e-09	1.44593220864e-14	1.43329753452e-13	1.47741993548e-18	1.08604335882e-08
0.0926	2.09372305713e-14	1.12212124602e-09	1.45219835896e-14	1.43950886889e-13	1.48382260295e-18	1.09074497547e-08
0.0928	2.10731641534e-14	1.12940510602e-09	1.45847805725e-14	1.44573363231e-13	1.49023911394e-18	1.09545672564e-08
0.093	2.12096847303e-14	1.13672040711e-09	1.46477130351e-14	1.45197182478e-13	1.49666946847e-18	1.10017860919e-08
0.0932	2.13467935659e-14	1.1440672169e-09	1.47107809774e-14	1.45822344631e-13	1.50311366653e-18	1.10491062599e-08
0.0934	2.1484491924e-14	1.15144560301e-09	1.47739843993e-14	1.46448849688e-13	1.50957170811e-18	1.10965277588e-08
0.0936	2.16227810684e-14	1.15885563306e-09	1.4837323301e-14	1.47076697649e-13	1.51604359322e-18	1.11440505875e-08
0.0938	2.17616622631e-14	1.16629737465e-09	1.49007976823e-14	1.47705888513e-13	1.52252932187e-18	1.11916747445e-08
0.094	2.19011367717e-14	1.17377089539e-09	1.49644075432e-14	1.48336422282e-13	1.52902889403e-18	1.12394002283e-08
0.0942	2.20412058581e-14	1.18127626291e-09	1.50281528837e-14	1.48968298953e-13	1.53554230973e-18	1.12872270377e-08
0.0944	2.21818707861e-14	1.18881354481e-09	1.50920337038e-14	1.49601518527e-13	1.54206956895e-18	1.13351551711e-08
0.0946	2.23231328196e-14	1.1963828087e-09	1.51560500034e-14	1.50236081003e-13	1.54861067171e-18	1.13831846274e-08
0.0948	2.24649932224e-14	1.20398412219e-09	1.52202017826e-14	1.50871986381e-13	1.55516561798e-18	1.1431315405e-08
0.095	2.26074532581e-14	1.21161755288e-09	1.52844890413e-14	1.51509234661e-13	1.56173440779e-18	1.14795475025e-08
0.0952	2.27505141907e-14	1.2192831684e-09	1.53489117796e-14	1.52147825841e-13	1.56831704111e-18	1.15278809187e-08
0.0954	2.28941772839e-14	1.22698103634e-09	1.54134699973e-14	1.52787759923e-13	1.57491351797e-18	1.1576315652e-08
0.0956	2.30384438014e-14	1.23471122432e-09	1.54781636944e-14	1.53429036905e-13	1.58152383835e-18	1.16248517012e-08
0.0958	2.31833150072e-14	1.24247379993e-09	1.5542992871e-14	1.54071656787e-13	1.58814800225e-18	1.16734890648e-08
0.096	2.33287921649e-14	1.25026883079e-09	1.56079575271e-14	1.54715619569e-13	1.59478600968e-18	1.17222277415e-08
0.0962	2.34748765383e-14	1.2580963845e-09	1.56730576625e-14	1.55360925251e-13	1.60143786064e-18	1.17710677299e-08
0.0964	2.36215693911e-14	1.26595652867e-09	1.57382932773e-14	1.56007573831e-13	1.60810355512e-18	1.18200090285e-08
0.0966	2.37688719872e-14	1.2738493309e-09	1.58036643715e-14	1.5665556531e-13	1.61478309312e-18	1.1869051636e-08
0.0968	2.39167855902e-14	1.28177485879e-09	1.58691709451e-14	1.57304899687e-13	1.62147647464e-18	1.1918195551e-08
0.097	2.4065311464e-14	1.28973317994e-09	1.59348129979e-14	1.57955576961e-13	1.62818369969e-18	1.19674407722e-08
0.0972	2.42144508721e-14	1.29772436197e-09	1.60005905301e-14	1.58607597134e-13	1.63490476826e-18	1.20167872981e-08
0.0974	2.43642050785e-14	1.30574847246e-09	1.60665035415e-14	1.59260960203e-13	1.64163968035e-18	1.20662351274e-08
0.0976	2.45145753468e-14	1.31380557903e-09	1.61325520322e-14	1.5991566617e-13	1.64838843597e-18	1.21157842586e-08
0.0978	2.46655629407e-14	1.32189574927e-09	1.61987360022e-14	1.60571715032e-13	1.6551510351e-18	1.21654346905e-08
0.098	2.4817169124e-14	1.33001905078e-09	1.62650554514e-14	1.61229106791e-13	1.66192747776e-18	1.22151864215e-08
0.0982	2.49693951603e-14	1.33817555116e-09	1.63315103798e-14	1.61887841445e-13	1.66871776394e-18	1.22650394504e-08
0.0984	2.51222423134e-14	1.34636531801e-09	1.63981007874e-14	1.62547918995e-13	1.67552189364e-18	1.23149937757e-08
0.0986	2.5275711847e-14	1.35458841892e-09	1.64648266741e-14	1.63209339439e-13	1.68233986686e-18	1.2365049396e-08
0.0988	2.54298050248e-14	1.3628449215e-09	1.653168804e-14	1.63872102778e-13	1.6891716836e-18	1.24152063101e-08
0.099	2.55845231104e-14	1.37113489334e-09	1.6598684885e-14	1.64536209011e-13	1.69601734386e-18	1.24654645164e-08
0.0992	2.57398673675e-14	1.37945840204e-09	1.66658172091e-14	1.65201658138e-13	1.70287684763e-18	1.25158240136e-08
0.0994	2.58958390599e-14	1.38781551518e-09	1.67330850123e-14	1.65868450159e-13	1.70975019493e-18	1.25662848003e-08
0.0996	2.60524394512e-14	1.39620630038e-09	1.68004882946e-14	1.66536585072e-13	1.71663738575e-18	1.26168468752e-08
0.0998	2.6209669805e-14	1.40463082521e-09	1.68680270559e-14	1.67206062879e-13	1.72353842008e-18	1.26675102368e-08
0.1	2.63675313851e-14	1.41308915728e-09	1.69357012963e-14	1.67876883577e-13	1.73045329794e-18	1.27182748838e-08
