0	0.0	0.0	0.0	0.0	0.0	0.0
0.0002	1.68840283817e-21	9.05424122326e-17	5.41955620456e-19	5.37230602414e-18	5.53747223797e-23	4.07908959485e-13
0.0004	1.35072085802e-20	7.24337618236e-16	2.16782237618e-18	2.14892221266e-17	2.21498887781e-22	1.63162842143e-12
0.0006	4.55867812855e-20	2.44463379282e-15	4.8776001087e-18	4.83507453523e-17	4.98372493595e-22	3.67114726115e-12
0.0008	1.08057442638e-19	5.79467407197e-15	8.67128865956e-18	8.59568727465e-17	8.85995537216e-22	6.52645435405e-12
0.001	2.11049471948e-19	1.13176965529e-14	1.35488878703e-17	1.34307601354e-16	1.38436801604e-21	1.01975385756e-11
0.0012	3.64693106147e-19	1.95569342939e-14	1.95103975824e-17	1.9340292822e-16	1.99348992745e-21	1.46843888016e-11
0.0014	5.79118539795e-19	3.10556153147e-14	2.65558176375e-17	2.63242850389e-16	2.71336126884e-21	1.99869939075e-11
0.0016	8.64455925076e-19	4.63569625961e-14	3.4685147877e-17	3.43827364907e-16	3.54398203762e-21	2.61053427693e-11
0.0018	1.2308353718e-18	6.60041940806e-14	4.38983881426e-17	4.35156468818e-16	4.48535223116e-21	3.30394242628e-11
0.002	1.68838694739e-18	9.05405226716e-14	5.41955382756e-17	5.37230159168e-16	5.53747184686e-21	4.07892272642e-11
0.0022	2.24724067692e-18	1.20509156234e-13	6.55765981178e-17	6.50048433002e-16	6.70034088212e-21	4.93547406494e-11
0.0024	2.91752654307e-18	1.56453297594e-13	7.80415675105e-17	7.73611287364e-16	7.97395933433e-21	5.87359532947e-11
0.0026	3.70937448615e-18	1.9891614454e-13	9.15904462954e-17	9.07918719299e-16	9.35832720088e-21	6.89328540766e-11
0.0028	4.63291440409e-18	2.48440889821e-13	1.06223234314e-16	1.05297072585e-15	1.08534444792e-20	7.99454318712e-11
0.003	5.69827615246e-18	3.05570721147e-13	1.21939931408e-16	1.20876730407e-15	1.24593111666e-20	9.17736755553e-11
0.0032	6.91558954445e-18	3.70848821191e-13	1.38740537418e-16	1.375308451e-15	1.41759272605e-20	1.04417574005e-10
0.0034	8.29498435086e-18	4.44818367587e-13	1.56625052187e-16	1.55259416368e-15	1.60032927583e-20	1.17877116098e-10
0.0036	9.84659030015e-18	5.28022532929e-13	1.75593475556e-16	1.74062443916e-15	1.79414076575e-20	1.32152290711e-10
0.0038	1.15805370784e-17	6.21004484775e-13	1.95645807365e-16	1.93939927448e-15	1.99902719553e-20	1.4724308672e-10
0.004	1.35069543292e-17	7.24307385644e-13	2.16782047458e-16	2.14891866669e-15	2.21498856492e-20	1.63149493002e-10
0.0042	1.5635971654e-17	8.38474393016e-13	2.39002195675e-16	2.36918261284e-15	2.44202487366e-20	1.79871498435e-10
0.0044	1.79777186117e-17	9.64048659332e-13	2.62306251859e-16	2.60019110996e-15	2.68013612149e-20	1.97409091896e-10
0.0046	2.05423247188e-17	1.101573332e-12	2.86694215849e-16	2.84194415511e-15	2.92932230814e-20	2.15762262262e-10
0.0048	2.33399194496e-17	1.25159155337e-12	3.12166087489e-16	3.09444174533e-15	3.18958343336e-20	2.34930998411e-10
0.005	2.63806322359e-17	1.41464646079e-12	3.38721866619e-16	3.35768387766e-15	3.46091949689e-20	2.54915289221e-10
0.0052	2.96745924672e-17	1.59128118654e-12	3.66361553081e-16	3.63167054915e-15	3.74333049846e-20	2.75715123568e-10
0.0054	3.32319294904e-17	1.78203885787e-12	3.95085146717e-16	3.91640175685e-15	4.03681643781e-20	2.9733049033e-10
0.0056	3.70627726104e-17	1.98746259699e-12	4.24892647368e-16	4.21187749779e-15	4.34137731469e-20	3.19761378386e-10
0.0058	4.11772510895e-17	2.20809552108e-12	4.55784054876e-16	4.51809776903e-15	4.65701312883e-20	3.43007776613e-10
0.006	4.55854941475e-17	2.44448074228e-12	4.87759369081e-16	4.83506256761e-15	4.98372387997e-20	3.6706967389e-10
0.0062	5.02976309622e-17	2.69716136768e-12	5.20818589827e-16	5.16277189057e-15	5.32150956785e-20	3.91947059095e-10
0.0064	5.53237906687e-17	2.96668049934e-12	5.54961716954e-16	5.50122573496e-15	5.67037019221e-20	4.17639921105e-10
0.0066	6.06741023599e-17	3.25358123429e-12	5.90188750304e-16	5.85042409783e-15	6.03030575279e-20	4.44148248799e-10
0.0068	6.63586950863e-17	3.55840666451e-12	6.26499689718e-16	6.21036697621e-15	6.40131624933e-20	4.71472031056e-10
0.007	7.23876978559e-17	3.88169987694e-12	6.63894535038e-16	6.58105436716e-15	6.78340168156e-20	4.99611256754e-10
0.0072	7.87712396345e-17	4.2240039535e-12	7.02373286105e-16	6.96248626772e-15	7.17656204924e-20	5.28565914771e-10
0.0074	8.55194493454e-17	4.58586197106e-12	7.41935942761e-16	7.35466267494e-15	7.58079735209e-20	5.58335993988e-10
0.0076	9.26424558696e-17	4.96781700144e-12	7.82582504848e-16	7.75758358585e-15	7.99610758985e-20	5.88921483281e-10
0.0078	1.00150388046e-16	5.37041211145e-12	8.24312972207e-16	8.17124899751e-15	8.42249276227e-20	6.20322371531e-10
0.008	1.0805337467e-16	5.79419036285e-12	8.67127344679e-16	8.59565890696e-15	8.85995286909e-20	6.52538647616e-10
0.0082	1.16361544497e-16	6.23969481234e-12	9.11025622107e-16	9.03081331124e-15	9.30848791004e-20	6.85570300416e-10
0.0084	1.25085026237e-16	6.70746851162e-12	9.56007804331e-16	9.4767122074e-15	9.76809788486e-20	7.1941731881e-10
0.0086	1.34233948559e-16	7.19805450732e-12	1.00207389119e-15	9.93335559249e-15	1.02387827933e-19	7.54079691677e-10
0.0088	1.43818440091e-16	7.71199584106e-12	1.04922388253e-15	1.04007434635e-14	1.07205426351e-19	7.89557407896e-10
0.009	1.53848629417e-16	8.2498355494e-12	1.0974577782e-15	1.08788758176e-14	1.12133774099e-19	8.25850456348e-10
0.0092	1.64334645079e-16	8.81211666388e-12	1.14677557802e-15	1.13677526517e-14	1.17172871177e-19	8.62958825911e-10
0.0094	1.75286615576e-16	9.39938221098e-12	1.19717728185e-15	1.1867373963e-14	1.22322717579e-19	9.00882505466e-10
0.0096	1.86714669366e-16	1.00121752122e-11	1.24866288953e-15	1.23777397484e-14	1.27583313305e-19	9.39621483892e-10
0.0098	1.98628934864e-16	1.06510386839e-11	1.30123240089e-15	1.2898850005e-14	1.32954658351e-19	9.7917575007e-10
0.01	2.11039540442e-16	1.13165156374e-11	1.35488581579e-15	1.34307047298e-14	1.38436752715e-19	1.01954529288e-09
0.0102	2.2395661443e-16	1.20091490792e-11	1.40962313405e-15	1.39733039199e-14	1.44029596395e-19	1.0607301012e-09
0.0104	2.37390285116e-16	1.27294820106e-11	1.46544435552e-15	1.45266475723e-14	1.49733189387e-19	1.10273016391e-09
0.0106	2.51350680746e-16	1.34780574277e-11	1.52234948005e-15	1.50907356841e-14	1.55547531689e-19	1.1455454699e-09
0.0108	2.65847929523e-16	1.42554183219e-11	1.58033850747e-15	1.56655682524e-14	1.61472623299e-19	1.18917600804e-09
0.011	2.80892159607e-16	1.50621076793e-11	1.63941143763e-15	1.62511452741e-14	1.67508464213e-19	1.23362176721e-09
0.0112	2.96493499116e-16	1.58986684811e-11	1.69956827037e-15	1.68474667463e-14	1.7365505443e-19	1.27888273629e-09
0.0114	3.12662076128e-16	1.67656437034e-11	1.76080900553e-15	1.7454532666e-14	1.79912393946e-19	1.32495890417e-09
0.0116	3.29408018674e-16	1.76635763172e-11	1.82313364295e-15	1.80723430304e-14	1.86280482759e-19	1.37185025973e-09
0.0118	3.46741454747e-16	1.85930092887e-11	1.88654218247e-15	1.87008978364e-14	1.92759320867e-19	1.41955679184e-09
0.012	3.64672512295e-16	1.95544855789e-11	1.95103462393e-15	1.93401970811e-14	1.99348908266e-19	1.46807848939e-09
0.0122	3.83211319224e-16	2.05485481436e-11	2.01661096719e-15	1.99902407616e-14	2.06049244955e-19	1.51741534126e-09
0.0124	4.02368003399e-16	2.15757399339e-11	2.08327121206e-15	2.06510288748e-14	2.1286033093e-19	1.56756733633e-09
0.0126	4.22152692642e-16	2.26366038957e-11	2.15101535841e-15	2.13225614178e-14	2.19782166189e-19	1.61853446348e-09
0.0128	4.42575514732e-16	2.37316829697e-11	2.21984340607e-15	2.20048383877e-14	2.2681475073e-19	1.67031671159e-09
0.013	4.63646597406e-16	2.48615200919e-11	2.28975535488e-15	2.26978597816e-14	2.33958084549e-19	1.72291406955e-09
0.0132	4.85376068358e-16	2.6026658193e-11	2.36075120468e-15	2.34016255964e-14	2.41212167644e-19	1.77632652623e-09
0.0134	5.0777405524e-16	2.72276401987e-11	2.43283095532e-15	2.41161358292e-14	2.48577000013e-19	1.83055407052e-09
0.0136	5.30850685664e-16	2.84650090298e-11	2.50599460663e-15	2.4841390477e-14	2.56052581653e-19	1.88559669131e-09
0.0138	5.54616087195e-16	2.97393076019e-11	2.58024215847e-15	2.5577389537e-14	2.63638912561e-19	1.94145437746e-09
0.014	5.7908038736e-16	3.10510788257e-11	2.65557361066e-15	2.63241330061e-14	2.71335992735e-19	1.99812711787e-09
0.0142	6.04253713641e-16	3.24008656068e-11	2.73198896305e-15	2.70816208813e-14	2.79143822172e-19	2.05561490141e-09
0.0144	6.30146193478e-16	3.37892108457e-11	2.80948821549e-15	2.78498531598e-14	2.8706240087e-19	2.11391771697e-09
0.0146	6.5676795427e-16	3.5216657438e-11	2.88807136781e-15	2.86288298386e-14	2.95091728825e-19	2.17303555344e-09
0.0148	6.84129123372e-16	3.66837482742e-11	2.96773841985e-15	2.94185509147e-14	3.03231806036e-19	2.23296839968e-09
0.015	7.12239828098e-16	3.81910262396e-11	3.04848937147e-15	3.02190163852e-14	3.114826325e-19	2.2937162446e-09
0.0152	7.41110195718e-16	3.97390342148e-11	3.13032422249e-15	3.10302262471e-14	3.19844208213e-19	2.35527907706e-09
0.0154	7.70750353462e-16	4.13283150751e-11	3.21324297276e-15	3.18521804974e-14	3.28316533174e-19	2.41765688595e-09
0.0156	8.01170428514e-16	4.29594116909e-11	3.29724562213e-15	3.26848791333e-14	3.3689960738e-19	2.48084966016e-09
0.0158	8.3238054802e-16	4.46328669274e-11	3.38233217042e-15	3.35283221517e-14	3.45593430828e-19	2.54485738856e-09
0.016	8.6439083908e-16	4.6349223645e-11	3.4685026175e-15	3.43825095496e-14	3.54398003516e-19	2.60968006004e-09
0.0162	8.97211428754e-16	4.81090246988e-11	3.55575696318e-15	3.52474413243e-14	3.63313325441e-19	2.67531766349e-09
0.0164	9.30852444058e-16	4.9912812939e-11	3.64409520733e-15	3.61231174726e-14	3.723393966e-19	2.74177018779e-09
0.0166	9.65324011967e-16	5.17611312109e-11	3.73351734978e-15	3.70095379916e-14	3.81476216991e-19	2.80903762181e-09
0.0168	1.00063625941e-15	5.36545223546e-11	3.82402339037e-15	3.79067028784e-14	3.90723786611e-19	2.87711995445e-09
0.017	1.03679931329e-15	5.5593529205e-11	3.91561332894e-15	3.881461213e-14	4.00082105458e-19	2.94601717459e-09
0.0172	1.07382330043e-15	5.75786945924e-11	4.00828716533e-15	3.97332657435e-14	4.09551173529e-19	3.0157292711e-09
0.0174	1.11171834766e-15	5.96105613416e-11	4.10204489939e-15	4.06626637159e-14	4.19130990821e-19	3.08625623289e-09
0.0176	1.15049458172e-15	6.16896722727e-11	4.19688653096e-15	4.16028060442e-14	4.28821557332e-19	3.15759804882e-09
0.0178	1.19016212935e-15	6.38165702006e-11	4.29281205987e-15	4.25536927255e-14	4.38622873059e-19	3.22975470778e-09
0.018	1.23073111722e-15	6.59917979353e-11	4.38982148598e-15	4.35153237569e-14	4.48534938e-19	3.30272619866e-09
0.0182	1.27221167196e-15	6.82158982815e-11	4.48791480912e-15	4.44876991354e-14	4.58557752152e-19	3.37651251035e-09
0.0184	1.31461392017e-15	7.04894140392e-11	4.58709202913e-15	4.5470818858e-14	4.68691315512e-19	3.45111363171e-09
0.0186	1.35794798839e-15	7.28128880031e-11	4.68735314585e-15	4.64646829218e-14	4.78935628078e-19	3.52652955165e-09
0.0188	1.40222400315e-15	7.51868629629e-11	4.78869815914e-15	4.74692913238e-14	4.89290689847e-19	3.60276025904e-09
0.019	1.44745209089e-15	7.76118817035e-11	4.89112706882e-15	4.8484644061e-14	4.99756500817e-19	3.67980574277e-09
0.0192	1.49364237806e-15	8.00884870044e-11	4.99463987474e-15	4.95107411306e-14	5.10333060984e-19	3.75766599173e-09
0.0194	1.54080499102e-15	8.26172216404e-11	5.09923657674e-15	5.05475825296e-14	5.21020370347e-19	3.83634099479e-09
0.0196	1.58895005612e-15	8.51986283811e-11	5.20491717466e-15	5.15951682549e-14	5.31818428903e-19	3.91583074085e-09
0.0198	1.63808769965e-15	8.7833249991e-11	5.31168166835e-15	5.26534983037e-14	5.42727236648e-19	3.99613521878e-09
0.02	1.68822804786e-15	9.05216292297e-11	5.41953005764e-15	5.3722572673e-14	5.53746793581e-19	4.07725441748e-09
0.0202	1.73938122698e-15	9.32643088517e-11	5.52846234238e-15	5.48023913598e-14	5.64877099699e-19	4.15918832582e-09
0.0204	1.79155736317e-15	9.60618316064e-11	5.63847852241e-15	5.58929543612e-14	5.76118155e-19	4.24193693271e-09
0.0206	1.84476658255e-15	9.89147402383e-11	5.74957859757e-15	5.69942616743e-14	5.8746995948e-19	4.32550022701e-09
0.0208	1.89901901121e-15	1.01823577487e-10	5.8617625677e-15	5.8106313296e-14	5.98932513137e-19	4.40987819761e-09
0.021	1.95432477519e-15	1.04788886086e-10	5.97503043265e-15	5.92291092234e-14	6.10505815968e-19	4.49507083341e-09
0.0212	2.0106940005e-15	1.07811208766e-10	6.08938219225e-15	6.03626494536e-14	6.22189867972e-19	4.58107812328e-09
0.0214	2.06813681308e-15	1.10891088251e-10	6.20481784634e-15	6.15069339836e-14	6.33984669144e-19	4.66790005611e-09
0.0216	2.12666333886e-15	1.14029067259e-10	6.32133739477e-15	6.26619628105e-14	6.45890219483e-19	4.7555366208e-09
0.0218	2.18628370371e-15	1.17225688505e-10	6.43894083739e-15	6.38277359312e-14	6.57906518987e-19	4.84398780621e-09
0.022	2.24700803346e-15	1.20481494699e-10	6.55762817402e-15	6.50042533429e-14	6.70033567651e-19	4.93325360125e-09
0.0222	2.3088464539e-15	1.23797028543e-10	6.67739940452e-15	6.61915150426e-14	6.82271365475e-19	5.0233339948e-09
0.0224	2.37180909076e-15	1.27172832739e-10	6.79825452872e-15	6.73895210273e-14	6.94619912455e-19	5.11422897573e-09
0.0226	2.43590606977e-15	1.30609449979e-10	6.92019354646e-15	6.85982712941e-14	7.07079208588e-19	5.20593853295e-09
0.0228	2.50114751657e-15	1.34107422953e-10	7.0432164576e-15	6.98177658401e-14	7.19649253872e-19	5.29846265533e-09
0.023	2.56754355679e-15	1.37667294344e-10	7.16732326196e-15	7.10480046622e-14	7.32330048305e-19	5.39180133176e-09
0.0232	2.63510431599e-15	1.41289606832e-10	7.29251395939e-15	7.22889877575e-14	7.45121591884e-19	5.48595455114e-09
0.0234	2.70383991973e-15	1.4497490309e-10	7.41878854973e-15	7.35407151231e-14	7.58023884605e-19	5.58092230234e-09
0.0236	2.77376049348e-15	1.48723725788e-10	7.54614703283e-15	7.48031867559e-14	7.71036926468e-19	5.67670457425e-09
0.0238	2.8448761627e-15	1.52536617589e-10	7.67458940852e-15	7.60764026532e-14	7.84160717468e-19	5.77330135576e-09
0.024	2.9171970528e-15	1.56414121152e-10	7.80411567665e-15	7.73603628118e-14	7.97395257603e-19	5.87071263576e-09
0.0242	2.99073328913e-15	1.60356779132e-10	7.93472583706e-15	7.86550672289e-14	8.10740546872e-19	5.96893840313e-09
0.0244	3.06549499702e-15	1.64365134176e-10	8.06641988958e-15	7.99605159014e-14	8.2419658527e-19	6.06797864677e-09
0.0246	3.14149230176e-15	1.68439728928e-10	8.19919783407e-15	8.12767088265e-14	8.37763372796e-19	6.16783335555e-09
0.0248	3.21873532857e-15	1.72581106027e-10	8.33305967036e-15	8.26036460011e-14	8.51440909447e-19	6.26850251837e-09
0.025	3.29723420266e-15	1.76789808108e-10	8.46800539829e-15	8.39413274224e-14	8.6522919522e-19	6.36998612412e-09
0.0252	3.37699904917e-15	1.81066377797e-10	8.60403501771e-15	8.52897530874e-14	8.79128230113e-19	6.47228416168e-09
0.0254	3.45803999321e-15	1.8541135772e-10	8.74114852845e-15	8.6648922993e-14	8.93138014123e-19	6.57539661993e-09
0.0256	3.54036715986e-15	1.89825290494e-10	8.87934593037e-15	8.80188371364e-14	9.07258547248e-19	6.67932348778e-09
0.0258	3.62399067414e-15	1.94308718733e-10	9.01862722329e-15	8.93994955146e-14	9.21489829484e-19	6.7840647541e-09
0.026	3.70892066104e-15	1.98862185045e-10	9.15899240707e-15	9.07908981247e-14	9.3583186083e-19	6.88962040779e-09
0.0262	3.79516724548e-15	2.03486232035e-10	9.30044148153e-15	9.21930449636e-14	9.50284641282e-19	6.99599043772e-09
0.0264	3.88274055238e-15	2.081814023e-10	9.44297444654e-15	9.36059360285e-14	9.64848170839e-19	7.1031748328e-09
0.0266	3.97165070659e-15	2.12948238433e-10	9.58659130192e-15	9.50295713164e-14	9.79522449497e-19	7.21117358191e-09
0.0268	4.06190783292e-15	2.17787283024e-10	9.73129204752e-15	9.64639508243e-14	9.94307477253e-19	7.31998667393e-09
0.027	4.15352205614e-15	2.22699078654e-10	9.87707668317e-15	9.79090745493e-14	1.00920325411e-18	7.42961409777e-09
0.0272	4.24650350099e-15	2.27684167904e-10	1.00239452087e-14	9.93649424883e-14	1.02420978005e-18	7.54005584229e-09
0.0274	4.34086229215e-15	2.32743093345e-10	1.0171897624e-14	1.00831554639e-13	1.03932705509e-18	7.6513118964e-09
0.0276	4.43660855426e-15	2.37876397547e-10	1.03209339289e-14	1.02308910997e-13	1.05455507922e-18	7.76338224899e-09
0.0278	4.53375241192e-15	2.43084623071e-10	1.04710541232e-14	1.03797011561e-13	1.06989385243e-18	7.87626688893e-09
0.028	4.63230398971e-15	2.48368312477e-10	1.06222582068e-14	1.05295856327e-13	1.08534337472e-18	7.98996580513e-09
0.0282	4.73227341212e-15	2.53728008317e-10	1.07745461795e-14	1.06805445292e-13	1.1009036461e-18	8.10447898646e-09
0.0284	4.83367080364e-15	2.5916425314e-10	1.09279180411e-14	1.08325778454e-13	1.11657466655e-18	8.21980642183e-09
0.0286	4.93650628871e-15	2.64677589488e-10	1.10823737915e-14	1.09856855809e-13	1.13235643608e-18	8.33594810012e-09
0.0288	5.0407899917e-15	2.702685599e-10	1.12379134306e-14	1.11398677355e-13	1.14824895468e-18	8.45290401021e-09
0.029	5.14653203698e-15	2.75937706908e-10	1.13945369581e-14	1.12951243088e-13	1.16425222236e-18	8.570674141e-09
0.0292	5.25374254883e-15	2.81685573041e-10	1.1552244374e-14	1.14514553005e-13	1.1803662391e-18	8.68925848138e-09
0.0294	5.36243165154e-15	2.8751270082e-10	1.1711035678e-14	1.16088607105e-13	1.1965910049e-18	8.80865702024e-09
0.0296	5.47260946931e-15	2.93419632765e-10	1.187091087e-14	1.17673405383e-13	1.21292651977e-18	8.92886974647e-09
0.0298	5.58428612633e-15	2.99406911388e-10	1.20318699499e-14	1.19268947837e-13	1.22937278369e-18	9.04989664896e-09
0.03	5.69747174673e-15	3.05475079196e-10	1.21939129174e-14	1.20875234463e-13	1.24592979668e-18	9.17173771659e-09
0.0302	5.81217645461e-15	3.11624678693e-10	1.23570397725e-14	1.22492265259e-13	1.26259755871e-18	9.29439293826e-09
0.0304	5.92841037401e-15	3.17856252376e-10	1.25212505149e-14	1.24120040222e-13	1.27937606981e-18	9.41786230286e-09
0.0306	6.04618362896e-15	3.24170342738e-10	1.26865451445e-14	1.25758559349e-13	1.29626532994e-18	9.54214579928e-09
0.0308	6.1655063434e-15	3.30567492266e-10	1.28529236612e-14	1.27407822637e-13	1.31326533913e-18	9.66724341641e-09
0.031	6.28638864127e-15	3.37048243444e-10	1.30203860647e-14	1.29067830083e-13	1.33037609736e-18	9.79315514314e-09
0.0312	6.40884064646e-15	3.43613138747e-10	1.3188932355e-14	1.30738581684e-13	1.34759760463e-18	9.91988096837e-09
0.0314	6.53287248279e-15	3.5026272065e-10	1.33585625319e-14	1.32420077437e-13	1.36492986094e-18	1.0047420881e-08
0.0316	6.65849427406e-15	3.5699753162e-10	1.35292765952e-14	1.34112317339e-13	1.38237286629e-18	1.01757748698e-08
0.0318	6.78571614404e-15	3.63818114119e-10	1.37010745447e-14	1.35815301387e-13	1.39992662067e-18	1.03049429239e-08
0.032	6.91454821643e-15	3.70725010605e-10	1.38739563804e-14	1.37529029579e-13	1.41759112408e-18	1.0434925032e-08
0.0322	7.04500061491e-15	3.77718763529e-10	1.4047922102e-14	1.3925350191e-13	1.43536637652e-18	1.0565721183e-08
0.0324	7.17708346309e-15	3.8479991534e-10	1.42229717093e-14	1.40988718379e-13	1.45325237799e-18	1.06973313659e-08
0.0326	7.31080688457e-15	3.91969008479e-10	1.43991052023e-14	1.42734678982e-13	1.47124912848e-18	1.08297555695e-08
0.0328	7.4461810029e-15	3.99226585385e-10	1.45763225807e-14	1.44491383717e-13	1.48935662799e-18	1.09629937828e-08
0.033	7.58321594156e-15	4.06573188488e-10	1.47546238445e-14	1.4625883258e-13	1.50757487651e-18	1.10970459945e-08
0.0332	7.72192182402e-15	4.14009360218e-10	1.49340089934e-14	1.48037025569e-13	1.52590387406e-18	1.12319121937e-08
0.0334	7.8623087737e-15	4.21535642994e-10	1.51144780273e-14	1.4982596268e-13	1.54434362061e-18	1.13675923691e-08
0.0336	8.00438691396e-15	4.29152579236e-10	1.5296030946e-14	1.5162564391e-13	1.56289411618e-18	1.15040865097e-08
0.0338	8.14816636815e-15	4.36860711355e-10	1.54786677494e-14	1.53436069258e-13	1.58155536075e-18	1.16413946045e-08
0.034	8.29365725954e-15	4.44660581757e-10	1.56623884373e-14	1.55257238719e-13	1.60032735433e-18	1.17795166421e-08
0.0342	8.44086971138e-15	4.52552732846e-10	1.58471930096e-14	1.5708915229e-13	1.61921009691e-18	1.19184526117e-08
0.0344	8.58981384689e-15	4.60537707018e-10	1.6033081466e-14	1.5893180997e-13	1.63820358849e-18	1.2058202502e-08
0.0346	8.74049978922e-15	4.68616046665e-10	1.62200538065e-14	1.60785211754e-13	1.65730782907e-18	1.2198766302e-08
0.0348	8.89293766149e-15	4.76788294174e-10	1.64081100309e-14	1.6264935764e-13	1.67652281865e-18	1.23401440005e-08
0.035	9.04713758677e-15	4.85054991927e-10	1.6597250139e-14	1.64524247624e-13	1.69584855721e-18	1.24823355864e-08
0.0352	9.20310968811e-15	4.93416682301e-10	1.67874741306e-14	1.66409881705e-13	1.71528504476e-18	1.26253410487e-08
0.0354	9.36086408849e-15	5.01873907668e-10	1.69787820057e-14	1.68306259879e-13	1.7348322813e-18	1.27691603762e-08
0.0356	9.52041091087e-15	5.10427210394e-10	1.7171173764e-14	1.70213382143e-13	1.75449026683e-18	1.29137935578e-08
0.0358	9.68176027815e-15	5.19077132842e-10	1.73646494054e-14	1.72131248493e-13	1.77425900134e-18	1.30592405824e-08
0.036	9.8449223132e-15	5.27824217368e-10	1.75592089297e-14	1.74059858928e-13	1.79413848482e-18	1.32055014389e-08
0.0362	1.00099071388e-14	5.36669006324e-10	1.77548523368e-14	1.75999213444e-13	1.81412871728e-18	1.33525761162e-08
0.0364	1.01767248778e-14	5.45612042056e-10	1.79515796265e-14	1.77949312038e-13	1.83422969872e-18	1.35004646032e-08
0.0366	1.0345385653e-14	5.54653866906e-10	1.81493907986e-14	1.79910154708e-13	1.85444142912e-18	1.36491668888e-08
0.0368	1.05158995869e-14	5.63795023211e-10	1.83482858531e-14	1.8188174145e-13	1.8747639085e-18	1.37986829618e-08
0.037	1.06882768023e-14	5.73036053303e-10	1.85482647896e-14	1.83864072261e-13	1.89519713684e-18	1.39490128112e-08
0.0372	1.08625274217e-14	5.82377499508e-10	1.87493276082e-14	1.85857147138e-13	1.91574111414e-18	1.41001564259e-08
0.0374	1.10386615678e-14	5.91819904147e-10	1.89514743086e-14	1.87860966079e-13	1.93639584041e-18	1.42521137947e-08
0.0376	1.12166893631e-14	6.01363809537e-10	1.91547048906e-14	1.8987552908e-13	1.95716131563e-18	1.44048849066e-08
0.0378	1.139662093e-14	6.11009757989e-10	1.93590193542e-14	1.91900836139e-13	1.97803753981e-18	1.45584697505e-08
0.038	1.1578466391e-14	6.20758291811e-10	1.9564417699e-14	1.93936887252e-13	1.99902451294e-18	1.47128683151e-08
0.0382	1.17622358685e-14	6.30609953302e-10	1.97708999251e-14	1.95983682417e-13	2.02012223502e-18	1.48680805895e-08
0.0384	1.19479394848e-14	6.4056528476e-10	1.99784660322e-14	1.98041221631e-13	2.04133070605e-18	1.50241065625e-08
0.0386	1.21355873623e-14	6.50624828476e-10	2.01871160202e-14	2.0010950489e-13	2.06264992602e-18	1.51809462231e-08
0.0388	1.23251896233e-14	6.60789126737e-10	2.03968498889e-14	2.02188532192e-13	2.08407989494e-18	1.533859956e-08
0.039	1.25167563899e-14	6.71058721822e-10	2.06076676381e-14	2.04278303534e-13	2.1056206128e-18	1.54970665623e-08
0.0392	1.27102977843e-14	6.8143415601e-10	2.08195692677e-14	2.06378818913e-13	2.12727207959e-18	1.56563472188e-08
0.0394	1.29058239288e-14	6.9191597157e-10	2.10325547776e-14	2.08490078325e-13	2.14903429532e-18	1.58164415183e-08
0.0396	1.31033449453e-14	7.02504710769e-10	2.12466241675e-14	2.10612081769e-13	2.17090725998e-18	1.59773494499e-08
0.0398	1.33028709561e-14	7.13200915868e-10	2.14617774374e-14	2.1274482924e-13	2.19289097357e-18	1.61390710024e-08
0.04	1.3504412083e-14	7.24005129124e-10	2.1678014587e-14	2.14888320737e-13	2.21498543608e-18	1.63016061646e-08
0.0402	1.3707978448e-14	7.34917892786e-10	2.18953356162e-14	2.17042556255e-13	2.23719064752e-18	1.64649549255e-08
0.0404	1.39135801732e-14	7.45939749103e-10	2.21137405248e-14	2.19207535792e-13	2.25950660788e-18	1.66291172741e-08
0.0406	1.41212273803e-14	7.57071240313e-10	2.23332293128e-14	2.21383259346e-13	2.28193331716e-18	1.6794093199e-08
0.0408	1.43309301912e-14	7.68312908653e-10	2.25538019798e-14	2.23569726913e-13	2.30447077536e-18	1.69598826894e-08
0.041	1.45426987278e-14	7.79665296355e-10	2.27754585259e-14	2.2576693849e-13	2.32711898247e-18	1.7126485734e-08
0.0412	1.47565431118e-14	7.91128945644e-10	2.29981989507e-14	2.27974894074e-13	2.34987793849e-18	1.72939023217e-08
0.0414	1.49724734649e-14	8.02704398741e-10	2.32220232542e-14	2.30193593663e-13	2.37274764342e-18	1.74621324416e-08
0.0416	1.51904999088e-14	8.14392197861e-10	2.34469314362e-14	2.32423037253e-13	2.39572809726e-18	1.76311760823e-08
0.0418	1.54106325652e-14	8.26192885216e-10	2.36729234965e-14	2.34663224842e-13	2.4188193e-18	1.78010332329e-08
0.042	1.56328815556e-14	8.38107003011e-10	2.3899999435e-14	2.36914156426e-13	2.44202125164e-18	1.79717038823e-08
0.0422	1.58572570015e-14	8.50135093447e-10	2.41281592515e-14	2.39175832002e-13	2.46533395218e-18	1.81431880193e-08
0.0424	1.60837690246e-14	8.6227769872e-10	2.43574029458e-14	2.41448251568e-13	2.48875740161e-18	1.83154856328e-08
0.0426	1.63124277462e-14	8.74535361021e-10	2.45877305179e-14	2.4373141512e-13	2.51229159994e-18	1.84885967118e-08
0.0428	1.65432432878e-14	8.86908622534e-10	2.48191419675e-14	2.46025322657e-13	2.53593654715e-18	1.86625212451e-08
0.043	1.67762257708e-14	8.99398025441e-10	2.50516372945e-14	2.48329974173e-13	2.55969224326e-18	1.88372592216e-08
0.0432	1.70113853165e-14	9.12004111917e-10	2.52852164987e-14	2.50645369668e-13	2.58355868825e-18	1.90128106303e-08
0.0434	1.72487320462e-14	9.24727424132e-10	2.55198795799e-14	2.52971509137e-13	2.60753588212e-18	1.91891754599e-08
0.0436	1.74882760812e-14	9.37568504253e-10	2.57556265381e-14	2.55308392579e-13	2.63162382487e-18	1.93663536995e-08
0.0438	1.77300275427e-14	9.5052789444e-10	2.5992457373e-14	2.57656019989e-13	2.6558225165e-18	1.95443453379e-08
0.044	1.79739965518e-14	9.63606136847e-10	2.62303720845e-14	2.60014391365e-13	2.680131957e-18	1.9723150364e-08
0.0442	1.82201932297e-14	9.76803773626e-10	2.64693706725e-14	2.62383506703e-13	2.70455214638e-18	1.99027687667e-08
0.0444	1.84686276974e-14	9.90121346922e-10	2.67094531367e-14	2.64763366002e-13	2.72908308462e-18	2.0083200535e-08
0.0446	1.87193100761e-14	1.00355939887e-09	2.69506194771e-14	2.67153969258e-13	2.75372477174e-18	2.02644456576e-08
0.0448	1.89722504866e-14	1.01711847162e-09	2.71928696933e-14	2.69555316468e-13	2.77847720771e-18	2.04465041235e-08
0.045	1.92274590501e-14	1.03079910729e-09	2.74362037854e-14	2.7196740763e-13	2.80334039255e-18	2.06293759216e-08
0.0452	1.94849458873e-14	1.044601848e-09	2.76806217532e-14	2.74390242739e-13	2.82831432625e-18	2.08130610409e-08
0.0454	1.97447211192e-14	1.05852723589e-09	2.79261235964e-14	2.76823821793e-13	2.8533990088e-18	2.09975594701e-08
0.0456	2.00067948666e-14	1.07257581306e-09	2.81727093149e-14	2.7926814479e-13	2.87859444021e-18	2.11828711982e-08
0.0458	2.02711772503e-14	1.08674812162e-09	2.84203789086e-14	2.81723211726e-13	2.90390062046e-18	2.13689962141e-08
0.046	2.0537878391e-14	1.10104470368e-09	2.86691323773e-14	2.84189022599e-13	2.92931754957e-18	2.15559345067e-08
0.0462	2.08069084094e-14	1.11546610134e-09	2.89189697208e-14	2.86665577405e-13	2.95484522752e-18	2.17436860648e-08
0.0464	2.10782774263e-14	1.13001285669e-09	2.91698909391e-14	2.89152876141e-13	2.98048365432e-18	2.19322508775e-08
0.0466	2.13519955621e-14	1.14468551182e-09	2.94218960318e-14	2.91650918805e-13	3.00623282995e-18	2.21216289336e-08
0.0468	2.16280729376e-14	1.15948460883e-09	2.9674984999e-14	2.94159705393e-13	3.03209275443e-18	2.23118202219e-08
0.047	2.19065196732e-14	1.17441068978e-09	2.99291578403e-14	2.96679235903e-13	3.05806342774e-18	2.25028247314e-08
0.0472	2.21873458895e-14	1.18946429676e-09	3.01844145557e-14	2.99209510332e-13	3.08414484988e-18	2.2694642451e-08
0.0474	2.24705617068e-14	1.20464597183e-09	3.0440755145e-14	3.01750528676e-13	3.11033702085e-18	2.28872733696e-08
0.0476	2.27561772456e-14	1.21995625706e-09	3.06981796081e-14	3.04302290933e-13	3.13663994065e-18	2.3080717476e-08
0.0478	2.30442026263e-14	1.2353956945e-09	3.09566879447e-14	3.068647971e-13	3.16305360928e-18	2.32749747592e-08
0.048	2.33346479691e-14	1.25096482622e-09	3.12162801547e-14	3.09438047174e-13	3.18957802673e-18	2.34700452082e-08
0.0482	2.36275233944e-14	1.26666419427e-09	3.1476956238e-14	3.12022041151e-13	3.216213193e-18	2.36659288116e-08
0.0484	2.39228390224e-14	1.28249434068e-09	3.17387161944e-14	3.14616779029e-13	3.24295910808e-18	2.38626255586e-08
0.0486	2.42206049733e-14	1.29845580749e-09	3.20015600238e-14	3.17222260806e-13	3.26981577198e-18	2.40601354379e-08
0.0488	2.45208313673e-14	1.31454913675e-09	3.22654877259e-14	3.19838486477e-13	3.29678318469e-18	2.42584584385e-08
0.049	2.48235283244e-14	1.33077487048e-09	3.25304993007e-14	3.2246545604e-13	3.32386134622e-18	2.44575945493e-08
0.0492	2.51287059648e-14	1.34713355071e-09	3.27965947479e-14	3.25103169492e-13	3.35105025654e-18	2.46575437592e-08
0.0494	2.54363744084e-14	1.36362571945e-09	3.30637740674e-14	3.27751626831e-13	3.37834991568e-18	2.4858306057e-08
0.0496	2.57465437753e-14	1.38025191872e-09	3.33320372591e-14	3.30410828053e-13	3.40576032361e-18	2.50598814317e-08
0.0498	2.60592241854e-14	1.39701269053e-09	3.36013843228e-14	3.33080773155e-13	3.43328148034e-18	2.52622698722e-08
0.05	2.63744257585e-14	1.41390857689e-09	3.38718152584e-14	3.35761462134e-13	3.46091338587e-18	2.54654713674e-08
0.0502	2.66921586147e-14	1.43094011979e-09	3.41433300656e-14	3.38452894987e-13	3.4886560402e-18	2.56694859061e-08
0.0504	2.70124328735e-14	1.44810786122e-09	3.44159287443e-14	3.41155071712e-13	3.51650944331e-18	2.58743134773e-08
0.0506	2.7335258655e-14	1.46541234319e-09	3.46896112944e-14	3.43867992305e-13	3.54447359522e-18	2.60799540699e-08
0.0508	2.76606460787e-14	1.48285410766e-09	3.49643777157e-14	3.46591656764e-13	3.5725484959e-18	2.62864076728e-08
0.051	2.79886052643e-14	1.50043369663e-09	3.5240228008e-14	3.49326065085e-13	3.60073414538e-18	2.64936742748e-08
0.0512	2.83191463316e-14	1.51815165206e-09	3.55171621712e-14	3.52071217266e-13	3.62903054363e-18	2.67017538649e-08
0.0514	2.86522794001e-14	1.53600851592e-09	3.57951802052e-14	3.54827113303e-13	3.65743769066e-18	2.6910646432e-08
0.0516	2.89880145894e-14	1.55400483019e-09	3.60742821097e-14	3.57593753194e-13	3.68595558647e-18	2.7120351965e-08
0.0518	2.93263620189e-14	1.57214113681e-09	3.63544678846e-14	3.60371136935e-13	3.71458423105e-18	2.73308704528e-08
0.052	2.96673318082e-14	1.59041797775e-09	3.66357375298e-14	3.63159264525e-13	3.7433236244e-18	2.75422018842e-08
0.0522	3.00109340768e-14	1.60883589494e-09	3.6918091045e-14	3.65958135959e-13	3.77217376652e-18	2.77543462482e-08
0.0524	3.03571789439e-14	1.62739543034e-09	3.72015284302e-14	3.68767751234e-13	3.8011346574e-18	2.79673035338e-08
0.0526	3.0706076529e-14	1.64609712589e-09	3.74860496852e-14	3.71588110349e-13	3.83020629705e-18	2.81810737297e-08
0.0528	3.10576369513e-14	1.66494152351e-09	3.77716548098e-14	3.744192133e-13	3.85938868545e-18	2.83956568249e-08
0.053	3.14118703302e-14	1.68392916514e-09	3.80583438039e-14	3.77261060083e-13	3.88868182261e-18	2.86110528083e-08
0.0532	3.17687867848e-14	1.7030605927e-09	3.83461166672e-14	3.80113650697e-13	3.91808570853e-18	2.88272616687e-08
0.0534	3.21283964343e-14	1.72233634812e-09	3.86349733997e-14	3.82976985137e-13	3.9476003432e-18	2.90442833952e-08
0.0536	3.24907093979e-14	1.74175697329e-09	3.89249140012e-14	3.85851063402e-13	3.97722572662e-18	2.92621179766e-08
0.0538	3.28557357946e-14	1.76132301014e-09	3.92159384715e-14	3.88735885487e-13	4.00696185878e-18	2.94807654018e-08
0.054	3.32234857436e-14	1.78103500057e-09	3.95080468105e-14	3.91631451391e-13	4.03680873969e-18	2.97002256596e-08
0.0542	3.35939693638e-14	1.80089348647e-09	3.9801239018e-14	3.9453776111e-13	4.06676636935e-18	2.99204987391e-08
0.0544	3.39671967742e-14	1.82089900974e-09	4.00955150938e-14	3.97454814642e-13	4.09683474774e-18	3.01415846291e-08
0.0546	3.43431780937e-14	1.84105211227e-09	4.03908750378e-14	4.00382611982e-13	4.12701387486e-18	3.03634833185e-08
0.0548	3.47219234412e-14	1.86135333594e-09	4.06873188499e-14	4.03321153129e-13	4.15730375072e-18	3.05861947962e-08
0.055	3.51034429356e-14	1.88180322263e-09	4.09848465298e-14	4.0627043808e-13	4.18770437532e-18	3.08097190511e-08
0.0552	3.54877466956e-14	1.90240231422e-09	4.12834580774e-14	4.0923046683e-13	4.21821574864e-18	3.10340560722e-08
0.0554	3.587484484e-14	1.92315115257e-09	4.15831534926e-14	4.12201239379e-13	4.24883787068e-18	3.12592058482e-08
0.0556	3.62647474875e-14	1.94405027954e-09	4.18839327752e-14	4.15182755722e-13	4.27957074145e-18	3.14851683682e-08
0.0558	3.66574647568e-14	1.965100237e-09	4.21857959251e-14	4.18175015856e-13	4.31041436095e-18	3.1711943621e-08
0.056	3.70530067666e-14	1.9863015668e-09	4.2488742942e-14	4.21178019779e-13	4.34136872915e-18	3.19395315956e-08
0.0562	3.74513836354e-14	2.00765481079e-09	4.27927738259e-14	4.24191767488e-13	4.37243384608e-18	3.21679322807e-08
0.0564	3.78526054817e-14	2.0291605108e-09	4.30978885765e-14	4.27216258979e-13	4.40360971172e-18	3.23971456655e-08
0.0566	3.8256682424e-14	2.05081920869e-09	4.34040871937e-14	4.3025149425e-13	4.43489632606e-18	3.26271717386e-08
0.0568	3.86636245809e-14	2.07263144628e-09	4.37113696774e-14	4.33297473298e-13	4.46629368912e-18	3.28580104891e-08
0.057	3.90734420708e-14	2.0945977654e-09	4.40197360273e-14	4.3635419612e-13	4.49780180088e-18	3.30896619059e-08
0.0572	3.94861450119e-14	2.11671870787e-09	4.43291862434e-14	4.39421662712e-13	4.52942066134e-18	3.33221259778e-08
0.0574	3.99017435227e-14	2.13899481551e-09	4.46397203255e-14	4.42499873073e-13	4.56115027051e-18	3.35554026937e-08
0.0576	4.03202477215e-14	2.16142663014e-09	4.49513382733e-14	4.45588827199e-13	4.59299062837e-18	3.37894920426e-08
0.0578	4.07416677264e-14	2.18401469357e-09	4.52640400869e-14	4.48688525086e-13	4.62494173492e-18	3.40243940134e-08
0.058	4.11660136557e-14	2.20675954759e-09	4.55778257659e-14	4.51798966733e-13	4.65700359017e-18	3.42601085949e-08
0.0582	4.15932956276e-14	2.22966173401e-09	4.58926953103e-14	4.54920152136e-13	4.68917619411e-18	3.44966357762e-08
0.0584	4.20235237602e-14	2.25272179462e-09	4.62086487198e-14	4.58052081291e-13	4.72145954673e-18	3.4733975546e-08
0.0586	4.24567081716e-14	2.2759402712e-09	4.65256859944e-14	4.61194754198e-13	4.75385364804e-18	3.49721278932e-08
0.0588	4.28928589797e-14	2.29931770554e-09	4.68438071338e-14	4.64348170851e-13	4.78635849803e-18	3.52110928069e-08
0.059	4.33319863026e-14	2.32285463942e-09	4.7163012138e-14	4.67512331249e-13	4.8189740967e-18	3.54508702759e-08
0.0592	4.37741002583e-14	2.34655161461e-09	4.74833010067e-14	4.70687235388e-13	4.85170044404e-18	3.5691460289e-08
0.0594	4.42192109647e-14	2.37040917288e-09	4.78046737397e-14	4.73872883265e-13	4.88453754006e-18	3.59328628353e-08
0.0596	4.46673285395e-14	2.39442785599e-09	4.81271303371e-14	4.77069274878e-13	4.91748538475e-18	3.61750779036e-08
0.0598	4.51184631008e-14	2.41860820571e-09	4.84506707984e-14	4.80276410223e-13	4.95054397811e-18	3.64181054827e-08
0.06	4.55726247661e-14	2.44295076377e-09	4.87752951237e-14	4.83494289298e-13	4.98371332014e-18	3.66619455617e-08
0.0602	4.60298236534e-14	2.46745607194e-09	4.91010033128e-14	4.86722912099e-13	5.01699341083e-18	3.69065981294e-08
0.0604	4.64900698802e-14	2.49212467195e-09	4.94277953654e-14	4.89962278624e-13	5.05038425017e-18	3.71520631748e-08
0.0606	4.69533735642e-14	2.51695710554e-09	4.97556712815e-14	4.9321238887e-13	5.08388583818e-18	3.73983406867e-08
0.0608	4.74197448231e-14	2.54195391444e-09	5.00846310608e-14	4.96473242833e-13	5.11749817484e-18	3.7645430654e-08
0.061	4.78891937744e-14	2.56711564039e-09	5.04146747033e-14	4.99744840512e-13	5.15122126016e-18	3.78933330656e-08
0.0612	4.83617305357e-14	2.5924428251e-09	5.07458022088e-14	5.03027181901e-13	5.18505509413e-18	3.81420479106e-08
0.0614	4.88373652244e-14	2.61793601029e-09	5.1078013577e-14	5.06320267e-13	5.21899967674e-18	3.83915751776e-08
0.0616	4.9316107958e-14	2.64359573768e-09	5.14113088079e-14	5.09624095805e-13	5.253055008e-18	3.86419148558e-08
0.0618	4.97979688538e-14	2.66942254897e-09	5.17456879013e-14	5.12938668312e-13	5.2872210879e-18	3.88930669339e-08
0.062	5.02829580293e-14	2.69541698587e-09	5.2081150857e-14	5.1626398452e-13	5.32149791644e-18	3.91450314009e-08
0.0622	5.07710856018e-14	2.72157959007e-09	5.24176976749e-14	5.19600044424e-13	5.35588549362e-18	3.93978082456e-08
0.0624	5.12623616885e-14	2.74791090327e-09	5.27553283547e-14	5.22946848023e-13	5.39038381944e-18	3.96513974571e-08
0.0626	5.17567964067e-14	2.77441146715e-09	5.30940428965e-14	5.26304395313e-13	5.42499289388e-18	3.99057990241e-08
0.0628	5.22543998735e-14	2.80108182339e-09	5.34338412999e-14	5.29672686291e-13	5.45971271696e-18	4.01610129357e-08
0.063	5.27551822061e-14	2.82792251368e-09	5.37747235649e-14	5.33051720954e-13	5.49454328866e-18	4.04170391806e-08
0.0632	5.32591535217e-14	2.85493407968e-09	5.41166896912e-14	5.36441499299e-13	5.52948460899e-18	4.06738777479e-08
0.0634	5.37663239372e-14	2.88211706307e-09	5.44597396788e-14	5.39842021323e-13	5.56453667794e-18	4.09315286264e-08
0.0636	5.42767035697e-14	2.9094720055e-09	5.48038735274e-14	5.43253287024e-13	5.5996994955e-18	4.1189991805e-08
0.0638	5.47903025362e-14	2.93699944863e-09	5.51490912369e-14	5.46675296399e-13	5.63497306169e-18	4.14492672727e-08
0.064	5.53071309536e-14	2.96469993412e-09	5.54953928072e-14	5.50108049443e-13	5.67035737649e-18	4.17093550183e-08
0.0642	5.58271989388e-14	2.99257400361e-09	5.58427782381e-14	5.53551546156e-13	5.7058524399e-18	4.19702550308e-08
0.0644	5.63505166087e-14	3.02062219875e-09	5.61912475294e-14	5.57005786532e-13	5.74145825191e-18	4.2231967299e-08
0.0646	5.68770940801e-14	3.04884506117e-09	5.65408006809e-14	5.60470770571e-13	5.77717481254e-18	4.24944918119e-08
0.0648	5.74069414696e-14	3.0772431325e-09	5.68914376926e-14	5.63946498267e-13	5.81300212177e-18	4.27578285584e-08
0.065	5.79400688942e-14	3.10581695437e-09	5.72431585642e-14	5.6743296962e-13	5.84894017959e-18	4.30219775273e-08
0.0652	5.84764864704e-14	3.13456706841e-09	5.75959632956e-14	5.70930184625e-13	5.88498898602e-18	4.32869387077e-08
0.0654	5.90162043148e-14	3.16349401622e-09	5.79498518866e-14	5.7443814328e-13	5.92114854104e-18	4.35527120883e-08
0.0656	5.95592325442e-14	3.19259833943e-09	5.83048243372e-14	5.77956845582e-13	5.95741884466e-18	4.38192976581e-08
0.0658	6.0105581275e-14	3.22188057964e-09	5.8660880647e-14	5.81486291527e-13	5.99379989686e-18	4.40866954061e-08
0.066	6.06552606237e-14	3.25134127845e-09	5.9018020816e-14	5.85026481114e-13	6.03029169766e-18	4.43549053211e-08
0.0662	6.12082807069e-14	3.28098097746e-09	5.9376244844e-14	5.88577414338e-13	6.06689424704e-18	4.4623927392e-08
0.0664	6.17646516409e-14	3.31080021826e-09	5.97355527308e-14	5.92139091198e-13	6.103607545e-18	4.48937616078e-08
0.0666	6.23243835421e-14	3.34079954244e-09	6.00959444763e-14	5.95711511689e-13	6.14043159154e-18	4.51644079573e-08
0.0668	6.2887486527e-14	3.37097949157e-09	6.04574200804e-14	5.99294675809e-13	6.17736638666e-18	4.54358664294e-08
0.067	6.34539707117e-14	3.40134060724e-09	6.08199795428e-14	6.02888583556e-13	6.21441193035e-18	4.57081370132e-08
0.0672	6.40238462125e-14	3.43188343103e-09	6.11836228634e-14	6.06493234925e-13	6.25156822261e-18	4.59812196974e-08
0.0674	6.45971231458e-14	3.46260850448e-09	6.15483500421e-14	6.10108629915e-13	6.28883526345e-18	4.6255114471e-08
0.0676	6.51738116275e-14	3.49351636918e-09	6.19141610786e-14	6.13734768522e-13	6.32621305285e-18	4.65298213229e-08
0.0678	6.57539217739e-14	3.52460756666e-09	6.22810559729e-14	6.17371650744e-13	6.36370159082e-18	4.6805340242e-08
0.068	6.63374637011e-14	3.55588263849e-09	6.26490347248e-14	6.21019276576e-13	6.40130087735e-18	4.70816712172e-08
0.0682	6.6924447525e-14	3.58734212622e-09	6.30180973341e-14	6.24677646018e-13	6.43901091243e-18	4.73588142374e-08
0.0684	6.75148833618e-14	3.61898657138e-09	6.33882438006e-14	6.28346759064e-13	6.47683169608e-18	4.76367692916e-08
0.0686	6.81087813273e-14	3.6508165155e-09	6.37594741243e-14	6.32026615713e-13	6.51476322827e-18	4.79155363685e-08
0.0688	6.87061515376e-14	3.68283250013e-09	6.41317883049e-14	6.35717215961e-13	6.55280550902e-18	4.81951154573e-08
0.069	6.93070041084e-14	3.71503506679e-09	6.45051863422e-14	6.39418559806e-13	6.59095853832e-18	4.84755065467e-08
0.0692	6.99113491556e-14	3.747424757e-09	6.48796682362e-14	6.43130647245e-13	6.62922231616e-18	4.87567096257e-08
0.0694	7.0519196795e-14	3.78000211228e-09	6.52552339867e-14	6.46853478274e-13	6.66759684255e-18	4.90387246832e-08
0.0696	7.11305571423e-14	3.81276767413e-09	6.56318835934e-14	6.50587052891e-13	6.70608211748e-18	4.9321551708e-08
0.0698	7.17454403133e-14	3.84572198407e-09	6.60096170563e-14	6.54331371093e-13	6.74467814095e-18	4.96051906892e-08
0.07	7.23638564236e-14	3.87886558359e-09	6.63884343752e-14	6.58086432876e-13	6.78338491295e-18	4.98896416155e-08
0.0702	7.29858155889e-14	3.9121990142e-09	6.676833555e-14	6.61852238239e-13	6.82220243348e-18	5.0174904476e-08
0.0704	7.36113279247e-14	3.94572281738e-09	6.71493205804e-14	6.65628787177e-13	6.86113070255e-18	5.04609792595e-08
0.0706	7.42404035466e-14	3.97943753462e-09	6.75313894663e-14	6.69416079688e-13	6.90016972014e-18	5.0747865955e-08
0.0708	7.487305257e-14	4.01334370741e-09	6.79145422076e-14	6.73214115769e-13	6.93931948626e-18	5.10355645513e-08
0.071	7.55092851105e-14	4.04744187721e-09	6.8298778804e-14	6.77022895417e-13	6.9785800009e-18	5.13240750374e-08
0.0712	7.61491112834e-14	4.0817325855e-09	6.86840992555e-14	6.80842418629e-13	7.01795126406e-18	5.16133974022e-08
0.0714	7.67925412041e-14	4.11621637375e-09	6.90705035619e-14	6.84672685402e-13	7.05743327574e-18	5.19035316345e-08
0.0716	7.74395849879e-14	4.15089378341e-09	6.9457991723e-14	6.88513695734e-13	7.09702603593e-18	5.21944777234e-08
0.0718	7.80902527501e-14	4.18576535594e-09	6.98465637387e-14	6.9236544962e-13	7.13672954464e-18	5.24862356576e-08
0.072	7.87445546061e-14	4.2208316328e-09	7.02362196088e-14	6.96227947059e-13	7.17654380186e-18	5.27788054262e-08
0.0722	7.94025006708e-14	4.25609315543e-09	7.06269593331e-14	7.00101188047e-13	7.21646880758e-18	5.3072187018e-08
0.0724	8.00641010596e-14	4.29155046528e-09	7.10187829115e-14	7.03985172581e-13	7.2565045618e-18	5.3366380422e-08
0.0726	8.07293658875e-14	4.32720410376e-09	7.14116903439e-14	7.07879900659e-13	7.29665106453e-18	5.3661385627e-08
0.0728	8.13983052696e-14	4.36305461233e-09	7.180568163e-14	7.11785372277e-13	7.33690831576e-18	5.39572026219e-08
0.073	8.2070929321e-14	4.3991025324e-09	7.22007567697e-14	7.15701587433e-13	7.37727631548e-18	5.42538313958e-08
0.0732	8.27472481566e-14	4.4353484054e-09	7.25969157629e-14	7.19628546123e-13	7.4177550637e-18	5.45512719374e-08
0.0734	8.34272718914e-14	4.47179277274e-09	7.29941586094e-14	7.23566248345e-13	7.45834456041e-18	5.48495242358e-08
0.0736	8.41110106402e-14	4.50843617583e-09	7.3392485309e-14	7.27514694095e-13	7.49904480561e-18	5.51485882797e-08
0.0738	8.4798474518e-14	4.54527915608e-09	7.37918958616e-14	7.31473883371e-13	7.53985579929e-18	5.54484640582e-08
0.074	8.54896736396e-14	4.58232225489e-09	7.4192390267e-14	7.35443816169e-13	7.58077754146e-18	5.57491515602e-08
0.0742	8.61846181197e-14	4.61956601365e-09	7.45939685251e-14	7.39424492488e-13	7.62181003211e-18	5.60506507745e-08
0.0744	8.6883318073e-14	4.65701097376e-09	7.49966306357e-14	7.43415912323e-13	7.66295327124e-18	5.635296169e-08
0.0746	8.75857836144e-14	4.6946576766e-09	7.54003765986e-14	7.47418075672e-13	7.70420725884e-18	5.66560842957e-08
0.0748	8.82920248583e-14	4.73250666356e-09	7.58052064137e-14	7.51430982531e-13	7.74557199491e-18	5.69600185805e-08
0.075	8.90020519195e-14	4.770558476e-09	7.62111200809e-14	7.55454632899e-13	7.78704747946e-18	5.72647645334e-08
0.0752	8.97158749125e-14	4.8088136553e-09	7.66181175999e-14	7.59489026772e-13	7.82863371247e-18	5.75703221431e-08
0.0754	9.04335039517e-14	4.84727274283e-09	7.70261989706e-14	7.63534164146e-13	7.87033069395e-18	5.78766913987e-08
0.0756	9.11549491518e-14	4.88593627994e-09	7.74353641929e-14	7.6759004502e-13	7.9121384239e-18	5.8183872289e-08
0.0758	9.18802206271e-14	4.92480480799e-09	7.78456132666e-14	7.7165666939e-13	7.9540569023e-18	5.8491864803e-08
0.076	9.26093284921e-14	4.96387886833e-09	7.82569461915e-14	7.75734037253e-13	7.99608612916e-18	5.88006689295e-08
0.0762	9.3342282861e-14	5.00315900231e-09	7.86693629675e-14	7.79822148606e-13	8.03822610447e-18	5.91102846575e-08
0.0764	9.40790938482e-14	5.04264575127e-09	7.90828635944e-14	7.83921003446e-13	8.08047682824e-18	5.94207119759e-08
0.0766	9.4819771568e-14	5.08233965654e-09	7.94974480721e-14	7.88030601771e-13	8.12283830045e-18	5.97319508736e-08
0.0768	9.55643261346e-14	5.12224125945e-09	7.99131164003e-14	7.92150943577e-13	8.16531052112e-18	6.00440013396e-08
0.077	9.63127676621e-14	5.16235110134e-09	8.0329868579e-14	7.96282028861e-13	8.20789349022e-18	6.03568633627e-08
0.0772	9.70651062648e-14	5.20266972351e-09	8.0747704608e-14	8.00423857621e-13	8.25058720777e-18	6.06705369318e-08
0.0774	9.78213520567e-14	5.24319766729e-09	8.11666244872e-14	8.04576429853e-13	8.29339167376e-18	6.09850220359e-08
0.0776	9.85815151519e-14	5.28393547398e-09	8.15866282162e-14	8.08739745554e-13	8.33630688819e-18	6.13003186639e-08
0.0778	9.93456056644e-14	5.3248836849e-09	8.20077157951e-14	8.12913804722e-13	8.37933285104e-18	6.16164268047e-08
0.078	1.00113633708e-13	5.36604284133e-09	8.24298872237e-14	8.17098607354e-13	8.42246956234e-18	6.19333464472e-08
0.0782	1.00885609397e-13	5.40741348458e-09	8.28531425018e-14	8.21294153447e-13	8.46571702205e-18	6.22510775803e-08
0.0784	1.01661542845e-13	5.44899615594e-09	8.32774816291e-14	8.25500442997e-13	8.5090752302e-18	6.25696201929e-08
0.0786	1.02441444166e-13	5.49079139669e-09	8.37029046057e-14	8.29717476002e-13	8.55254418677e-18	6.2888974274e-08
0.0788	1.03225323474e-13	5.53279974811e-09	8.41294114313e-14	8.33945252458e-13	8.59612389176e-18	6.32091398125e-08
0.079	1.04013190882e-13	5.57502175148e-09	8.45570021057e-14	8.38183772363e-13	8.63981434517e-18	6.35301167972e-08
0.0792	1.04805056504e-13	5.61745794807e-09	8.49856766288e-14	8.42433035715e-13	8.68361554699e-18	6.38519052172e-08
0.0794	1.05600930455e-13	5.66010887914e-09	8.54154350005e-14	8.46693042509e-13	8.72752749723e-18	6.41745050613e-08
0.0796	1.06400822846e-13	5.70297508595e-09	8.58462772206e-14	8.50963792743e-13	8.77155019587e-18	6.44979163183e-08
0.0798	1.07204743793e-13	5.74605710976e-09	8.62782032889e-14	8.55245286414e-13	8.81568364293e-18	6.48221389774e-08
0.08	1.08012703409e-13	5.78935549181e-09	8.67112132052e-14	8.59537523519e-13	8.85992783839e-18	6.51471730273e-08
0.0802	1.08824711807e-13	5.83287077336e-09	8.71453069695e-14	8.63840504055e-13	8.90428278225e-18	6.54730184569e-08
0.0804	1.096407791e-13	5.87660349565e-09	8.75804845815e-14	8.6815422802e-13	8.94874847452e-18	6.57996752553e-08
0.0806	1.10460915403e-13	5.9205541999e-09	8.80167460411e-14	8.72478695409e-13	8.99332491518e-18	6.61271434112e-08
0.0808	1.11285130827e-13	5.96472342734e-09	8.84540913481e-14	8.76813906221e-13	9.03801210423e-18	6.64554229137e-08
0.081	1.12113435488e-13	6.00911171921e-09	8.88925205024e-14	8.81159860452e-13	9.08281004168e-18	6.67845137516e-08
0.0812	1.12945839498e-13	6.05371961673e-09	8.93320335039e-14	8.855165581e-13	9.12771872752e-18	6.71144159139e-08
0.0814	1.1378235297e-13	6.0985476611e-09	8.97726303522e-14	8.8988399916e-13	9.17273816174e-18	6.74451293894e-08
0.0816	1.14622986018e-13	6.14359639354e-09	9.02143110474e-14	8.94262183631e-13	9.21786834435e-18	6.77766541671e-08
0.0818	1.15467748754e-13	6.18886635524e-09	9.06570755892e-14	8.9865111151e-13	9.26310927534e-18	6.8108990236e-08
0.082	1.16316651292e-13	6.23435808743e-09	9.11009239776e-14	9.03050782793e-13	9.30846095471e-18	6.84421375848e-08
0.0822	1.17169703745e-13	6.28007213127e-09	9.15458562122e-14	9.07461197478e-13	9.35392338246e-18	6.87760962026e-08
0.0824	1.18026916227e-13	6.32600902798e-09	9.1991872293e-14	9.11882355561e-13	9.39949655858e-18	6.91108660782e-08
0.0826	1.18888298849e-13	6.37216931872e-09	9.24389722198e-14	9.1631425704e-13	9.44518048307e-18	6.94464472006e-08
0.0828	1.19753861725e-13	6.41855354469e-09	9.28871559924e-14	9.20756901911e-13	9.49097515593e-18	6.97828395587e-08
0.083	1.20623614967e-13	6.46516224705e-09	9.33364236108e-14	9.25210290172e-13	9.53688057716e-18	7.01200431413e-08
0.0832	1.2149756869e-13	6.51199596697e-09	9.37867750746e-14	9.2967442182e-13	9.58289674675e-18	7.04580579375e-08
0.0834	1.22375733005e-13	6.55905524563e-09	9.42382103839e-14	9.34149296852e-13	9.6290236647e-18	7.07968839362e-08
0.0836	1.23258118025e-13	6.60634062417e-09	9.46907295383e-14	9.38634915265e-13	9.67526133101e-18	7.11365211262e-08
0.0838	1.24144733864e-13	6.65385264376e-09	9.51443325379e-14	9.43131277055e-13	9.72160974568e-18	7.14769694964e-08
0.084	1.25035590633e-13	6.70159184554e-09	9.55990193823e-14	9.47638382221e-13	9.7680689087e-18	7.18182290359e-08
0.0842	1.25930698446e-13	6.74955877066e-09	9.60547900714e-14	9.52156230758e-13	9.81463882007e-18	7.21602997334e-08
0.0844	1.26830067414e-13	6.79775396026e-09	9.65116446052e-14	9.56684822665e-13	9.86131947978e-18	7.2503181578e-08
0.0846	1.27733707652e-13	6.84617795546e-09	9.69695829833e-14	9.61224157937e-13	9.90811088785e-18	7.28468745585e-08
0.0848	1.2864162927e-13	6.89483129741e-09	9.74286052057e-14	9.65774236573e-13	9.95501304425e-18	7.31913786639e-08
0.085	1.29553842382e-13	6.94371452722e-09	9.78887112722e-14	9.70335058569e-13	1.0002025949e-17	7.3536693883e-08
0.0852	1.304703571e-13	6.99282818602e-09	9.83499011827e-14	9.74906623922e-13	1.00491496021e-17	7.38828202048e-08
0.0854	1.31391183537e-13	7.04217281492e-09	9.8812174937e-14	9.79488932629e-13	1.00963840035e-17	7.42297576183e-08
0.0856	1.32316331805e-13	7.09174895502e-09	9.92755325349e-14	9.84081984688e-13	1.01437291532e-17	7.45775061123e-08
0.0858	1.33245812016e-13	7.14155714744e-09	9.97399739762e-14	9.88685780095e-13	1.01911850513e-17	7.49260656757e-08
0.086	1.34179634282e-13	7.19159793327e-09	1.00205499261e-13	9.93300318848e-13	1.02387516977e-17	7.52754362975e-08
0.0862	1.35117808716e-13	7.24187185361e-09	1.00672108389e-13	9.97925600942e-13	1.02864290925e-17	7.56256179666e-08
0.0864	1.3606034543e-13	7.29237944954e-09	1.0113980136e-13	1.00256162638e-12	1.03342172355e-17	7.59766106719e-08
0.0866	1.37007254536e-13	7.34312126215e-09	1.01608578173e-13	1.00720839515e-12	1.03821161269e-17	7.63284144023e-08
0.0868	1.37958546146e-13	7.39409783251e-09	1.0207843883e-13	1.01186590725e-12	1.04301257666e-17	7.66810291467e-08
0.087	1.38914230372e-13	7.44530970171e-09	1.02549383328e-13	1.01653416269e-12	1.04782461546e-17	7.70344548941e-08
0.0872	1.39874317327e-13	7.49675741082e-09	1.0302141167e-13	1.02121316145e-12	1.05264772909e-17	7.73886916334e-08
0.0874	1.40838817122e-13	7.54844150088e-09	1.03494523853e-13	1.02590290354e-12	1.05748191755e-17	7.77437393535e-08
0.0876	1.41807739869e-13	7.60036251298e-09	1.03968719879e-13	1.03060338895e-12	1.06232718085e-17	7.80995980433e-08
0.0878	1.4278109568e-13	7.65252098815e-09	1.04443999746e-13	1.03531461768e-12	1.06718351897e-17	7.84562676918e-08
0.088	1.43758894667e-13	7.70491746745e-09	1.04920363455e-13	1.04003658972e-12	1.07205093192e-17	7.88137482878e-08
0.0882	1.44741146942e-13	7.75755249192e-09	1.05397811006e-13	1.04476930508e-12	1.07692941971e-17	7.91720398203e-08
0.0884	1.45727862617e-13	7.8104266026e-09	1.05876342398e-13	1.04951276374e-12	1.08181898232e-17	7.95311422781e-08
0.0886	1.46719051803e-13	7.86354034053e-09	1.06355957631e-13	1.05426696572e-12	1.08671961976e-17	7.98910556503e-08
0.0888	1.47714724611e-13	7.91689424673e-09	1.06836656705e-13	1.05903191099e-12	1.09163133203e-17	8.02517799258e-08
0.089	1.48714891154e-13	7.97048886223e-09	1.07318439621e-13	1.06380759957e-12	1.09655411913e-17	8.06133150933e-08
0.0892	1.49719561544e-13	8.02432472804e-09	1.07801306377e-13	1.06859403145e-12	1.10148798106e-17	8.0975661142e-08
0.0894	1.50728745891e-13	8.07840238518e-09	1.08285256974e-13	1.07339120662e-12	1.10643291782e-17	8.13388180607e-08
0.0896	1.51742454308e-13	8.13272237467e-09	1.08770291411e-13	1.07819912509e-12	1.1113889294e-17	8.17027858382e-08
0.0898	1.52760696905e-13	8.18728523749e-09	1.09256409688e-13	1.08301778684e-12	1.11635601581e-17	8.20675644636e-08
0.09	1.53783483794e-13	8.24209151466e-09	1.09743611806e-13	1.08784719188e-12	1.12133417705e-17	8.24331539258e-08
0.0902	1.54810825087e-13	8.29714174716e-09	1.10231897764e-13	1.0926873402e-12	1.12632341312e-17	8.27995542136e-08
0.0904	1.55842730895e-13	8.35243647598e-09	1.10721267561e-13	1.09753823181e-12	1.13132372402e-17	8.31667653161e-08
0.0906	1.56879211329e-13	8.40797624211e-09	1.11211721198e-13	1.10239986669e-12	1.13633510974e-17	8.3534787222e-08
0.0908	1.57920276501e-13	8.46376158653e-09	1.11703258675e-13	1.10727224484e-12	1.14135757028e-17	8.39036199204e-08
0.091	1.58965936521e-13	8.51979305021e-09	1.12195879991e-13	1.11215536627e-12	1.14639110566e-17	8.42732634002e-08
0.0912	1.60016201501e-13	8.57607117411e-09	1.12689585146e-13	1.11704923097e-12	1.15143571586e-17	8.46437176502e-08
0.0914	1.61071081553e-13	8.63259649921e-09	1.1318437414e-13	1.12195383893e-12	1.15649140088e-17	8.50149826595e-08
0.0916	1.62130586786e-13	8.68936956645e-09	1.13680246973e-13	1.12686919015e-12	1.16155816073e-17	8.53870584168e-08
0.0918	1.63194727313e-13	8.7463909168e-09	1.14177203645e-13	1.13179528464e-12	1.16663599541e-17	8.57599449113e-08
0.092	1.64263513243e-13	8.80366109121e-09	1.14675244156e-13	1.13673212238e-12	1.17172490491e-17	8.61336421316e-08
0.0922	1.65336954689e-13	8.8611806306e-09	1.15174368504e-13	1.14167970337e-12	1.17682488923e-17	8.65081500669e-08
0.0924	1.66415061761e-13	8.91895007594e-09	1.15674576691e-13	1.14663802762e-12	1.18193594838e-17	8.6883468706e-08
0.0926	1.6749784457e-13	8.97696996813e-09	1.16175868717e-13	1.15160709511e-12	1.18705808236e-17	8.72595980378e-08
0.0928	1.68585313227e-13	9.03524084813e-09	1.1667824458e-13	1.15658690585e-12	1.19219129116e-17	8.76365380512e-08
0.093	1.69677477842e-13	9.09376325684e-09	1.1718170428e-13	1.16157745983e-12	1.19733557478e-17	8.80142887353e-08
0.0932	1.70774348527e-13	9.15253773519e-09	1.17686247819e-13	1.16657875705e-12	1.20249093322e-17	8.83928500788e-08
0.0934	1.71875935392e-13	9.21156482409e-09	1.18191875195e-13	1.1715907975e-12	1.20765736649e-17	8.87722220708e-08
0.0936	1.72982248548e-13	9.27084506445e-09	1.18698586408e-13	1.17661358119e-12	1.21283487458e-17	8.91524047001e-08
0.0938	1.74093298104e-13	9.33037899718e-09	1.19206381458e-13	1.18164710811e-12	1.21802345749e-17	8.95333979556e-08
0.094	1.75209094173e-13	9.39016716316e-09	1.19715260345e-13	1.18669137825e-12	1.22322311523e-17	8.99152018264e-08
0.0942	1.76329646865e-13	9.4502101033e-09	1.20225223069e-13	1.19174639162e-12	1.22843384778e-17	9.02978163012e-08
0.0944	1.77454966289e-13	9.51050835847e-09	1.2073626963e-13	1.19681214821e-12	1.23365565516e-17	9.06812413691e-08
0.0946	1.78585062557e-13	9.57106246958e-09	1.21248400027e-13	1.20188864802e-12	1.23888853736e-17	9.1065477019e-08
0.0948	1.79719945779e-13	9.63187297748e-09	1.21761614261e-13	1.20697589105e-12	1.24413249439e-17	9.14505232397e-08
0.095	1.80859626065e-13	9.69294042306e-09	1.22275912331e-13	1.21207387728e-12	1.24938752623e-17	9.18363800202e-08
0.0952	1.82004113525e-13	9.75426534719e-09	1.22791294236e-13	1.21718260673e-12	1.25465363289e-17	9.22230473495e-08
0.0954	1.83153418271e-13	9.81584829072e-09	1.23307759978e-13	1.22230207938e-12	1.25993081438e-17	9.26105252164e-08
0.0956	1.84307550412e-13	9.87768979452e-09	1.23825309555e-13	1.22743229524e-12	1.26521907068e-17	9.29988136098e-08
0.0958	1.85466520058e-13	9.93979039944e-09	1.24343942968e-13	1.2325732543e-12	1.2705184018e-17	9.33879125188e-08
0.096	1.86630337319e-13	1.00021506463e-08	1.24863660217e-13	1.23772495655e-12	1.27582880775e-17	9.37778219322e-08
0.0962	1.87799012306e-13	1.0064771076e-08	1.253844613e-13	1.242887402e-12	1.28115028851e-17	9.41685418389e-08
0.0964	1.88972555129e-13	1.01276522293e-08	1.25906346219e-13	1.24806059065e-12	1.28648284409e-17	9.45600722278e-08
0.0966	1.90150975897e-13	1.01907946472e-08	1.26429314972e-13	1.25324452248e-12	1.29182647449e-17	9.4952413088e-08
0.0968	1.91334284722e-13	1.02541988703e-08	1.26953367561e-13	1.25843919749e-12	1.29718117971e-17	9.53455644083e-08
0.097	1.92522491712e-13	1.03178654395e-08	1.27478503983e-13	1.26364461569e-12	1.30254695975e-17	9.57395261776e-08
0.0972	1.93715606977e-13	1.03817948958e-08	1.28004724241e-13	1.26886077707e-12	1.30792381461e-17	9.61342983849e-08
0.0974	1.94913640628e-13	1.04459877797e-08	1.28532028332e-13	1.27408768163e-12	1.31331174428e-17	9.6529881019e-08
0.0976	1.96116602774e-13	1.05104446323e-08	1.29060416258e-13	1.27932532936e-12	1.31871074877e-17	9.6926274069e-08
0.0978	1.97324503526e-13	1.05751659942e-08	1.29589888018e-13	1.28457372026e-12	1.32412082808e-17	9.73234775237e-08
0.098	1.98537352992e-13	1.06401524062e-08	1.30120443611e-13	1.28983285433e-12	1.32954198221e-17	9.77214913721e-08
0.0982	1.99755161283e-13	1.07054044093e-08	1.30652083038e-13	1.29510273156e-12	1.33497421115e-17	9.8120315603e-08
0.0984	2.00977938508e-13	1.07709225441e-08	1.31184806299e-13	1.30038335196e-12	1.34041751491e-17	9.85199502054e-08
0.0986	2.02205694776e-13	1.08367073514e-08	1.31718613393e-13	1.30567471551e-12	1.34587189349e-17	9.89203951683e-08
0.0988	2.03438440198e-13	1.0902759372e-08	1.3225350432e-13	1.31097682223e-12	1.35133734688e-17	9.93216504806e-08
0.099	2.04676184883e-13	1.09690791467e-08	1.3278947908e-13	1.31628967209e-12	1.35681387508e-17	9.97237161311e-08
0.0992	2.0591893894e-13	1.10356672163e-08	1.33326537673e-13	1.32161326511e-12	1.36230147811e-17	1.00126592109e-07
0.0994	2.07166712479e-13	1.11025241215e-08	1.33864680099e-13	1.32694760127e-12	1.36780015595e-17	1.00530278403e-07
0.0996	2.08419515609e-13	1.1169650403e-08	1.34403906357e-13	1.33229268058e-12	1.3733099086e-17	1.00934775002e-07
0.0998	2.0967735844e-13	1.12370466017e-08	1.34944216447e-13	1.33764850303e-12	1.37883073607e-17	1.01340081894e-07
0.1	2.10940251081e-13	1.13047132582e-08	1.3548561037e-13	1.34301506862e-12	1.38436263835e-17	1.0174619907e-07
