0	0.0	0.0	0.0	0.0	0.0	0.0
0.0002	3.16575532157e-22	1.69767022936e-17	1.01616678836e-19	1.00730737953e-18	1.03827604462e-23	7.64829299034e-14
0.0004	2.53260160878e-21	1.35813303419e-16	4.06466695534e-19	4.02922914873e-18	4.15310414589e-23	3.05930329018e-13
0.0006	8.54752149104e-21	4.58368836154e-16	9.14550020382e-19	9.06576475356e-18	9.34448425491e-23	6.88340111465e-13
0.0008	2.02607704947e-20	1.08650138849e-15	1.62586662367e-18	1.611691364e-17	1.66124163228e-22	1.22371019138e-12
0.001	3.95717759902e-20	2.12206810366e-15	2.54041647568e-18	2.51826752539e-17	2.59569003007e-22	1.91203848293e-12
0.0012	6.83799574026e-20	3.6669251801e-15	3.6581995467e-18	3.62630490412e-17	3.73779361397e-22	2.75332290029e-12
0.0014	1.08584726212e-19	5.8229278715e-15	4.97921580703e-18	4.9358034448e-17	5.08755237908e-22	3.74756135766e-12
0.0016	1.62085485952e-19	8.69193048678e-15	6.50346522694e-18	6.44676309201e-17	6.64496632053e-22	4.89475176924e-12
0.0018	2.30781632212e-19	1.23757863901e-14	8.23094777673e-18	8.15918379034e-17	8.41003543342e-22	6.19489204928e-12
0.002	3.16572552636e-19	1.69763480009e-14	1.01616634267e-17	1.00730654844e-16	1.03827597129e-21	7.64798011203e-12
0.0022	4.21357626923e-19	2.25954667939e-14	1.22956121471e-17	1.21884081188e-16	1.2563139154e-21	9.25401387176e-12
0.0024	5.47036226826e-19	2.93349932989e-14	1.46327939082e-17	1.45052116381e-16	1.49511737519e-21	1.10129912428e-11
0.0026	6.95507716153e-19	3.72967771013e-14	1.71732086804e-17	1.70234759869e-16	1.75468635016e-21	1.29249101394e-11
0.0028	8.68671450768e-19	4.65826668414e-14	1.99168564339e-17	1.97432011098e-16	2.03502083984e-21	1.49897684759e-11
0.003	1.06842677859e-18	5.72945102151e-14	2.28637371389e-17	2.26643869513e-16	2.33612084373e-21	1.72075641666e-11
0.0032	1.29667303958e-18	6.95341539733e-14	2.60138507659e-17	2.57870334562e-16	2.65798636134e-21	1.9578295126e-11
0.0034	1.55530956579e-18	8.34034439225e-14	2.93671972851e-17	2.9111140569e-16	3.00061739219e-21	2.21019592684e-11
0.0036	1.84623568128e-18	9.90042249242e-14	3.29237766667e-17	3.26367082342e-16	3.36401393577e-21	2.47785545082e-11
0.0038	2.17135070219e-18	1.16438340895e-13	3.6683588881e-17	3.63637363965e-16	3.74817599162e-21	2.76080787599e-11
0.004	2.53255393673e-18	1.35807634808e-13	4.06466338984e-17	4.02922250005e-16	4.15310355923e-21	3.05905299379e-11
0.0042	2.93174468512e-18	1.5721394869e-13	4.48129116891e-17	4.44221739907e-16	4.57879663812e-21	3.37259059566e-11
0.0044	3.37082223969e-18	1.80759123625e-13	4.91824222235e-17	4.87535833118e-16	5.02525522779e-21	3.70142047305e-11
0.0046	3.85168588478e-18	2.06544999749e-13	5.37551654717e-17	5.32864529084e-16	5.49247932777e-21	4.04554241742e-11
0.0048	4.37623489681e-18	2.34673416258e-13	5.85311414041e-17	5.80207827249e-16	5.98046893756e-21	4.40495622021e-11
0.005	4.94636854424e-18	2.65246211399e-13	6.3510349991e-17	6.29565727062e-16	6.48922405667e-21	4.77966167289e-11
0.0052	5.56398608759e-18	2.98365222477e-13	6.86927912027e-17	6.80938227966e-16	7.01874468461e-21	5.16965856689e-11
0.0054	6.23098677945e-18	3.34132285851e-13	7.40784650094e-17	7.34325329409e-16	7.5690308209e-21	5.57494669369e-11
0.0056	6.94926986445e-18	3.72649236936e-13	7.96673713815e-17	7.89727030836e-16	8.14008246504e-21	5.99552584474e-11
0.0058	7.72073457927e-18	4.14017910203e-13	8.54595102892e-17	8.47143331693e-16	8.73189961655e-21	6.4313958115e-11
0.006	8.54728015266e-18	4.58340139178e-13	9.14548817028e-17	9.06574231427e-16	9.34448227494e-21	6.88255638544e-11
0.0062	9.43080580542e-18	5.0571775644e-13	9.76534855926e-17	9.68019729482e-16	9.97783043972e-21	7.34900735802e-11
0.0064	1.03732107504e-17	5.56252593626e-13	1.04055321929e-16	1.03147982531e-15	1.06319441104e-20	7.83074852071e-11
0.0066	1.13763941925e-17	6.10046481429e-13	1.10660390682e-16	1.09695451834e-15	1.13068232865e-20	8.32777966498e-11
0.0068	1.24422553287e-17	6.67201249595e-13	1.17468691822e-16	1.16444380804e-15	1.20024679675e-20	8.84010058229e-11
0.007	1.3572693348e-17	7.27818726926e-13	1.2448022532e-16	1.23394769384e-15	1.27188781529e-20	9.36771106413e-11
0.0072	1.47696074315e-17	7.92000741281e-13	1.31694991145e-16	1.3054661752e-15	1.34560538423e-20	9.91061090196e-11
0.0074	1.60348967523e-17	8.59849119573e-13	1.39112989268e-16	1.37899925155e-15	1.42139950352e-20	1.04687998873e-10
0.0076	1.73704604756e-17	9.31465687771e-13	1.46734219659e-16	1.45454692235e-15	1.4992701731e-20	1.10422778115e-10
0.0078	1.87781977586e-17	1.0069522709e-12	1.54558682289e-16	1.53210918703e-15	1.57921739293e-20	1.16310444662e-10
0.008	2.02600077507e-17	1.08641069303e-12	1.62586377127e-16	1.61168604505e-15	1.66124116295e-20	1.22350996428e-10
0.0082	2.18177895931e-17	1.16994277731e-12	1.70817304145e-16	1.69327749586e-15	1.74534148313e-20	1.28544431328e-10
0.0084	2.34534424193e-17	1.25765034593e-12	1.79251463312e-16	1.77688353889e-15	1.83151835341e-20	1.34890747277e-10
0.0086	2.51688653548e-17	1.34963522012e-12	1.87888854599e-16	1.86250417359e-15	1.91977177374e-20	1.41389942189e-10
0.0088	2.69659575171e-17	1.4459992202e-12	1.96729477975e-16	1.95013939941e-15	2.01010174408e-20	1.48042013981e-10
0.009	2.88466180157e-17	1.54684416551e-12	2.05773333412e-16	2.0397892158e-15	2.10250826437e-20	1.54846960565e-10
0.0092	3.08127459523e-17	1.65227187448e-12	2.15020420879e-16	2.1314536222e-15	2.19699133456e-20	1.61804779858e-10
0.0094	3.28662404205e-17	1.76238416456e-12	2.24470740348e-16	2.22513261806e-15	2.29355095461e-20	1.68915469775e-10
0.0096	3.50090005062e-17	1.87728285228e-12	2.34124291787e-16	2.32082620282e-15	2.39218712447e-20	1.7617902823e-10
0.0098	3.7242925287e-17	1.99706975322e-12	2.43981075167e-16	2.41853437593e-15	2.49289984409e-20	1.83595453138e-10
0.01	3.95699138328e-17	2.12184668202e-12	2.5404109046e-16	2.51825713683e-15	2.59568911342e-20	1.91164742415e-10
0.0102	4.19918652056e-17	2.25171545236e-12	2.64304337634e-16	2.61999448498e-15	2.7005549324e-20	1.98886893975e-10
0.0104	4.45106784593e-17	2.38677787698e-12	2.7477081666e-16	2.72374641981e-15	2.80749730101e-20	2.06761905734e-10
0.0106	4.71282526399e-17	2.5271357677e-12	2.85440527509e-16	2.82951294078e-15	2.91651621917e-20	2.14789775606e-10
0.0108	4.98464867855e-17	2.67289093535e-12	2.96313470151e-16	2.93729404732e-15	3.02761168685e-20	2.22970501507e-10
0.011	5.26672799263e-17	2.82414518987e-12	3.07389644556e-16	3.04708973889e-15	3.14078370399e-20	2.31304081351e-10
0.0112	5.55925310843e-17	2.9810003402e-12	3.18669050695e-16	3.15890001493e-15	3.25603227055e-20	2.39790513055e-10
0.0114	5.86241392739e-17	3.14355819438e-12	3.30151688537e-16	3.27272487488e-15	3.37335738648e-20	2.48429794532e-10
0.0116	6.17640035014e-17	3.31192055948e-12	3.41837558053e-16	3.3885643182e-15	3.49275905173e-20	2.57221923699e-10
0.0118	6.5014022765e-17	3.48618924164e-12	3.53726659213e-16	3.50641834433e-15	3.61423726625e-20	2.6616689847e-10
0.012	6.83760960552e-17	3.66646604604e-12	3.65818991988e-16	3.62628695271e-15	3.73779202999e-20	2.75264716761e-10
0.0122	7.18521223545e-17	3.85285277693e-12	3.78114556347e-16	3.74817014279e-15	3.8634233429e-20	2.84515376486e-10
0.0124	7.54440006374e-17	4.04545123761e-12	3.90613352262e-16	3.87206791402e-15	3.99113120494e-20	2.93918875561e-10
0.0126	7.91536298704e-17	4.24436323044e-12	4.03315379702e-16	3.99798026584e-15	4.12091561604e-20	3.03475211902e-10
0.0128	8.29829090122e-17	4.44969055682e-12	4.16220638638e-16	4.1259071977e-15	4.25277657618e-20	3.13184383423e-10
0.013	8.69337370135e-17	4.66153501723e-12	4.2932912904e-16	4.25584870905e-15	4.38671408529e-20	3.2304638804e-10
0.0132	9.1008012817e-17	4.87999841118e-12	4.42640850878e-16	4.38780479932e-15	4.52272814333e-20	3.33061223668e-10
0.0134	9.52076353576e-17	5.10518253725e-12	4.56155804122e-16	4.52177546797e-15	4.66081875025e-20	3.43228888223e-10
0.0136	9.95345035619e-17	5.33718919308e-12	4.69873988744e-16	4.65776071444e-15	4.800985906e-20	3.5354937962e-10
0.0138	1.03990516349e-16	5.57612017535e-12	4.83795404713e-16	4.79576053818e-15	4.94322961053e-20	3.64022695774e-10
0.014	1.0857757263e-16	5.82207727982e-12	4.97920051999e-16	4.93577493864e-15	5.08754986379e-20	3.746488346e-10
0.0142	1.13297571308e-16	6.07516230127e-12	5.12247930572e-16	5.07780391525e-15	5.23394666573e-20	3.85427794015e-10
0.0144	1.18152411277e-16	6.33547703357e-12	5.26779040404e-16	5.22184746747e-15	5.38242001631e-20	3.96359571932e-10
0.0146	1.23143991426e-16	6.60312326963e-12	5.41513381464e-16	5.36790559474e-15	5.53296991548e-20	4.07444166269e-10
0.0148	1.28274210632e-16	6.87820280141e-12	5.56450953723e-16	5.51597829651e-15	5.68559636318e-20	4.18681574941e-10
0.015	1.33544967768e-16	7.16081741993e-12	5.7159175715e-16	5.66606557222e-15	5.84029935937e-20	4.30071795862e-10
0.0152	1.38958161697e-16	7.45106891528e-12	5.86935791717e-16	5.81816742133e-15	5.997078904e-20	4.41614826948e-10
0.0154	1.44515691274e-16	7.74905907659e-12	6.02483057393e-16	5.97228384327e-15	6.15593499702e-20	4.53310666115e-10
0.0156	1.50219455346e-16	8.05488969204e-12	6.18233554149e-16	6.12841483749e-15	6.31686763837e-20	4.65159311279e-10
0.0158	1.56071352754e-16	8.36866254889e-12	6.34187281954e-16	6.28656040343e-15	6.47987682803e-20	4.77160760355e-10
0.016	1.62073282327e-16	8.69047943343e-12	6.50344240781e-16	6.44672054056e-15	6.64496256592e-20	4.89315011258e-10
0.0162	1.68227142891e-16	9.02044213102e-12	6.66704430597e-16	6.6088952483e-15	6.81212485201e-20	5.01622061905e-10
0.0164	1.74534833261e-16	9.35865242607e-12	6.83267851375e-16	6.7730845261e-15	6.98136368625e-20	5.1408191021e-10
0.0166	1.80998252244e-16	9.70521210205e-12	7.00034503083e-16	6.93928837342e-15	7.15267906858e-20	5.2669455409e-10
0.0168	1.8761929864e-16	1.00602229415e-11	7.17004385694e-16	7.1075067897e-15	7.32607099896e-20	5.3945999146e-10
0.017	1.94399871241e-16	1.04237867259e-11	7.34177499175e-16	7.27773977437e-15	7.50153947734e-20	5.52378220235e-10
0.0172	2.01341868831e-16	1.07960052361e-11	7.51553843499e-16	7.4499873269e-15	7.67908450367e-20	5.65449238332e-10
0.0174	2.08447190186e-16	1.11769802516e-11	7.69133418636e-16	7.62424944672e-15	7.8587060779e-20	5.78673043666e-10
0.0176	2.15717734073e-16	1.15668135511e-11	7.86916224554e-16	7.80052613329e-15	8.04040419998e-20	5.92049634153e-10
0.0178	2.23155399253e-16	1.19656069126e-11	8.04902261226e-16	7.97881738604e-15	8.22417886987e-20	6.05579007709e-10
0.018	2.30762084478e-16	1.23734621129e-11	8.23091528621e-16	8.15912320442e-15	8.41003008751e-20	6.19261162249e-10
0.0182	2.38539688492e-16	1.27904809278e-11	8.41484026709e-16	8.34144358788e-15	8.59795785285e-20	6.3309609569e-10
0.0184	2.46490110031e-16	1.32167651323e-11	8.60079755461e-16	8.52577853587e-15	8.78796216585e-20	6.47083805946e-10
0.0186	2.54615247824e-16	1.36524165006e-11	8.78878714848e-16	8.71212804783e-15	8.98004302646e-20	6.61224290934e-10
0.0188	2.6291700059e-16	1.40975368055e-11	8.97880904838e-16	8.90049212321e-15	9.17420043463e-20	6.7551754857e-10
0.019	2.71397267043e-16	1.45522278194e-11	9.17086325403e-16	9.09087076144e-15	9.37043439031e-20	6.8996357677e-10
0.0192	2.80057945886e-16	1.50165913133e-11	9.36494976513e-16	9.28326396199e-15	9.56874489345e-20	7.04562373449e-10
0.0194	2.88900935816e-16	1.54907290576e-11	9.56106858138e-16	9.47767172429e-15	9.76913194401e-20	7.19313936523e-10
0.0196	2.97928135522e-16	1.59747428215e-11	9.75921970249e-16	9.6740940478e-15	9.97159554192e-20	7.34218263908e-10
0.0198	3.07141443684e-16	1.64687343733e-11	9.95940312815e-16	9.87253093194e-15	1.01761356872e-19	7.49275353521e-10
0.02	3.16542758974e-16	1.69728054806e-11	1.01616188581e-15	1.00729823762e-14	1.03827523796e-19	7.64485203277e-10
0.0202	3.26133980059e-16	1.74870579097e-11	1.0365866892e-15	1.027544838e-14	1.05914456194e-19	7.79847811092e-10
0.0204	3.35917005593e-16	1.80115934262e-11	1.05721472295e-15	1.04799289427e-14	1.08022154062e-19	7.95363174882e-10
0.0206	3.45893734227e-16	1.85465137947e-11	1.07804598704e-15	1.06864240639e-14	1.10150617402e-19	8.11031292564e-10
0.0208	3.56066064601e-16	1.90919207788e-11	1.09908048144e-15	1.0894933743e-14	1.12299846213e-19	8.26852162052e-10
0.021	3.66435895348e-16	1.96479161412e-11	1.12031820612e-15	1.11054579794e-14	1.14469840494e-19	8.42825781264e-10
0.0212	3.77005125093e-16	2.02146016437e-11	1.14175916105e-15	1.13179967725e-14	1.16660600245e-19	8.58952148115e-10
0.0214	3.87775652453e-16	2.0792079047e-11	1.16340334619e-15	1.15325501219e-14	1.18872125465e-19	8.75231260522e-10
0.0216	3.98749376037e-16	2.1380450111e-11	1.18525076152e-15	1.1749118027e-14	1.21104416153e-19	8.916631164e-10
0.0218	4.09928194446e-16	2.19798165947e-11	1.20730140701e-15	1.19677004871e-14	1.2335747231e-19	9.08247713665e-10
0.022	4.21314006274e-16	2.2590280256e-11	1.22955528263e-15	1.21882975018e-14	1.25631293935e-19	9.24985050235e-10
0.0222	4.32908710105e-16	2.32119428519e-11	1.25201238835e-15	1.24109090705e-14	1.27925881027e-19	9.41875124024e-10
0.0224	4.44714204518e-16	2.38449061385e-11	1.27467272413e-15	1.26355351926e-14	1.30241233585e-19	9.5891793295e-10
0.0226	4.56732388081e-16	2.4489271871e-11	1.29753628996e-15	1.28621758677e-14	1.3257735161e-19	9.76113474928e-10
0.0228	4.68965159357e-16	2.51451418036e-11	1.3206030858e-15	1.3090831095e-14	1.34934235101e-19	9.93461747874e-10
0.023	4.81414416897e-16	2.58126176895e-11	1.34387311162e-15	1.33215008742e-14	1.37311884057e-19	1.01096274971e-09
0.0232	4.94082059249e-16	2.64918012809e-11	1.36734636739e-15	1.35541852045e-14	1.39710298478e-19	1.02861647834e-09
0.0234	5.06969984949e-16	2.71827943294e-11	1.39102285308e-15	1.37888840856e-14	1.42129478364e-19	1.04642293169e-09
0.0236	5.20080092528e-16	2.78856985852e-11	1.41490256866e-15	1.40255975167e-14	1.44569423713e-19	1.06438210767e-09
0.0238	5.33414280507e-16	2.8600615798e-11	1.4389855141e-15	1.42643254975e-14	1.47030134525e-19	1.08249400421e-09
0.024	5.469744474e-16	2.93276477161e-11	1.46327168937e-15	1.45050680272e-14	1.49511610801e-19	1.1007586192e-09
0.0242	5.60762491712e-16	3.00668960872e-11	1.48776109445e-15	1.47478251054e-14	1.52013852538e-19	1.11917595059e-09
0.0244	5.74780311942e-16	3.08184626579e-11	1.5124537293e-15	1.49925967315e-14	1.54536859738e-19	1.13774599627e-09
0.0246	5.8902980658e-16	3.1582449174e-11	1.53734959389e-15	1.5239382905e-14	1.57080632399e-19	1.15646875417e-09
0.0248	6.03512874107e-16	3.23589573801e-11	1.56244868819e-15	1.54881836252e-14	1.59645170521e-19	1.1753442222e-09
0.025	6.18231412998e-16	3.31480890202e-11	1.58775101218e-15	1.57389988917e-14	1.62230474104e-19	1.19437239827e-09
0.0252	6.33187321719e-16	3.3949945837e-11	1.61325656582e-15	1.59918287039e-14	1.64836543146e-19	1.21355328031e-09
0.0254	6.48382498727e-16	3.47646295724e-11	1.63896534908e-15	1.62466730612e-14	1.67463377648e-19	1.23288686624e-09
0.0256	6.63818842474e-16	3.55922419676e-11	1.66487736194e-15	1.65035319631e-14	1.70110977609e-19	1.25237315396e-09
0.0258	6.79498251402e-16	3.64328847624e-11	1.69099260437e-15	1.6762405409e-14	1.72779343028e-19	1.27201214139e-09
0.026	6.95422623944e-16	3.7286659696e-11	1.71731107632e-15	1.70232933984e-14	1.75468473906e-19	1.29180382646e-09
0.0262	7.11593858528e-16	3.81536685065e-11	1.74383277779e-15	1.72861959307e-14	1.7817837024e-19	1.31174820707e-09
0.0264	7.28013853572e-16	3.90340129312e-11	1.77055770873e-15	1.75511130053e-14	1.80909032032e-19	1.33184528115e-09
0.0266	7.44684507486e-16	3.99277947062e-11	1.79748586911e-15	1.78180446218e-14	1.83660459281e-19	1.35209504661e-09
0.0268	7.61607718672e-16	4.08351155669e-11	1.82461725891e-15	1.80869907796e-14	1.86432651985e-19	1.37249750136e-09
0.027	7.78785385527e-16	4.17560772477e-11	1.85195187809e-15	1.8357951478e-14	1.89225610145e-19	1.39305264333e-09
0.0272	7.96219406436e-16	4.2690781482e-11	1.87948972664e-15	1.86309267166e-14	1.9203933376e-19	1.41376047043e-09
0.0274	8.13911679778e-16	4.36393300022e-11	1.90723080451e-15	1.89059164947e-14	1.94873822829e-19	1.43462098058e-09
0.0276	8.31864103923e-16	4.460182454e-11	1.93517511167e-15	1.91829208119e-14	1.97729077353e-19	1.45563417168e-09
0.0278	8.50078577236e-16	4.55783668258e-11	1.9633226481e-15	1.94619396676e-14	2.0060509733e-19	1.47680004167e-09
0.028	8.6855699807e-16	4.65690585894e-11	1.99167341378e-15	1.97429730613e-14	2.03501882761e-19	1.49811858846e-09
0.0282	8.87301264773e-16	4.75740015595e-11	2.02022740865e-15	2.00260209923e-14	2.06419433644e-19	1.51958980996e-09
0.0284	9.06313275683e-16	4.85932974638e-11	2.04898463271e-15	2.03110834601e-14	2.09357749979e-19	1.54121370409e-09
0.0286	9.25594929133e-16	4.96270480291e-11	2.07794508592e-15	2.05981604642e-14	2.12316831765e-19	1.56299026877e-09
0.0288	9.45148123444e-16	5.06753549813e-11	2.10710876824e-15	2.0887252004e-14	2.15296679003e-19	1.58491950191e-09
0.029	9.64974756933e-16	5.17383200453e-11	2.13647567965e-15	2.1178358079e-14	2.18297291692e-19	1.60700140144e-09
0.0292	9.85076727906e-16	5.28160449451e-11	2.16604582012e-15	2.14714786885e-14	2.2131866983e-19	1.62923596526e-09
0.0294	1.00545593466e-15	5.39086314038e-11	2.19581918963e-15	2.17666138322e-14	2.24360813419e-19	1.6516231913e-09
0.0296	1.0261142755e-15	5.50161811435e-11	2.22579578813e-15	2.20637635093e-14	2.27423722456e-19	1.67416307746e-09
0.0298	1.04705364869e-15	5.61387958853e-11	2.2559756156e-15	2.23629277193e-14	2.30507396942e-19	1.69685562168e-09
0.03	1.06827595251e-15	5.72765773493e-11	2.28635867201e-15	2.26641064618e-14	2.33611836877e-19	1.71970082186e-09
0.0302	1.08978308524e-15	5.8429627255e-11	2.31694495733e-15	2.29672997361e-14	2.36737042259e-19	1.74269867592e-09
0.0304	1.11157694513e-15	5.95980473205e-11	2.34773447154e-15	2.32725075417e-14	2.39883013088e-19	1.76584918179e-09
0.0306	1.13365943043e-15	6.07819392634e-11	2.37872721459e-15	2.3579729878e-14	2.43049749365e-19	1.78915233737e-09
0.0308	1.15603243939e-15	6.19814047999e-11	2.40992318647e-15	2.38889667445e-14	2.46237251087e-19	1.81260814058e-09
0.031	1.17869787024e-15	6.31965456457e-11	2.44132238714e-15	2.42002181406e-14	2.49445518255e-19	1.83621658934e-09
0.0312	1.20165762121e-15	6.44274635151e-11	2.47292481657e-15	2.45134840657e-14	2.52674550869e-19	1.85997768157e-09
0.0314	1.22491359052e-15	6.5674260122e-11	2.50473047473e-15	2.48287645194e-14	2.55924348927e-19	1.88389141518e-09
0.0316	1.24846767639e-15	6.69370371788e-11	2.5367393616e-15	2.51460595011e-14	2.59194912429e-19	1.9079577881e-09
0.0318	1.27232177701e-15	6.82158963973e-11	2.56895147714e-15	2.54653690101e-14	2.62486241376e-19	1.93217679823e-09
0.032	1.29647779058e-15	6.95109394884e-11	2.60136682132e-15	2.5786693046e-14	2.65798335765e-19	1.9565484435e-09
0.0322	1.32093761529e-15	7.08222681617e-11	2.63398539412e-15	2.61100316082e-14	2.69131195598e-19	1.98107272182e-09
0.0324	1.34570314933e-15	7.21499841262e-11	2.6668071955e-15	2.64353846961e-14	2.72484820873e-19	2.00574963111e-09
0.0326	1.37077629086e-15	7.34941890899e-11	2.69983222543e-15	2.67627523092e-14	2.7585921159e-19	2.03057916929e-09
0.0328	1.39615893804e-15	7.48549847596e-11	2.73306048389e-15	2.7092134447e-14	2.79254367748e-19	2.05556133427e-09
0.033	1.42185298904e-15	7.62324728416e-11	2.76649197084e-15	2.74235311088e-14	2.82670289347e-19	2.08069612397e-09
0.0332	1.447860342e-15	7.76267550408e-11	2.80012668626e-15	2.77569422941e-14	2.86106976386e-19	2.10598353631e-09
0.0334	1.47418289507e-15	7.90379330614e-11	2.83396463012e-15	2.80923680025e-14	2.89564428865e-19	2.13142356921e-09
0.0336	1.50082254637e-15	8.04661086067e-11	2.86800580238e-15	2.84298082332e-14	2.93042646784e-19	2.15701622058e-09
0.0338	1.52778119403e-15	8.1911383379e-11	2.90225020301e-15	2.87692629858e-14	2.96541630141e-19	2.18276148834e-09
0.034	1.55506073616e-15	8.33738590795e-11	2.93669783199e-15	2.91107322597e-14	3.00061378937e-19	2.2086593704e-09
0.0342	1.58266307088e-15	8.48536374086e-11	2.97134868929e-15	2.94542160544e-14	3.03601893171e-19	2.23470986469e-09
0.0344	1.61059009629e-15	8.63508200658e-11	3.00620277488e-15	2.97997143693e-14	3.07163172843e-19	2.26091296913e-09
0.0346	1.63884371048e-15	8.78655087497e-11	3.04126008872e-15	3.01472272038e-14	3.10745217951e-19	2.28726868162e-09
0.0348	1.66742581153e-15	8.93978051576e-11	3.07652063079e-15	3.04967545574e-14	3.14348028496e-19	2.31377700009e-09
0.035	1.69633829752e-15	9.09478109863e-11	3.11198440105e-15	3.08482964296e-14	3.17971604477e-19	2.34043792245e-09
0.0352	1.72558306652e-15	9.25156279315e-11	3.14765139949e-15	3.12018528197e-14	3.21615945893e-19	2.36725144663e-09
0.0354	1.75516201659e-15	9.41013576877e-11	3.18352162606e-15	3.15574237273e-14	3.25281052745e-19	2.39421757053e-09
0.0356	1.78507704579e-15	9.57051019489e-11	3.21959508074e-15	3.19150091517e-14	3.28966925031e-19	2.42133629208e-09
0.0358	1.81533005215e-15	9.73269624079e-11	3.2558717635e-15	3.22746090925e-14	3.3267356275e-19	2.4486076092e-09
0.036	1.84592293372e-15	9.89670407565e-11	3.29235167431e-15	3.2636223549e-14	3.36400965904e-19	2.4760315198e-09
0.0362	1.87685758853e-15	1.00625438686e-10	3.32903481314e-15	3.29998525208e-14	3.40149134491e-19	2.50360802179e-09
0.0364	1.9081359146e-15	1.02302257885e-10	3.36592117996e-15	3.33654960072e-14	3.4391806851e-19	2.5313371131e-09
0.0366	1.93975980993e-15	1.03997600045e-10	3.40301077474e-15	3.37331540077e-14	3.47707767961e-19	2.55921879165e-09
0.0368	1.97173117254e-15	1.05711566852e-10	3.44030359745e-15	3.41028265218e-14	3.51518232844e-19	2.58725305534e-09
0.037	2.00405190043e-15	1.07444259994e-10	3.47779964806e-15	3.44745135489e-14	3.55349463157e-19	2.61543990211e-09
0.0372	2.03672389158e-15	1.09195781158e-10	3.51549892654e-15	3.48482150884e-14	3.59201458902e-19	2.64377932986e-09
0.0374	2.06974904397e-15	1.10966232028e-10	3.55340143286e-15	3.52239311398e-14	3.63074220077e-19	2.67227133651e-09
0.0376	2.10312925558e-15	1.12755714288e-10	3.59150716699e-15	3.56016617025e-14	3.66967746681e-19	2.70091591999e-09
0.0378	2.13686642437e-15	1.14564329623e-10	3.62981612891e-15	3.59814067761e-14	3.70882038714e-19	2.72971307821e-09
0.038	2.17096244831e-15	1.16392179715e-10	3.66832831857e-15	3.63631663598e-14	3.74817096176e-19	2.75866280908e-09
0.0382	2.20541922534e-15	1.18239366244e-10	3.70704373596e-15	3.67469404533e-14	3.78772919066e-19	2.78776511053e-09
0.0384	2.24023865341e-15	1.20105990893e-10	3.74596238104e-15	3.71327290558e-14	3.82749507384e-19	2.81701998047e-09
0.0386	2.27542263044e-15	1.21992155339e-10	3.78508425379e-15	3.75205321669e-14	3.86746861129e-19	2.84642741683e-09
0.0388	2.31097305436e-15	1.23897961263e-10	3.82440935416e-15	3.79103497861e-14	3.90764980301e-19	2.87598741751e-09
0.039	2.3468918231e-15	1.25823510342e-10	3.86393768214e-15	3.83021819127e-14	3.94803864899e-19	2.90569998043e-09
0.0392	2.38318083456e-15	1.27768904252e-10	3.9036692377e-15	3.86960285462e-14	3.98863514923e-19	2.93556510352e-09
0.0394	2.41984198665e-15	1.29734244669e-10	3.94360402079e-15	3.9091889686e-14	4.02943930372e-19	2.96558278469e-09
0.0396	2.45687717725e-15	1.31719633269e-10	3.98374203141e-15	3.94897653316e-14	4.07045111246e-19	2.99575302186e-09
0.0398	2.49428830426e-15	1.33725171725e-10	4.0240832695e-15	3.98896554825e-14	4.11167057543e-19	3.02607581295e-09
0.04	2.53207726556e-15	1.35750961711e-10	4.06462773506e-15	4.02915601381e-14	4.15309769265e-19	3.05655115587e-09
0.0402	2.570245959e-15	1.37797104897e-10	4.10537542803e-15	4.06954792978e-14	4.1947324641e-19	3.08717904854e-09
0.0404	2.60879628247e-15	1.39863702957e-10	4.14632634841e-15	4.11014129611e-14	4.23657488978e-19	3.11795948888e-09
0.0406	2.6477301338e-15	1.41950857559e-10	4.18748049614e-15	4.15093611274e-14	4.27862496968e-19	3.14889247482e-09
0.0408	2.68704941086e-15	1.44058670373e-10	4.22883787122e-15	4.19193237962e-14	4.3208827038e-19	3.17997800426e-09
0.041	2.72675601147e-15	1.46187243067e-10	4.2703984736e-15	4.23313009669e-14	4.36334809213e-19	3.21121607512e-09
0.0412	2.76685183347e-15	1.48336677308e-10	4.31216230325e-15	4.2745292639e-14	4.40602113467e-19	3.24260668533e-09
0.0414	2.80733877467e-15	1.50507074764e-10	4.35412936016e-15	4.31612988118e-14	4.44890183142e-19	3.27414983279e-09
0.0416	2.84821873291e-15	1.52698537099e-10	4.39629964428e-15	4.3579319485e-14	4.49199018236e-19	3.30584551544e-09
0.0418	2.88949360597e-15	1.54911165978e-10	4.43867315559e-15	4.39993546578e-14	4.5352861875e-19	3.33769373118e-09
0.042	2.93116529167e-15	1.57145063065e-10	4.48124989405e-15	4.44214043298e-14	4.57878984682e-19	3.36969447793e-09
0.0422	2.97323568779e-15	1.59400330021e-10	4.52402985965e-15	4.48454685004e-14	4.62250116033e-19	3.40184775362e-09
0.0424	3.01570669211e-15	1.6167706851e-10	4.56701305234e-15	4.5271547169e-14	4.66642012802e-19	3.43415355616e-09
0.0426	3.05858020242e-15	1.63975380191e-10	4.6101994721e-15	4.56996403351e-14	4.71054674988e-19	3.46661188346e-09
0.0428	3.10185811647e-15	1.66295366725e-10	4.6535891189e-15	4.61297479981e-14	4.75488102591e-19	3.49922273346e-09
0.043	3.14554233203e-15	1.6863712977e-10	4.69718199271e-15	4.65618701575e-14	4.79942295611e-19	3.53198610405e-09
0.0432	3.18963474685e-15	1.71000770984e-10	4.7409780935e-15	4.69960068128e-14	4.84417254046e-19	3.56490199318e-09
0.0434	3.23413725867e-15	1.73386392025e-10	4.78497742124e-15	4.74321579633e-14	4.88912977897e-19	3.59797039874e-09
0.0436	3.27905176523e-15	1.75794094547e-10	4.8291799759e-15	4.78703236085e-14	4.93429467163e-19	3.63119131866e-09
0.0438	3.32438016425e-15	1.78223980207e-10	4.87358575744e-15	4.83105037479e-14	4.97966721844e-19	3.66456475086e-09
0.044	3.37012435346e-15	1.80676150659e-10	4.91819476585e-15	4.87526983809e-14	5.02524741938e-19	3.69809069325e-09
0.0442	3.41628623056e-15	1.83150707555e-10	4.96300700109e-15	4.91969075069e-14	5.07103527446e-19	3.73176914376e-09
0.0444	3.46286769326e-15	1.85647752548e-10	5.00802246313e-15	4.96431311254e-14	5.11703078367e-19	3.7656001003e-09
0.0446	3.50987063926e-15	1.88167387289e-10	5.05324115195e-15	5.00913692359e-14	5.163233947e-19	3.7995835608e-09
0.0448	3.55729696624e-15	1.90709713429e-10	5.0986630675e-15	5.05416218378e-14	5.20964476446e-19	3.83371952316e-09
0.045	3.60514857189e-15	1.93274832617e-10	5.14428820977e-15	5.09938889305e-14	5.25626323603e-19	3.86800798531e-09
0.0452	3.65342735387e-15	1.95862846501e-10	5.19011657872e-15	5.14481705135e-14	5.30308936171e-19	3.90244894516e-09
0.0454	3.70213520985e-15	1.98473856729e-10	5.23614817432e-15	5.19044665863e-14	5.3501231415e-19	3.93704240064e-09
0.0456	3.75127403749e-15	2.01107964948e-10	5.28238299654e-15	5.23627771482e-14	5.39736457538e-19	3.97178834966e-09
0.0458	3.80084573442e-15	2.03765272803e-10	5.32882104536e-15	5.28231021987e-14	5.44481366337e-19	4.00668679014e-09
0.046	3.85085219831e-15	2.0644588194e-10	5.37546232074e-15	5.32854417373e-14	5.49247040544e-19	4.04173772e-09
0.0462	3.90129532677e-15	2.09149894001e-10	5.42230682266e-15	5.37497957634e-14	5.5403348016e-19	4.07694113716e-09
0.0464	3.95217701743e-15	2.11877410629e-10	5.46935455108e-15	5.42161642765e-14	5.58840685184e-19	4.11229703953e-09
0.0466	4.0034991679e-15	2.14628533467e-10	5.51660550597e-15	5.46845472759e-14	5.63668655616e-19	4.14780542504e-09
0.0468	4.0552636758e-15	2.17403364155e-10	5.56405968731e-15	5.51549447613e-14	5.68517391455e-19	4.1834662916e-09
0.047	4.10747243873e-15	2.20202004334e-10	5.61171709506e-15	5.56273567319e-14	5.73386892701e-19	4.21927963714e-09
0.0472	4.16012735427e-15	2.23024555642e-10	5.6595777292e-15	5.61017831872e-14	5.78277159353e-19	4.25524545956e-09
0.0474	4.21323032002e-15	2.25871119718e-10	5.70764158969e-15	5.65782241268e-14	5.8318819141e-19	4.29136375679e-09
0.0476	4.26678323355e-15	2.28741798198e-10	5.75590867651e-15	5.705667955e-14	5.88119988873e-19	4.32763452675e-09
0.0478	4.32078799242e-15	2.3163669272e-10	5.80437898963e-15	5.75371494562e-14	5.9307255174e-19	4.36405776736e-09
0.048	4.37524649421e-15	2.34555904917e-10	5.85305252901e-15	5.8019633845e-14	5.98045880012e-19	4.40063347653e-09
0.0482	4.43016063645e-15	2.37499536425e-10	5.90192929463e-15	5.85041327158e-14	6.03039973687e-19	4.43736165218e-09
0.0484	4.4855323167e-15	2.40467688877e-10	5.95100928645e-15	5.8990646068e-14	6.08054832765e-19	4.47424229224e-09
0.0486	4.5413634325e-15	2.43460463905e-10	6.00029250446e-15	5.9479173901e-14	6.13090457247e-19	4.51127539461e-09
0.0488	4.59765588137e-15	2.46477963141e-10	6.04977894861e-15	5.99697162144e-14	6.1814684713e-19	4.54846095723e-09
0.049	4.65441156083e-15	2.49520288215e-10	6.09946861888e-15	6.04622730075e-14	6.23224002416e-19	4.585798978e-09
0.0492	4.7116323684e-15	2.52587540758e-10	6.14936151523e-15	6.09568442798e-14	6.28321923102e-19	4.62328945485e-09
0.0494	4.76932020158e-15	2.55679822397e-10	6.19945763765e-15	6.14534300308e-14	6.3344060919e-19	4.66093238569e-09
0.0496	4.82747695787e-15	2.5879723476e-10	6.24975698609e-15	6.19520302599e-14	6.38580060677e-19	4.69872776845e-09
0.0498	4.88610453476e-15	2.61939879475e-10	6.30025956053e-15	6.24526449665e-14	6.43740277565e-19	4.73667560104e-09
0.05	4.94520482973e-15	2.65107858166e-10	6.35096536094e-15	6.29552741501e-14	6.48921259851e-19	4.77477588138e-09
0.0502	5.00477974025e-15	2.6830127246e-10	6.4018743873e-15	6.34599178101e-14	6.54123007537e-19	4.81302860739e-09
0.0504	5.06483116379e-15	2.71520223979e-10	6.45298663956e-15	6.3966575946e-14	6.59345520621e-19	4.85143377699e-09
0.0506	5.12536099781e-15	2.74764814347e-10	6.5043021177e-15	6.44752485572e-14	6.64588799103e-19	4.8899913881e-09
0.0508	5.18637113975e-15	2.78035145186e-10	6.55582082169e-15	6.49859356432e-14	6.69852842982e-19	4.92870143864e-09
0.051	5.24786348706e-15	2.81331318118e-10	6.6075427515e-15	6.54986372034e-14	6.75137652258e-19	4.96756392652e-09
0.0512	5.30983993718e-15	2.84653434761e-10	6.6594679071e-15	6.60133532373e-14	6.80443226931e-19	5.00657884967e-09
0.0514	5.37230238752e-15	2.88001596736e-10	6.71159628847e-15	6.65300837443e-14	6.85769566999e-19	5.045746206e-09
0.0516	5.4352527355e-15	2.91375905661e-10	6.76392789556e-15	6.70488287238e-14	6.91116672463e-19	5.08506599344e-09
0.0518	5.49869287854e-15	2.94776463152e-10	6.81646272836e-15	6.75695881754e-14	6.96484543322e-19	5.12453820989e-09
0.052	5.56262471404e-15	2.98203370827e-10	6.86920078683e-15	6.80923620984e-14	7.01873179575e-19	5.16416285329e-09
0.0522	5.62705013939e-15	3.01656730302e-10	6.92214207095e-15	6.86171504922e-14	7.07282581222e-19	5.20393992155e-09
0.0524	5.69197105198e-15	3.05136643189e-10	6.97528658067e-15	6.91439533564e-14	7.12712748262e-19	5.24386941258e-09
0.0526	5.75738934918e-15	3.08643211104e-10	7.02863431598e-15	6.96727706904e-14	7.18163680696e-19	5.28395132431e-09
0.0528	5.82330692837e-15	3.12176535658e-10	7.08218527684e-15	7.02036024937e-14	7.23635378522e-19	5.32418565466e-09
0.053	5.8897256869e-15	3.15736718464e-10	7.13593946322e-15	7.07364487656e-14	7.2912784174e-19	5.36457240155e-09
0.0532	5.95664752214e-15	3.19323861132e-10	7.1898968751e-15	7.12713095056e-14	7.3464107035e-19	5.40511156289e-09
0.0534	6.02407433143e-15	3.22938065272e-10	7.24405751245e-15	7.18081847132e-14	7.4017506435e-19	5.4458031366e-09
0.0536	6.0920080121e-15	3.26579432492e-10	7.29842137522e-15	7.23470743878e-14	7.45729823741e-19	5.48664712061e-09
0.0538	6.16045046149e-15	3.30248064401e-10	7.35298846341e-15	7.28879785289e-14	7.51305348522e-19	5.52764351283e-09
0.054	6.22940357692e-15	3.33944062606e-10	7.40775877696e-15	7.34308971359e-14	7.56901638693e-19	5.56879231118e-09
0.0542	6.29886925571e-15	3.37667528713e-10	7.46273231587e-15	7.39758302082e-14	7.62518694252e-19	5.61009351359e-09
0.0544	6.36884939516e-15	3.41418564326e-10	7.51790908008e-15	7.45227777453e-14	7.68156515201e-19	5.65154711796e-09
0.0546	6.43934589256e-15	3.45197271051e-10	7.57328906959e-15	7.50717397467e-14	7.73815101537e-19	5.69315312222e-09
0.0548	6.51036064522e-15	3.49003750489e-10	7.62887228435e-15	7.56227162117e-14	7.79494453261e-19	5.73491152429e-09
0.055	6.58189555042e-15	3.52838104244e-10	7.68465872434e-15	7.61757071399e-14	7.85194570372e-19	5.77682232209e-09
0.0552	6.65395250542e-15	3.56700433916e-10	7.74064838952e-15	7.67307125307e-14	7.9091545287e-19	5.81888551353e-09
0.0554	6.7265334075e-15	3.60590841106e-10	7.79684127987e-15	7.72877323835e-14	7.96657100753e-19	5.86110109654e-09
0.0556	6.79964015391e-15	3.64509427414e-10	7.85323739536e-15	7.78467666978e-14	8.02419514023e-19	5.90346906904e-09
0.0558	6.87327464191e-15	3.68456294438e-10	7.90983673595e-15	7.8407815473e-14	8.08202692677e-19	5.94598942894e-09
0.056	6.94743876874e-15	3.72431543775e-10	7.96663930163e-15	7.89708787085e-14	8.14006636716e-19	5.98866217417e-09
0.0562	7.02213443163e-15	3.76435277023e-10	8.02364509235e-15	7.95359564039e-14	8.1983134614e-19	6.03148730264e-09
0.0564	7.09736352781e-15	3.80467595776e-10	8.08085410809e-15	8.01030485586e-14	8.25676820947e-19	6.07446481227e-09
0.0566	7.17312795451e-15	3.84528601629e-10	8.13826634882e-15	8.06721551719e-14	8.31543061137e-19	6.11759470099e-09
0.0568	7.24942960893e-15	3.88618396177e-10	8.1958818145e-15	8.12432762434e-14	8.3743006671e-19	6.16087696671e-09
0.057	7.32627038827e-15	3.92737081012e-10	8.25370050512e-15	8.18164117725e-14	8.43337837665e-19	6.20431160735e-09
0.0572	7.40365218974e-15	3.96884757725e-10	8.31172242064e-15	8.23915617586e-14	8.49266374002e-19	6.24789862083e-09
0.0574	7.48157691051e-15	4.01061527909e-10	8.36994756103e-15	8.29687262012e-14	8.5521567572e-19	6.29163800507e-09
0.0576	7.56004644778e-15	4.05267493152e-10	8.42837592625e-15	8.35479050997e-14	8.61185742819e-19	6.33552975799e-09
0.0578	7.6390626987e-15	4.09502755044e-10	8.48700751629e-15	8.41290984537e-14	8.67176575298e-19	6.37957387751e-09
0.058	7.71862756045e-15	4.13767415173e-10	8.54584233111e-15	8.47123062624e-14	8.73188173157e-19	6.42377036155e-09
0.0582	7.79874293018e-15	4.18061575127e-10	8.60488037068e-15	8.52975285254e-14	8.79220536395e-19	6.46811920803e-09
0.0584	7.87941070504e-15	4.2238533649e-10	8.66412163497e-15	8.58847652422e-14	8.85273665012e-19	6.51262041487e-09
0.0586	7.96063278217e-15	4.2673880085e-10	8.72356612395e-15	8.64740164121e-14	8.91347559007e-19	6.55727397998e-09
0.0588	8.04241105869e-15	4.31122069789e-10	8.78321383759e-15	8.70652820346e-14	8.97442218381e-19	6.6020799013e-09
0.059	8.12474743174e-15	4.35535244891e-10	8.84306477587e-15	8.76585621091e-14	9.03557643131e-19	6.64703817673e-09
0.0592	8.20764379843e-15	4.3997842774e-10	8.90311893875e-15	8.82538566352e-14	9.09693833258e-19	6.69214880419e-09
0.0594	8.29110205587e-15	4.44451719915e-10	8.9633763262e-15	8.88511656122e-14	9.15850788762e-19	6.73741178162e-09
0.0596	8.37512410116e-15	4.48955222999e-10	9.0238369382e-15	8.94504890396e-14	9.22028509641e-19	6.78282710692e-09
0.0598	8.45971183139e-15	4.5348903857e-10	9.08450077471e-15	9.00518269169e-14	9.28226995896e-19	6.82839477801e-09
0.06	8.54486714365e-15	4.58053268207e-10	9.1453678357e-15	9.06551792434e-14	9.34446247526e-19	6.87411479282e-09
0.0602	8.63059193501e-15	4.62648013488e-10	9.20643812114e-15	9.12605460186e-14	9.4068626453e-19	6.91998714927e-09
0.0604	8.71688810253e-15	4.6727337599e-10	9.26771163101e-15	9.18679272421e-14	9.46947046908e-19	6.96601184527e-09
0.0606	8.80375754329e-15	4.71929457288e-10	9.32918836528e-15	9.24773229131e-14	9.53228594659e-19	7.01218887875e-09
0.0608	8.89120215434e-15	4.76616358958e-10	9.39086832391e-15	9.30887330313e-14	9.59530907783e-19	7.05851824762e-09
0.061	8.97922383271e-15	4.81334182573e-10	9.45275150687e-15	9.37021575959e-14	9.6585398628e-19	7.10499994981e-09
0.0612	9.06782447544e-15	4.86083029706e-10	9.51483791414e-15	9.43175966065e-14	9.72197830149e-19	7.15163398323e-09
0.0614	9.15700597958e-15	4.9086300193e-10	9.57712754569e-15	9.49350500625e-14	9.78562439389e-19	7.19842034581e-09
0.0616	9.24677024212e-15	4.95674200816e-10	9.63962040148e-15	9.55545179634e-14	9.84947814e-19	7.24535903546e-09
0.0618	9.33711916009e-15	5.00516727933e-10	9.70231648149e-15	9.61760003086e-14	9.91353953982e-19	7.2924500501e-09
0.062	9.4280546305e-15	5.05390684851e-10	9.76521578568e-15	9.67994970975e-14	9.97780859333e-19	7.33969338766e-09
0.0622	9.51957855034e-15	5.10296173139e-10	9.82831831403e-15	9.74250083296e-14	1.00422853005e-18	7.38708904605e-09
0.0624	9.61169281659e-15	5.15233294363e-10	9.89162406651e-15	9.80525340043e-14	1.01069696614e-18	7.4346370232e-09
0.0626	9.70439932625e-15	5.2020215009e-10	9.95513304309e-15	9.86820741211e-14	1.0171861676e-18	7.48233731702e-09
0.0628	9.79769997628e-15	5.25202841886e-10	1.00188452437e-14	9.93136286795e-14	1.02369613443e-18	7.53018992544e-09
0.063	9.89159666365e-15	5.30235471315e-10	1.00827606684e-14	9.99471976788e-14	1.03022686662e-18	7.57819484637e-09
0.0632	9.98609128531e-15	5.3530013994e-10	1.01468793171e-14	1.00582781119e-13	1.03677836419e-18	7.62635207773e-09
0.0634	1.00811857382e-14	5.40396949325e-10	1.02112011898e-14	1.01220378998e-13	1.04335062711e-18	7.67466161745e-09
0.0636	1.01768819193e-14	5.45526001031e-10	1.02757262864e-14	1.01859991317e-13	1.04994365541e-18	7.72312346345e-09
0.0638	1.02731817255e-14	5.50687396619e-10	1.03404546069e-14	1.02501618075e-13	1.05655744907e-18	7.77173761363e-09
0.064	1.03700870538e-14	5.55881237648e-10	1.04053861514e-14	1.03145259271e-13	1.06319200809e-18	7.82050406594e-09
0.0642	1.0467599801e-14	5.61107625677e-10	1.04705209196e-14	1.03790914904e-13	1.06984733248e-18	7.86942281827e-09
0.0644	1.05657218641e-14	5.66366662265e-10	1.05358589118e-14	1.04438584975e-13	1.07652342223e-18	7.91849386856e-09
0.0646	1.066445514e-14	5.71658448969e-10	1.06014001277e-14	1.05088269482e-13	1.08322027735e-18	7.96771721473e-09
0.0648	1.07638015256e-14	5.76983087343e-10	1.06671445674e-14	1.05739968425e-13	1.08993789783e-18	8.01709285469e-09
0.065	1.08637629177e-14	5.82340678944e-10	1.07330922308e-14	1.06393681804e-13	1.09667628367e-18	8.06662078637e-09
0.0652	1.09643412132e-14	5.87731325326e-10	1.07992431179e-14	1.07049409617e-13	1.10343543488e-18	8.11630100769e-09
0.0654	1.1065538309e-14	5.93155128042e-10	1.08655972287e-14	1.07707151865e-13	1.11021535145e-18	8.16613351656e-09
0.0656	1.1167356102e-14	5.98612188643e-10	1.09321545632e-14	1.08366908547e-13	1.11701603337e-18	8.2161183109e-09
0.0658	1.12697964891e-14	6.04102608682e-10	1.09989151213e-14	1.09028679661e-13	1.12383748066e-18	8.26625538865e-09
0.066	1.13728613669e-14	6.09626489709e-10	1.1065878903e-14	1.09692465209e-13	1.13067969331e-18	8.31654474771e-09
0.0662	1.14765526325e-14	6.15183933274e-10	1.11330459082e-14	1.10358265188e-13	1.13754267132e-18	8.366986386e-09
0.0664	1.15808721827e-14	6.20775040923e-10	1.1200416137e-14	1.110260796e-13	1.14442641469e-18	8.41758030146e-09
0.0666	1.16858219142e-14	6.26399914207e-10	1.12679895893e-14	1.11695908442e-13	1.15133092341e-18	8.46832649199e-09
0.0668	1.17914037238e-14	6.3205865467e-10	1.13357662651e-14	1.12367751714e-13	1.1582561975e-18	8.51922495552e-09
0.067	1.18976195084e-14	6.37751363858e-10	1.14037461643e-14	1.13041609417e-13	1.16520223694e-18	8.57027568997e-09
0.0672	1.20044711649e-14	6.43478143317e-10	1.14719292869e-14	1.13717481549e-13	1.17216904174e-18	8.62147869326e-09
0.0674	1.21119605898e-14	6.4923909459e-10	1.15403156329e-14	1.14395368109e-13	1.1791566119e-18	8.67283396331e-09
0.0676	1.22200896802e-14	6.5503431922e-10	1.16089052022e-14	1.15075269098e-13	1.18616494741e-18	8.72434149804e-09
0.0678	1.23288603326e-14	6.60863918749e-10	1.16776979949e-14	1.15757184514e-13	1.19319404828e-18	8.77600129537e-09
0.068	1.24382744439e-14	6.66727994718e-10	1.17466940109e-14	1.16441114358e-13	1.2002439145e-18	8.82781335322e-09
0.0682	1.25483339109e-14	6.72626648666e-10	1.18158932501e-14	1.17127058628e-13	1.20731454608e-18	8.87977766951e-09
0.0684	1.26590406303e-14	6.78559982133e-10	1.18852957126e-14	1.17815017325e-13	1.21440594301e-18	8.93189424217e-09
0.0686	1.27703964989e-14	6.84528096657e-10	1.19549013983e-14	1.18504990446e-13	1.2215181053e-18	8.9841630691e-09
0.0688	1.28824034133e-14	6.90531093775e-10	1.20247103072e-14	1.19196977993e-13	1.22865103294e-18	9.03658414824e-09
0.069	1.29950632703e-14	6.96569075024e-10	1.20947224392e-14	1.19890979964e-13	1.23580472594e-18	9.08915747751e-09
0.0692	1.31083779667e-14	7.02642141938e-10	1.21649377943e-14	1.20586996358e-13	1.24297918428e-18	9.14188305482e-09
0.0694	1.32223493991e-14	7.08750396052e-10	1.22353563725e-14	1.21285027176e-13	1.25017440798e-18	9.19476087809e-09
0.0696	1.33369794642e-14	7.14893938899e-10	1.23059781738e-14	1.21985072417e-13	1.25739039703e-18	9.24779094525e-09
0.0698	1.34522700587e-14	7.21072872013e-10	1.23768031981e-14	1.2268713208e-13	1.26462715143e-18	9.30097325422e-09
0.07	1.35682230794e-14	7.27287296924e-10	1.24478314454e-14	1.23391206164e-13	1.27188467118e-18	9.35430780291e-09
0.0702	1.36848404229e-14	7.33537315163e-10	1.25190629156e-14	1.2409729467e-13	1.27916295628e-18	9.40779458925e-09
0.0704	1.38021239859e-14	7.39823028259e-10	1.25904976088e-14	1.24805397596e-13	1.28646200673e-18	9.46143361116e-09
0.0706	1.3920075665e-14	7.46144537742e-10	1.26621355249e-14	1.25515514942e-13	1.29378182253e-18	9.51522486656e-09
0.0708	1.40386973569e-14	7.52501945139e-10	1.27339766639e-14	1.26227646707e-13	1.30112240367e-18	9.56916835337e-09
0.071	1.41579909582e-14	7.58895351977e-10	1.28060210258e-14	1.26941792891e-13	1.30848375017e-18	9.62326406951e-09
0.0712	1.42779583656e-14	7.65324859781e-10	1.28782686104e-14	1.27657953493e-13	1.31586586201e-18	9.67751201291e-09
0.0714	1.43986014758e-14	7.71790570077e-10	1.29507194179e-14	1.28376128513e-13	1.3232687392e-18	9.73191218147e-09
0.0716	1.45199221852e-14	7.78292584389e-10	1.30233734481e-14	1.2909631795e-13	1.33069238174e-18	9.78646457313e-09
0.0718	1.46419223907e-14	7.84831004239e-10	1.3096230701e-14	1.29818521804e-13	1.33813678962e-18	9.8411691858e-09
0.072	1.47646039886e-14	7.91405931151e-10	1.31692911766e-14	1.30542740074e-13	1.34560196285e-18	9.89602601741e-09
0.0722	1.48879688758e-14	7.98017466644e-10	1.3242554875e-14	1.31268972759e-13	1.35308790142e-18	9.95103506588e-09
0.0724	1.50120189487e-14	8.04665712239e-10	1.33160217959e-14	1.31997219859e-13	1.36059460534e-18	1.00061963291e-08
0.0726	1.51367561039e-14	8.11350769456e-10	1.33896919395e-14	1.32727481374e-13	1.3681220746e-18	1.00615098051e-08
0.0728	1.52621822381e-14	8.18072739812e-10	1.34635653056e-14	1.33459757302e-13	1.37567030921e-18	1.01169754916e-08
0.073	1.53882992477e-14	8.24831724826e-10	1.35376418943e-14	1.34194047644e-13	1.38323930915e-18	1.01725933867e-08
0.0732	1.55151090294e-14	8.31627826013e-10	1.36119217055e-14	1.34930352398e-13	1.39082907444e-18	1.02283634883e-08
0.0734	1.56426134796e-14	8.38461144889e-10	1.36864047393e-14	1.35668671565e-13	1.39843960508e-18	1.02842857942e-08
0.0736	1.5770814495e-14	8.45331782968e-10	1.37610909954e-14	1.36409005143e-13	1.40607090105e-18	1.03403603025e-08
0.0738	1.58997139721e-14	8.52239841765e-10	1.38359804741e-14	1.37151353132e-13	1.41372296237e-18	1.03965870109e-08
0.074	1.60293138074e-14	8.59185422792e-10	1.39110731751e-14	1.37895715532e-13	1.42139578902e-18	1.04529659175e-08
0.0742	1.61596158974e-14	8.6616862756e-10	1.39863690985e-14	1.38642092341e-13	1.42908938102e-18	1.05094970202e-08
0.0744	1.62906221387e-14	8.7318955758e-10	1.40618682442e-14	1.39390483561e-13	1.43680373836e-18	1.05661803169e-08
0.0746	1.64223344277e-14	8.80248314363e-10	1.41375706122e-14	1.40140889188e-13	1.44453886103e-18	1.06230158054e-08
0.0748	1.65547546609e-14	8.87344999417e-10	1.42134762026e-14	1.40893309225e-13	1.45229474905e-18	1.06800034839e-08
0.075	1.66878847349e-14	8.9447971425e-10	1.42895850152e-14	1.41647743669e-13	1.4600714024e-18	1.073714335e-08
0.0752	1.68217265461e-14	9.01652560369e-10	1.436589705e-14	1.4240419252e-13	1.46786882109e-18	1.07944354018e-08
0.0754	1.6956281991e-14	9.0886363928e-10	1.4442412307e-14	1.43162655777e-13	1.47568700512e-18	1.08518796373e-08
0.0756	1.7091552966e-14	9.16113052488e-10	1.45191307862e-14	1.43923133441e-13	1.48352595448e-18	1.09094760542e-08
0.0758	1.72275413676e-14	9.23400901498e-10	1.45960524875e-14	1.44685625511e-13	1.49138566918e-18	1.09672246506e-08
0.076	1.73642490923e-14	9.30727287812e-10	1.46731774109e-14	1.45450131985e-13	1.49926614922e-18	1.10251254243e-08
0.0762	1.75016780364e-14	9.38092312933e-10	1.47505055564e-14	1.46216652864e-13	1.50716739459e-18	1.10831783733e-08
0.0764	1.76398300965e-14	9.45496078363e-10	1.48280369239e-14	1.46985188146e-13	1.51508940529e-18	1.11413834955e-08
0.0766	1.7778707169e-14	9.52938685601e-10	1.49057715135e-14	1.47755737832e-13	1.52303218133e-18	1.11997407888e-08
0.0768	1.79183111502e-14	9.60420236148e-10	1.49837093251e-14	1.48528301921e-13	1.53099572271e-18	1.12582502512e-08
0.077	1.80586439367e-14	9.67940831501e-10	1.50618503586e-14	1.49302880411e-13	1.53898002942e-18	1.13169118805e-08
0.0772	1.81997074247e-14	9.75500573158e-10	1.5140194614e-14	1.50079473304e-13	1.54698510146e-18	1.13757256747e-08
0.0774	1.83415035106e-14	9.83099562617e-10	1.52187420913e-14	1.50858080597e-13	1.55501093883e-18	1.14346916317e-08
0.0776	1.8484034091e-14	9.90737901372e-10	1.52974927905e-14	1.51638702291e-13	1.56305754153e-18	1.14938097495e-08
0.0778	1.86273010621e-14	9.98415690918e-10	1.53764467116e-14	1.52421338385e-13	1.57112490957e-18	1.15530800259e-08
0.078	1.87713063203e-14	1.00613303275e-09	1.54556038544e-14	1.53205988879e-13	1.57921304294e-18	1.16125024588e-08
0.0782	1.89160517619e-14	1.01389002836e-09	1.55349642191e-14	1.53992653771e-13	1.58732194164e-18	1.16720770463e-08
0.0784	1.90615392834e-14	1.02168677924e-09	1.56145278055e-14	1.54781333062e-13	1.59545160566e-18	1.17318037862e-08
0.0786	1.92077707811e-14	1.02952338688e-09	1.56942946136e-14	1.5557202675e-13	1.60360203502e-18	1.17916826764e-08
0.0788	1.93547481513e-14	1.03739995277e-09	1.57742646434e-14	1.56364734836e-13	1.6117732297e-18	1.18517137148e-08
0.079	1.95024732903e-14	1.0453165784e-09	1.58544378948e-14	1.57159457318e-13	1.61996518972e-18	1.19118968995e-08
0.0792	1.96509480945e-14	1.05327336526e-09	1.59348143679e-14	1.57956194197e-13	1.62817791506e-18	1.19722322282e-08
0.0794	1.98001744602e-14	1.06127041484e-09	1.60153940626e-14	1.5875494547e-13	1.63641140573e-18	1.2032719699e-08
0.0796	1.99501542837e-14	1.06930782862e-09	1.60961769789e-14	1.59555711139e-13	1.64466566173e-18	1.20933593097e-08
0.0798	2.01008894612e-14	1.07738570808e-09	1.61771631167e-14	1.60358491203e-13	1.65294068305e-18	1.21541510583e-08
0.08	2.02523818892e-14	1.08550415472e-09	1.6258352476e-14	1.6116328566e-13	1.6612364697e-18	1.22150949426e-08
0.0802	2.04046334637e-14	1.09366327001e-09	1.63397450568e-14	1.6197009451e-13	1.66955302167e-18	1.22761909607e-08
0.0804	2.05576460813e-14	1.10186315543e-09	1.6421340859e-14	1.62778917754e-13	1.67789033897e-18	1.23374391104e-08
0.0806	2.0711421638e-14	1.11010391248e-09	1.65031398827e-14	1.63589755389e-13	1.6862484216e-18	1.23988393896e-08
0.0808	2.08659620302e-14	1.11838564263e-09	1.65851421278e-14	1.64402607416e-13	1.69462726954e-18	1.24603917963e-08
0.081	2.1021269154e-14	1.12670844735e-09	1.66673475942e-14	1.65217473835e-13	1.70302688282e-18	1.25220963284e-08
0.0812	2.11773449059e-14	1.13507242814e-09	1.6749756282e-14	1.66034354644e-13	1.71144726141e-18	1.25839529839e-08
0.0814	2.13341911819e-14	1.14347768646e-09	1.6832368191e-14	1.66853249843e-13	1.71988840533e-18	1.26459617605e-08
0.0816	2.14918098783e-14	1.15192432379e-09	1.69151833214e-14	1.67674159431e-13	1.72835031457e-18	1.27081226563e-08
0.0818	2.16502028914e-14	1.16041244161e-09	1.6998201673e-14	1.68497083408e-13	1.73683298913e-18	1.27704356692e-08
0.082	2.18093721173e-14	1.16894214139e-09	1.70814232458e-14	1.69322021774e-13	1.74533642901e-18	1.28329007972e-08
0.0822	2.19693194523e-14	1.17751352461e-09	1.71648480398e-14	1.70148974527e-13	1.75386063421e-18	1.2895518038e-08
0.0824	2.21300467925e-14	1.18612669275e-09	1.72484760549e-14	1.70977941668e-13	1.76240560473e-18	1.29582873897e-08
0.0826	2.22915560341e-14	1.19478174726e-09	1.73323072912e-14	1.71808923195e-13	1.77097134058e-18	1.30212088501e-08
0.0828	2.24538490733e-14	1.20347878963e-09	1.74163417486e-14	1.72641919108e-13	1.77955784174e-18	1.30842824173e-08
0.083	2.26169278064e-14	1.21221792132e-09	1.7500579427e-14	1.73476929407e-13	1.78816510822e-18	1.3147508089e-08
0.0832	2.27807941293e-14	1.22099924381e-09	1.75850203265e-14	1.74313954091e-13	1.79679314002e-18	1.32108858633e-08
0.0834	2.29454499384e-14	1.22982285856e-09	1.7669664447e-14	1.7515299316e-13	1.80544193713e-18	1.3274415738e-08
0.0836	2.31108971297e-14	1.23868886703e-09	1.77545117884e-14	1.75994046612e-13	1.81411149956e-18	1.33380977112e-08
0.0838	2.32771375994e-14	1.24759737071e-09	1.78395623508e-14	1.76837114448e-13	1.82280182731e-18	1.34019317806e-08
0.084	2.34441732437e-14	1.25654847104e-09	1.79248161342e-14	1.77682196666e-13	1.83151292038e-18	1.34659179442e-08
0.0842	2.36120059585e-14	1.2655422695e-09	1.80102731384e-14	1.78529293267e-13	1.84024477876e-18	1.35300562e-08
0.0844	2.37806376402e-14	1.27457886755e-09	1.80959333635e-14	1.7937840425e-13	1.84899740246e-18	1.35943465459e-08
0.0846	2.39500701847e-14	1.28365836665e-09	1.81817968094e-14	1.80229529613e-13	1.85777079147e-18	1.36587889797e-08
0.0848	2.41203054881e-14	1.29278086826e-09	1.82678634761e-14	1.81082669357e-13	1.8665649458e-18	1.37233834995e-08
0.085	2.42913454467e-14	1.30194647385e-09	1.83541333635e-14	1.81937823482e-13	1.87537986544e-18	1.37881301031e-08
0.0852	2.44631919563e-14	1.31115528488e-09	1.84406064718e-14	1.82794991985e-13	1.88421555039e-18	1.38530287884e-08
0.0854	2.46358469132e-14	1.3204074028e-09	1.85272828007e-14	1.83654174868e-13	1.89307200066e-18	1.39180795534e-08
0.0856	2.48093122134e-14	1.32970292907e-09	1.86141623503e-14	1.84515372129e-13	1.90194921623e-18	1.39832823961e-08
0.0858	2.49835897529e-14	1.33904196515e-09	1.87012451205e-14	1.85378583768e-13	1.91084719712e-18	1.40486373142e-08
0.086	2.51586814279e-14	1.34842461249e-09	1.87885311114e-14	1.86243809784e-13	1.91976594333e-18	1.41141443058e-08
0.0862	2.53345891342e-14	1.35785097255e-09	1.88760203229e-14	1.87111050177e-13	1.92870545484e-18	1.41798033687e-08
0.0864	2.55113147681e-14	1.36732114679e-09	1.89637127549e-14	1.87980304946e-13	1.93766573166e-18	1.4245614501e-08
0.0866	2.56888602255e-14	1.37683523665e-09	1.90516084075e-14	1.8885157409e-13	1.94664677379e-18	1.43115777004e-08
0.0868	2.58672274024e-14	1.3863933436e-09	1.91397072805e-14	1.8972485761e-13	1.95564858123e-18	1.4377692965e-08
0.087	2.60464181948e-14	1.39599556907e-09	1.92280093741e-14	1.90600155504e-13	1.96467115398e-18	1.44439602927e-08
0.0872	2.62264344988e-14	1.40564201453e-09	1.93165146881e-14	1.91477467772e-13	1.97371449204e-18	1.45103796813e-08
0.0874	2.64072782104e-14	1.41533278142e-09	1.94052232224e-14	1.92356794413e-13	1.98277859541e-18	1.45769511288e-08
0.0876	2.65889512255e-14	1.42506797118e-09	1.94941349772e-14	1.93238135428e-13	1.99186346408e-18	1.46436746331e-08
0.0878	2.67714554401e-14	1.43484768528e-09	1.95832499524e-14	1.94121490814e-13	2.00096909807e-18	1.47105501922e-08
0.088	2.69547927502e-14	1.44467202515e-09	1.96725681478e-14	1.95006860572e-13	2.01009549735e-18	1.4777577804e-08
0.0882	2.71389650517e-14	1.45454109224e-09	1.97620895636e-14	1.95894244702e-13	2.01924266195e-18	1.48447574663e-08
0.0884	2.73239742407e-14	1.46445498799e-09	1.98518141996e-14	1.96783643202e-13	2.02841059185e-18	1.49120891772e-08
0.0886	2.7509822213e-14	1.47441381385e-09	1.99417420558e-14	1.97675056072e-13	2.03759928705e-18	1.49795729344e-08
0.0888	2.76965108646e-14	1.48441767126e-09	2.00318731323e-14	1.98568483311e-13	2.04680874756e-18	1.50472087361e-08
0.089	2.78840420915e-14	1.49446666167e-09	2.01222074289e-14	1.9946392492e-13	2.05603897337e-18	1.511499658e-08
0.0892	2.80724177895e-14	1.50456088651e-09	2.02127449457e-14	2.00361380897e-13	2.06528996449e-18	1.51829364641e-08
0.0894	2.82616398546e-14	1.51470044722e-09	2.03034856826e-14	2.01260851242e-13	2.07456172091e-18	1.52510283864e-08
0.0896	2.84517101827e-14	1.52488544525e-09	2.03944296395e-14	2.02162335954e-13	2.08385424263e-18	1.53192723447e-08
0.0898	2.86426306696e-14	1.53511598203e-09	2.04855768166e-14	2.03065835033e-13	2.09316752965e-18	1.53876683369e-08
0.09	2.88344032114e-14	1.545392159e-09	2.05769272136e-14	2.03971348478e-13	2.10250158198e-18	1.54562163611e-08
0.0902	2.90270297038e-14	1.55571407759e-09	2.06684808307e-14	2.04878876288e-13	2.1118563996e-18	1.55249164151e-08
0.0904	2.92205120428e-14	1.56608183925e-09	2.07602376677e-14	2.05788418464e-13	2.12123198253e-18	1.55937684968e-08
0.0906	2.94148521242e-14	1.5764955454e-09	2.08521977247e-14	2.06699975004e-13	2.13062833076e-18	1.56627726041e-08
0.0908	2.96100518439e-14	1.58695529747e-09	2.09443610016e-14	2.07613545908e-13	2.14004544428e-18	1.57319287351e-08
0.091	2.98061130977e-14	1.59746119691e-09	2.10367274983e-14	2.08529131176e-13	2.14948332311e-18	1.58012368875e-08
0.0912	3.00030377815e-14	1.60801334515e-09	2.11292972149e-14	2.09446730806e-13	2.15894196723e-18	1.58706970594e-08
0.0914	3.02008277911e-14	1.6186118436e-09	2.12220701513e-14	2.10366344799e-13	2.16842137665e-18	1.59403092487e-08
0.0916	3.03994850224e-14	1.62925679371e-09	2.13150463075e-14	2.11287973153e-13	2.17792155137e-18	1.60100734532e-08
0.0918	3.05990113711e-14	1.6399482969e-09	2.14082256835e-14	2.12211615869e-13	2.18744249139e-18	1.60799896709e-08
0.092	3.07994087331e-14	1.6506864546e-09	2.15016082792e-14	2.13137272946e-13	2.19698419671e-18	1.61500578997e-08
0.0922	3.10006790042e-14	1.66147136824e-09	2.15951940946e-14	2.14064944382e-13	2.20654666732e-18	1.62202781375e-08
0.0924	3.12028240802e-14	1.67230313924e-09	2.16889831297e-14	2.14994630178e-13	2.21612990322e-18	1.62906503824e-08
0.0926	3.14058458569e-14	1.68318186903e-09	2.17829753844e-14	2.15926330333e-13	2.22573390442e-18	1.63611746321e-08
0.0928	3.16097462301e-14	1.69410765902e-09	2.18771708587e-14	2.16860044846e-13	2.23535867092e-18	1.64318508846e-08
0.093	3.18145270955e-14	1.70508061066e-09	2.19715695526e-14	2.17795773717e-13	2.24500420271e-18	1.65026791379e-08
0.0932	3.20201903488e-14	1.71610082535e-09	2.2066171466e-14	2.18733516946e-13	2.25467049979e-18	1.65736593898e-08
0.0934	3.2226737886e-14	1.72716840452e-09	2.2160976599e-14	2.19673274531e-13	2.26435756217e-18	1.66447916383e-08
0.0936	3.24341716027e-14	1.73828344959e-09	2.22559849515e-14	2.20615046473e-13	2.27406538984e-18	1.67160758813e-08
0.0938	3.26424933946e-14	1.74944606197e-09	2.23511965234e-14	2.2155883277e-13	2.2837939828e-18	1.67875121167e-08
0.094	3.28517051575e-14	1.76065634309e-09	2.24466113148e-14	2.22504633422e-13	2.29354334105e-18	1.68591003424e-08
0.0942	3.30618087871e-14	1.77191439437e-09	2.25422293255e-14	2.23452448429e-13	2.3033134646e-18	1.69308405565e-08
0.0944	3.32728061792e-14	1.78322031721e-09	2.26380505557e-14	2.2440227779e-13	2.31310435343e-18	1.70027327567e-08
0.0946	3.34846992294e-14	1.79457421305e-09	2.27340750051e-14	2.25354121504e-13	2.32291600756e-18	1.70747769411e-08
0.0948	3.36974898335e-14	1.80597618328e-09	2.28303026739e-14	2.26307979571e-13	2.33274842697e-18	1.71469731074e-08
0.095	3.39111798872e-14	1.81742632932e-09	2.2926733562e-14	2.27263851991e-13	2.34260161168e-18	1.72193212538e-08
0.0952	3.4125771286e-14	1.8289247526e-09	2.30233676693e-14	2.28221738762e-13	2.35247556167e-18	1.7291821378e-08
0.0954	3.43412659258e-14	1.84047155451e-09	2.31202049959e-14	2.29181639885e-13	2.36237027695e-18	1.73644734781e-08
0.0956	3.45576657022e-14	1.85206683647e-09	2.32172455417e-14	2.30143555358e-13	2.37228575752e-18	1.74372775518e-08
0.0958	3.47749725108e-14	1.86371069989e-09	2.33144893066e-14	2.31107485181e-13	2.38222200338e-18	1.75102335973e-08
0.096	3.49931882473e-14	1.87540324618e-09	2.34119362906e-14	2.32073429354e-13	2.39217901453e-18	1.75833416123e-08
0.0962	3.52123148074e-14	1.88714457675e-09	2.35095864938e-14	2.33041387876e-13	2.40215679096e-18	1.76566015948e-08
0.0964	3.54323540867e-14	1.898934793e-09	2.3607439916e-14	2.34011360746e-13	2.41215533267e-18	1.77300135427e-08
0.0966	3.56533079808e-14	1.91077399634e-09	2.37054965573e-14	2.34983347964e-13	2.42217463968e-18	1.7803577454e-08
0.0968	3.58751783853e-14	1.92266228818e-09	2.38037564176e-14	2.3595734953e-13	2.43221471196e-18	1.78772933266e-08
0.097	3.60979671959e-14	1.93459976992e-09	2.39022194969e-14	2.36933365442e-13	2.44227554953e-18	1.79511611583e-08
0.0972	3.63216763082e-14	1.94658654295e-09	2.40008857951e-14	2.37911395701e-13	2.45235715239e-18	1.80251809472e-08
0.0974	3.65463076178e-14	1.9586227087e-09	2.40997553123e-14	2.38891440305e-13	2.46245952053e-18	1.80993526911e-08
0.0976	3.67718630202e-14	1.97070836855e-09	2.41988280484e-14	2.39873499254e-13	2.47258265395e-18	1.81736763879e-08
0.0978	3.69983444111e-14	1.98284362391e-09	2.42981040033e-14	2.40857572548e-13	2.48272655265e-18	1.82481520357e-08
0.098	3.7225753686e-14	1.99502857617e-09	2.43975831771e-14	2.41843660186e-13	2.49289121664e-18	1.83227796323e-08
0.0982	3.74540927405e-14	2.00726332674e-09	2.44972655697e-14	2.42831762168e-13	2.50307664591e-18	1.83975591756e-08
0.0984	3.76833634702e-14	2.01954797701e-09	2.4597151181e-14	2.43821878492e-13	2.51328284046e-18	1.84724906635e-08
0.0986	3.79135677705e-14	2.03188262838e-09	2.46972400111e-14	2.44814009159e-13	2.52350980029e-18	1.85475740941e-08
0.0988	3.81447075371e-14	2.04426738225e-09	2.479753206e-14	2.45808154167e-13	2.53375752539e-18	1.86228094651e-08
0.099	3.83767846655e-14	2.05670234001e-09	2.48980273275e-14	2.46804313517e-13	2.54402601578e-18	1.86981967746e-08
0.0992	3.86098010513e-14	2.06918760305e-09	2.49987258137e-14	2.47802487208e-13	2.55431527145e-18	1.87737360204e-08
0.0994	3.88437585898e-14	2.08172327277e-09	2.50996275185e-14	2.48802675238e-13	2.5646252924e-18	1.88494272005e-08
0.0996	3.90786591768e-14	2.09430945056e-09	2.52007324419e-14	2.49804877609e-13	2.57495607862e-18	1.89252703128e-08
0.0998	3.93145047075e-14	2.10694623781e-09	2.53020405839e-14	2.50809094318e-13	2.58530763012e-18	1.90012653552e-08
0.1	3.95512970776e-14	2.11963373592e-09	2.54035519444e-14	2.51815325365e-13	2.5956799469e-18	1.90774123257e-08
