0	0.0	0.0	0.0	0.0	0.0	0.0
0.0002	1.89945319294e-21	1.01860213762e-16	6.09700073013e-19	6.04384427716e-18	6.22965626772e-23	4.58897579421e-13
0.0004	1.51956096527e-20	8.14879820515e-16	2.4388001732e-18	2.41753748924e-17	2.49186248753e-22	1.83558197411e-12
0.0006	5.12851289462e-20	2.75021301692e-15	5.48730012229e-18	5.43945885214e-17	5.60669055295e-22	4.13004066879e-12
0.0008	1.21564622968e-19	6.51900833097e-15	9.75519974201e-18	9.67014818398e-17	9.96744979368e-22	7.3422611483e-12
0.001	2.37430655941e-19	1.2732408622e-14	1.52424988541e-17	1.51096051523e-16	1.55741401804e-21	1.14722308976e-11
0.0012	4.10279744416e-19	2.20015510806e-14	2.19491972802e-17	2.17578294247e-16	2.24267616838e-21	1.65199374018e-11
0.0014	6.5150835727e-19	3.4937567229e-14	2.98752948422e-17	2.96148206688e-16	3.05253142745e-21	2.24853681459e-11
0.0016	9.7251291571e-19	5.21515829207e-14	3.90207913616e-17	3.8680578552e-16	3.98697979232e-21	2.93685106154e-11
0.0018	1.38468979327e-18	7.42547183407e-14	4.93856866604e-17	4.89551027421e-16	5.04602126005e-21	3.71693522957e-11
0.002	1.89943531582e-18	1.01858088005e-13	6.09699805601e-17	6.04383929064e-16	6.22965582772e-21	4.58878806722e-11
0.0022	2.52814576154e-18	1.35572800763e-13	7.37736728825e-17	7.31304487127e-16	7.53788349239e-21	5.55240832306e-11
0.0024	3.28221736096e-18	1.76009959794e-13	8.77967634493e-17	8.70312698284e-16	8.97070425112e-21	6.60779474566e-11
0.0026	4.17304629692e-18	2.23780662608e-13	1.03039252082e-16	1.02140855921e-15	1.0528118101e-20	7.75494608361e-11
0.0028	5.21202870461e-18	2.79496001048e-13	1.19501138603e-16	1.18459206659e-15	1.22101250391e-20	8.99386108551e-11
0.003	6.41056067152e-18	3.4376706129e-13	1.37182422834e-16	1.35986321708e-15	1.40167250624e-20	1.03245385e-10
0.0032	7.78003823751e-18	4.1720492384e-13	1.56083104595e-16	1.54722200737e-15	1.5947918168e-20	1.17469770756e-10
0.0034	9.33185739472e-18	5.00420663535e-13	1.7620318371e-16	1.74666843414e-15	1.80037043531e-20	1.32611755611e-10
0.0036	1.10774140877e-17	5.94025349545e-13	1.9754266e-16	1.95820249405e-15	2.01840836146e-20	1.48671327049e-10
0.0038	1.30281042132e-17	6.98630045372e-13	2.20101533286e-16	2.18182418379e-15	2.24890559497e-20	1.6564847256e-10
0.004	1.51953236204e-17	8.1484580885e-13	2.4387980339e-16	2.41753350003e-15	2.49186213554e-20	1.83543179627e-10
0.0042	1.75904681107e-17	9.43283692143e-13	2.68877470135e-16	2.66533043944e-15	2.74727798287e-20	2.0235543574e-10
0.0044	2.02249334381e-17	1.08455474175e-12	2.95094533341e-16	2.92521499871e-15	3.01515313668e-20	2.22085228383e-10
0.0046	2.31101153087e-17	1.2392699985e-12	3.2253099283e-16	3.1971871745e-15	3.29548759666e-20	2.42732545045e-10
0.0048	2.62574093808e-17	1.40804049755e-12	3.51186848425e-16	3.4812469635e-15	3.58828136253e-20	2.64297373213e-10
0.005	2.96782112654e-17	1.59147726839e-12	3.81062099946e-16	3.77739436237e-15	3.893534434e-20	2.86779700373e-10
0.0052	3.33839165256e-17	1.79019133486e-12	4.12156747216e-16	4.0856293678e-15	4.21124681077e-20	3.10179514013e-10
0.0054	3.73859206767e-17	2.00479371511e-12	4.44470790057e-16	4.40595197645e-15	4.54141849254e-20	3.34496801621e-10
0.0056	4.16956191867e-17	2.23589542162e-12	4.78004228289e-16	4.73836218502e-15	4.88404947902e-20	3.59731550684e-10
0.0058	4.63244074756e-17	2.48410746122e-12	5.12757061735e-16	5.08285999016e-15	5.23913976993e-20	3.8588374869e-10
0.006	5.1283680916e-17	2.75004083507e-12	5.48729290217e-16	5.43944538856e-15	5.60668936496e-20	4.12953383126e-10
0.0062	5.65848348325e-17	3.03430653864e-12	5.85920913555e-16	5.80811837689e-15	5.98669826383e-20	4.40940441481e-10
0.0064	6.22392645023e-17	3.33751556176e-12	6.24331931573e-16	6.18887895183e-15	6.37916646624e-20	4.69844911243e-10
0.0066	6.82583651549e-17	3.66027888857e-12	6.63962344092e-16	6.58172711006e-15	6.78409397189e-20	4.99666779899e-10
0.0068	7.46535319721e-17	4.00320749757e-12	7.04812150932e-16	6.98666284824e-15	7.20148078049e-20	5.30406034938e-10
0.007	8.14361600879e-17	4.36691236156e-12	7.46881351917e-16	7.40368616306e-15	7.63132689176e-20	5.62062663848e-10
0.0072	8.86176445888e-17	4.75200444769e-12	7.90169946868e-16	7.83279705119e-15	8.07363230539e-20	5.94636654118e-10
0.0074	9.62093805136e-17	5.15909471744e-12	8.34677935606e-16	8.2739955093e-15	8.5283970211e-20	6.28127993236e-10
0.0076	1.04222762853e-16	5.58879412662e-12	8.80405317954e-16	8.72728153408e-15	8.99562103859e-20	6.62536668691e-10
0.0078	1.12669186552e-16	6.04171362539e-12	9.27352093733e-16	9.1926551222e-15	9.47530435756e-20	6.97862667972e-10
0.008	1.21560046504e-16	6.5184641582e-12	9.75518262764e-16	9.67011627032e-15	9.96744697772e-20	7.34105978568e-10
0.0082	1.30906737559e-16	7.01965666388e-12	1.02490382487e-15	1.01596649751e-14	1.04720488988e-19	7.71266587968e-10
0.0084	1.40720654516e-16	7.54590207557e-12	1.07550877987e-15	1.06613012333e-14	1.09891101205e-19	8.09344483661e-10
0.0086	1.51013192129e-16	8.09781132074e-12	1.12733312759e-15	1.11750250415e-14	1.15186306425e-19	8.48339653136e-10
0.0088	1.61795745103e-16	8.67599532119e-12	1.18037686785e-15	1.17008363965e-14	1.20606104645e-19	8.88252083883e-10
0.009	1.73079708094e-16	9.28106499308e-12	1.23464000047e-15	1.22387352948e-14	1.26150495862e-19	9.29081763391e-10
0.0092	1.84876475714e-16	9.91363124686e-12	1.29012252528e-15	1.27887217332e-14	1.31819480074e-19	9.7082867915e-10
0.0094	1.97197442523e-16	1.05743049874e-11	1.34682444209e-15	1.33507957084e-14	1.37613057277e-19	1.01349281865e-09
0.0096	2.10054003037e-16	1.12636971137e-11	1.40474575072e-15	1.39249572169e-14	1.43531227468e-19	1.05707416938e-09
0.0098	2.23457551722e-16	1.19824185193e-11	1.463886451e-15	1.45112062556e-14	1.49573990645e-19	1.10157271883e-09
0.01	2.37419482997e-16	1.27310800921e-11	1.52424654276e-15	1.5109542821e-14	1.55741346805e-19	1.14698845449e-09
0.0102	2.51951191234e-16	1.35102927141e-11	1.5858260258e-15	1.57199669099e-14	1.62033295944e-19	1.19332136385e-09
0.0104	2.67064070756e-16	1.43206672619e-11	1.64862489996e-15	1.63424785189e-14	1.6844983806e-19	1.2405714344e-09
0.0106	2.8276951584e-16	1.51628146062e-11	1.71264316506e-15	1.69770776447e-14	1.7499097315e-19	1.28873865364e-09
0.0108	2.99078920713e-16	1.60373456121e-11	1.77788082091e-15	1.76237642839e-14	1.81656701211e-19	1.33782300904e-09
0.011	3.16003679558e-16	1.69448711392e-11	1.84433786734e-15	1.82825384333e-14	1.8844702224e-19	1.38782448811e-09
0.0112	3.33555186506e-16	1.78860020412e-11	1.91201430417e-15	1.89534000896e-14	1.95361936233e-19	1.43874307833e-09
0.0114	3.51744835644e-16	1.88613491663e-11	1.98091013122e-15	1.96363492493e-14	2.02401443189e-19	1.49057876719e-09
0.0116	3.70584021008e-16	1.98715233569e-11	2.05102534832e-15	2.03313859092e-14	2.09565543104e-19	1.54333154219e-09
0.0118	3.9008413659e-16	2.09171354498e-11	2.12235995528e-15	2.1038510066e-14	2.16854235975e-19	1.59700139082e-09
0.012	4.10256576331e-16	2.19987962762e-11	2.19491395193e-15	2.17577217163e-14	2.24267521799e-19	1.65158830056e-09
0.0122	4.31112734127e-16	2.31171166616e-11	2.26868733808e-15	2.24890208568e-14	2.31805400574e-19	1.70709225892e-09
0.0124	4.52664003824e-16	2.42727074257e-11	2.34368011357e-15	2.32324074841e-14	2.39467872296e-19	1.76351325337e-09
0.0126	4.74921779223e-16	2.54661793826e-11	2.41989227821e-15	2.39878815951e-14	2.47254936963e-19	1.82085127141e-09
0.0128	4.97897454073e-16	2.66981433409e-11	2.49732383183e-15	2.47554431862e-14	2.55166594571e-19	1.87910630054e-09
0.013	5.21602422081e-16	2.79692101034e-11	2.57597477424e-15	2.55350922543e-14	2.63202845117e-19	1.93827832824e-09
0.0132	5.46048076902e-16	2.92799904671e-11	2.65584510527e-15	2.63268287959e-14	2.713636886e-19	1.99836734201e-09
0.0134	5.71245812145e-16	3.06310952235e-11	2.73693482473e-15	2.71306528078e-14	2.79649125015e-19	2.05937332934e-09
0.0136	5.97207021372e-16	3.20231351585e-11	2.81924393246e-15	2.79465642866e-14	2.8805915436e-19	2.12129627772e-09
0.0138	6.23943098095e-16	3.34567210521e-11	2.90277242828e-15	2.87745632291e-14	2.96593776632e-19	2.18413617464e-09
0.014	6.5146543578e-16	3.49324636789e-11	2.98752031199e-15	2.96146496318e-14	3.05252991827e-19	2.2478930076e-09
0.0142	6.79785427846e-16	3.64509738076e-11	3.07348758343e-15	3.04668234915e-14	3.14036799944e-19	2.31256676409e-09
0.0144	7.08914467663e-16	3.80128622014e-11	3.16067424242e-15	3.13310848048e-14	3.22945200979e-19	2.37815743159e-09
0.0146	7.38863948554e-16	3.96187396178e-11	3.24908028878e-15	3.22074335684e-14	3.31978194929e-19	2.44466499762e-09
0.0148	7.69645263794e-16	4.12692168084e-11	3.33870572234e-15	3.30958697791e-14	3.41135781791e-19	2.51208944964e-09
0.015	8.0126980661e-16	4.29649045196e-11	3.4295505429e-15	3.39963934333e-14	3.50417961562e-19	2.58043077517e-09
0.0152	8.33748970183e-16	4.47064134917e-11	3.5216147503e-15	3.4909004528e-14	3.5982473424e-19	2.64968896169e-09
0.0154	8.67094147644e-16	4.64943544595e-11	3.61489834436e-15	3.58337030596e-14	3.69356099821e-19	2.71986399669e-09
0.0156	9.01316732078e-16	4.83293381523e-11	3.70940132489e-15	3.67704890249e-14	3.79012058302e-19	2.79095586768e-09
0.0158	9.36428116522e-16	5.02119752933e-11	3.80512369173e-15	3.77193624206e-14	3.88792609682e-19	2.86296456213e-09
0.016	9.72439693965e-16	5.21428766006e-11	3.90206544468e-15	3.86803232433e-14	3.98697753955e-19	2.93589006755e-09
0.0162	1.00936285735e-15	5.41226527861e-11	4.00022658358e-15	3.96533714898e-14	4.08727491121e-19	3.00973237143e-09
0.0164	1.04720899957e-15	5.61519145564e-11	4.09960710825e-15	4.06385071566e-14	4.18881821175e-19	3.08449146126e-09
0.0166	1.08598951346e-15	5.82312726123e-11	4.2002070185e-15	4.16357302405e-14	4.29160744115e-19	3.16016732454e-09
0.0168	1.12571579184e-15	6.03613376489e-11	4.30202631416e-15	4.26450407382e-14	4.39564259938e-19	3.23675994876e-09
0.017	1.16639922745e-15	6.25427203557e-11	4.40506499505e-15	4.36664386462e-14	4.5009236864e-19	3.31426932141e-09
0.0172	1.20805121299e-15	6.47760314164e-11	4.509323061e-15	4.46999239614e-14	4.6074507022e-19	3.39269542999e-09
0.0174	1.25068314111e-15	6.70618815093e-11	4.61480051181e-15	4.57454966803e-14	4.71522364674e-19	3.472038262e-09
0.0176	1.29430640444e-15	6.94008813068e-11	4.72149734733e-15	4.68031567997e-14	4.82424251999e-19	3.55229780492e-09
0.0178	1.33893239552e-15	7.17936414757e-11	4.82941356736e-15	4.78729043162e-14	4.93450732192e-19	3.63347404626e-09
0.018	1.38457250687e-15	7.42407726772e-11	4.93854917173e-15	4.89547392265e-14	5.0460180525e-19	3.7155669735e-09
0.0182	1.43123813095e-15	7.67428855667e-11	5.04890416026e-15	5.00486615273e-14	5.15877471171e-19	3.79857657414e-09
0.0184	1.47894066019e-15	7.93005907941e-11	5.16047853277e-15	5.11546712152e-14	5.27277729951e-19	3.88250283568e-09
0.0186	1.52769148694e-15	8.19144990034e-11	5.27327228909e-15	5.2272768287e-14	5.38802581588e-19	3.96734574561e-09
0.0188	1.57750200354e-15	8.45852208333e-11	5.38728542903e-15	5.34029527392e-14	5.50452026078e-19	4.05310529142e-09
0.019	1.62838360226e-15	8.73133669164e-11	5.50251795242e-15	5.45452245687e-14	5.62226063419e-19	4.13978146062e-09
0.0192	1.68034767531e-15	9.009954788e-11	5.61896985908e-15	5.56995837719e-14	5.74124693607e-19	4.22737424069e-09
0.0194	1.7334056149e-15	9.29443743455e-11	5.73664114883e-15	5.68660303458e-14	5.8614791664e-19	4.31588361914e-09
0.0196	1.78756881313e-15	9.58484569287e-11	5.85553182149e-15	5.80445642868e-14	5.98295732515e-19	4.40530958345e-09
0.0198	1.8428486621e-15	9.88124062399e-11	5.97564187689e-15	5.92351855917e-14	6.10568141229e-19	4.49565212113e-09
0.02	1.89925655385e-15	1.01836832883e-10	6.09697131485e-15	6.04378942571e-14	6.22965142779e-19	4.58691121966e-09
0.0202	1.95680388035e-15	1.04922347458e-10	6.21952013518e-15	6.16526902798e-14	6.35486737162e-19	4.67908686655e-09
0.0204	2.01550203356e-15	1.08069560557e-10	6.34328833771e-15	6.28795736564e-14	6.48132924375e-19	4.77217904929e-09
0.0206	2.07536240536e-15	1.11279082768e-10	6.46827592227e-15	6.41185443835e-14	6.60903704415e-19	4.86618775538e-09
0.0208	2.13639638761e-15	1.14551524673e-10	6.59448288866e-15	6.5369602458e-14	6.73799077279e-19	4.96111297231e-09
0.021	2.19861537209e-15	1.17887496847e-10	6.72190923673e-15	6.66327478763e-14	6.86819042964e-19	5.05695468758e-09
0.0212	2.26203075056e-15	1.21287609862e-10	6.85055496628e-15	6.79079806353e-14	6.99963601468e-19	5.15371288869e-09
0.0214	2.32665391472e-15	1.24752474282e-10	6.98042007713e-15	6.91953007316e-14	7.13232752787e-19	5.25138756313e-09
0.0216	2.39249625622e-15	1.28282700666e-10	7.11150456912e-15	7.04947081618e-14	7.26626496919e-19	5.3499786984e-09
0.0218	2.45956916668e-15	1.31878899568e-10	7.24380844206e-15	7.18062029226e-14	7.4014483386e-19	5.44948628199e-09
0.022	2.52788403764e-15	1.35541681536e-10	7.37733169577e-15	7.31297850108e-14	7.53787763608e-19	5.54991030141e-09
0.0222	2.59745226063e-15	1.39271657111e-10	7.51207433008e-15	7.44654544229e-14	7.67555286159e-19	5.65125074414e-09
0.0224	2.66828522711e-15	1.43069436831e-10	7.64803634481e-15	7.58132111557e-14	7.81447401512e-19	5.7535075977e-09
0.0226	2.74039432849e-15	1.46935631226e-10	7.78521773977e-15	7.71730552059e-14	7.95464109662e-19	5.85668084957e-09
0.0228	2.81379095614e-15	1.50870850822e-10	7.9236185148e-15	7.85449865701e-14	8.09605410606e-19	5.96077048725e-09
0.023	2.88848650138e-15	1.54875706137e-10	8.0632386697e-15	7.99290052449e-14	8.23871304343e-19	6.06577649823e-09
0.0232	2.96449235549e-15	1.58950807686e-10	8.20407820431e-15	8.13251112272e-14	8.38261790869e-19	6.17169887003e-09
0.0234	3.0418199097e-15	1.63096765976e-10	8.34613711845e-15	8.27333045134e-14	8.52776870181e-19	6.27853759013e-09
0.0236	3.12048055517e-15	1.67314191511e-10	8.48941541193e-15	8.41535851004e-14	8.67416542276e-19	6.38629264603e-09
0.0238	3.20048568304e-15	1.71603694788e-10	8.63391308459e-15	8.55859529848e-14	8.82180807151e-19	6.49496402523e-09
0.024	3.2818466844e-15	1.75965886297e-10	8.77963013623e-15	8.70304081633e-14	8.97069664804e-19	6.60455171523e-09
0.0242	3.36457495027e-15	1.80401376523e-10	8.92656656669e-15	8.84869506325e-14	9.12083115231e-19	6.71505570352e-09
0.0244	3.44868187165e-15	1.84910775948e-10	9.07472237578e-15	8.99555803891e-14	9.27221158429e-19	6.82647597761e-09
0.0246	3.53417883948e-15	1.89494695044e-10	9.22409756333e-15	9.14362974298e-14	9.42483794396e-19	6.938812525e-09
0.0248	3.62107724464e-15	1.94153744281e-10	9.37469212915e-15	9.29291017513e-14	9.57871023128e-19	7.05206533317e-09
0.025	3.70938847799e-15	1.98888534121e-10	9.52650607307e-15	9.44339933502e-14	9.73382844623e-19	7.16623438963e-09
0.0252	3.79912393031e-15	2.03699675022e-10	9.67953939492e-15	9.59509722233e-14	9.89019258877e-19	7.28131968189e-09
0.0254	3.89029499236e-15	2.08587777435e-10	9.83379209451e-15	9.74800383671e-14	1.00478026589e-18	7.39732119743e-09
0.0256	3.98291305485e-15	2.13553451805e-10	9.98926417166e-15	9.90211917785e-14	1.02066586565e-18	7.51423892375e-09
0.0258	4.07698950841e-15	2.18597308574e-10	1.01459556262e-14	1.00574432454e-13	1.03667605817e-18	7.63207284836e-09
0.026	4.17253574367e-15	2.23719958176e-10	1.03038664579e-14	1.0213976039e-13	1.05281084343e-18	7.75082295876e-09
0.0262	4.26956315117e-15	2.28922011039e-10	1.04629966667e-14	1.03717175584e-13	1.06907022144e-18	7.87048924244e-09
0.0264	4.36808312143e-15	2.34204077587e-10	1.06233462524e-14	1.05306678032e-13	1.08545419219e-18	7.9910716869e-09
0.0266	4.46810704491e-15	2.39566768237e-10	1.07849152147e-14	1.06908267731e-13	1.10196275568e-18	8.11257027965e-09
0.0268	4.56964631203e-15	2.45010693401e-10	1.09477035535e-14	1.08521944677e-13	1.11859591191e-18	8.23498500818e-09
0.027	4.67271231316e-15	2.50536463486e-10	1.11117112686e-14	1.10147708868e-13	1.13535366087e-18	8.35831585999e-09
0.0272	4.77731643861e-15	2.56144688892e-10	1.12769383598e-14	1.11785560299e-13	1.15223600256e-18	8.48256282258e-09
0.0274	4.88347007867e-15	2.61835980013e-10	1.1443384827e-14	1.13435498968e-13	1.16924293698e-18	8.60772588345e-09
0.0276	4.99118462354e-15	2.6761094724e-10	1.161105067e-14	1.15097524872e-13	1.18637446412e-18	8.73380503011e-09
0.0278	5.10047146341e-15	2.73470200955e-10	1.17799358886e-14	1.16771638006e-13	1.20363058398e-18	8.86080025005e-09
0.028	5.21134198842e-15	2.79414351537e-10	1.19500404827e-14	1.18457838368e-13	1.22101129656e-18	8.98871153077e-09
0.0282	5.32380758864e-15	2.85444009357e-10	1.21213644519e-14	1.20156125954e-13	1.23851660186e-18	9.11753885977e-09
0.0284	5.4378796541e-15	2.91559784783e-10	1.22939077963e-14	1.21866500761e-13	1.25614649987e-18	9.24728222456e-09
0.0286	5.5535695748e-15	2.97762288174e-10	1.24676705155e-14	1.23588962785e-13	1.27390099059e-18	9.37794161263e-09
0.0288	5.67088874067e-15	3.04052129888e-10	1.26426526094e-14	1.25323512024e-13	1.29178007402e-18	9.50951701149e-09
0.029	5.7898485416e-15	3.10429920272e-10	1.28188540779e-14	1.27070148474e-13	1.30978375015e-18	9.64200840863e-09
0.0292	5.91046036744e-15	3.16896269671e-10	1.29962749207e-14	1.28828872131e-13	1.32791201898e-18	9.77541579156e-09
0.0294	6.03273560798e-15	3.23451788423e-10	1.31749151378e-14	1.30599682993e-13	1.34616488051e-18	9.90973914777e-09
0.0296	6.15668565297e-15	3.30097086861e-10	1.33547747288e-14	1.32382581056e-13	1.36454233474e-18	1.00449784648e-08
0.0298	6.28232189212e-15	3.36832775312e-10	1.35358536936e-14	1.34177566316e-13	1.38304438165e-18	1.01811337301e-08
0.03	6.40965571507e-15	3.43659464096e-10	1.37181520321e-14	1.35984638771e-13	1.40167102126e-18	1.03182049312e-08
0.0302	6.53869851144e-15	3.5057776353e-10	1.3901669744e-14	1.37803798417e-13	1.42042225355e-18	1.04561920555e-08
0.0304	6.66946167077e-15	3.57588283923e-10	1.40864068292e-14	1.3963504525e-13	1.43929807853e-18	1.05950950907e-08
0.0306	6.80195658258e-15	3.6469163558e-10	1.42723632876e-14	1.41478379268e-13	1.45829849619e-18	1.07349140242e-08
0.0308	6.93619463633e-15	3.718884288e-10	1.44595391188e-14	1.43333800467e-13	1.47742350652e-18	1.08756488435e-08
0.031	7.07218722143e-15	3.79179273874e-10	1.46479343228e-14	1.45201308843e-13	1.49667310953e-18	1.1017299536e-08
0.0312	7.20994572726e-15	3.86564781091e-10	1.48375488994e-14	1.47080904394e-13	1.51604730521e-18	1.11598660894e-08
0.0314	7.34948154313e-15	3.94045560732e-10	1.50283828484e-14	1.48972587116e-13	1.53554609356e-18	1.13033484911e-08
0.0316	7.49080605832e-15	4.01622223073e-10	1.52204361696e-14	1.50876357006e-13	1.55516947458e-18	1.14477467286e-08
0.0318	7.63393066205e-15	4.09295378384e-10	1.54137088628e-14	1.52792214061e-13	1.57491744825e-18	1.15930607894e-08
0.032	7.77886674349e-15	4.1706563693e-10	1.56082009279e-14	1.54720158276e-13	1.59479001459e-18	1.1739290661e-08
0.0322	7.92562569177e-15	4.2493360897e-10	1.58039123647e-14	1.56660189649e-13	1.61478717359e-18	1.18864363309e-08
0.0324	8.07421889598e-15	4.32899904757e-10	1.6000843173e-14	1.58612308177e-13	1.63490892524e-18	1.20344977867e-08
0.0326	8.22465774515e-15	4.40965134539e-10	1.61989933526e-14	1.60576513855e-13	1.65515526954e-18	1.21834750157e-08
0.0328	8.37695362826e-15	4.49129908558e-10	1.63983629033e-14	1.62552806682e-13	1.67552620649e-18	1.23333680056e-08
0.033	8.53111793425e-15	4.57394837049e-10	1.65989518251e-14	1.64541186653e-13	1.69602173608e-18	1.24841767438e-08
0.0332	8.68716205202e-15	4.65760530245e-10	1.68007601176e-14	1.66541653765e-13	1.71664185832e-18	1.26359012179e-08
0.0334	8.84509737041e-15	4.74227598369e-10	1.70037877807e-14	1.68554208015e-13	1.73738657319e-18	1.27885414152e-08
0.0336	9.00493527821e-15	4.8279665164e-10	1.72080348143e-14	1.70578849399e-13	1.7582558807e-18	1.29420973235e-08
0.0338	9.16668716416e-15	4.91468300274e-10	1.74135012181e-14	1.72615577915e-13	1.77924978085e-18	1.309656893e-08
0.034	9.33036441698e-15	5.00243154477e-10	1.7620186992e-14	1.74664393558e-13	1.80036827362e-18	1.32519562224e-08
0.0342	9.49597842531e-15	5.09121824452e-10	1.78280921357e-14	1.76725296326e-13	1.82161135903e-18	1.34082591882e-08
0.0344	9.66354057775e-15	5.18104920395e-10	1.80372166493e-14	1.78798286216e-13	1.84297903706e-18	1.35654778148e-08
0.0346	9.83306226287e-15	5.27193052498e-10	1.82475605323e-14	1.80883363223e-13	1.86447130771e-18	1.37236120897e-08
0.0348	1.00045548692e-14	5.36386830946e-10	1.84591237847e-14	1.82980527345e-13	1.88608817098e-18	1.38826620005e-08
0.035	1.01780297851e-14	5.45686865918e-10	1.86719064063e-14	1.85089778577e-13	1.90782962686e-18	1.40426275347e-08
0.0352	1.03534983991e-14	5.55093767589e-10	1.88859083969e-14	1.87211116918e-13	1.92969567536e-18	1.42035086798e-08
0.0354	1.05309720996e-14	5.64608146126e-10	1.91011297564e-14	1.89344542364e-13	1.95168631647e-18	1.43653054232e-08
0.0356	1.07104622747e-14	5.74230611694e-10	1.93175704845e-14	1.9149005491e-13	1.97380155018e-18	1.45280177525e-08
0.0358	1.08919803129e-14	5.83961774447e-10	1.9535230581e-14	1.93647654555e-13	1.9960413765e-18	1.46916456552e-08
0.036	1.10755376023e-14	5.93802244539e-10	1.97541100459e-14	1.95817341294e-13	2.01840579542e-18	1.48561891188e-08
0.0362	1.12611455312e-14	6.03752632114e-10	1.99742088789e-14	1.97999115125e-13	2.04089480694e-18	1.50216481307e-08
0.0364	1.14488154876e-14	6.13813547313e-10	2.01955270798e-14	2.00192976043e-13	2.06350841106e-18	1.51880226786e-08
0.0366	1.16385588596e-14	6.2398560027e-10	2.04180646484e-14	2.02398924046e-13	2.08624660776e-18	1.53553127499e-08
0.0368	1.18303870353e-14	6.34269401113e-10	2.06418215847e-14	2.04616959131e-13	2.10910939706e-18	1.55235183321e-08
0.037	1.20243114026e-14	6.44665559966e-10	2.08667978883e-14	2.06847081293e-13	2.13209677894e-18	1.56926394126e-08
0.0372	1.22203433495e-14	6.55174686946e-10	2.10929935592e-14	2.0908929053e-13	2.15520875341e-18	1.58626759792e-08
0.0374	1.24184942638e-14	6.65797392165e-10	2.13204085972e-14	2.11343586839e-13	2.17844532046e-18	1.60336280191e-08
0.0376	1.26187755335e-14	6.76534285729e-10	2.15490430019e-14	2.13609970215e-13	2.20180648008e-18	1.620549552e-08
0.0378	1.28211985462e-14	6.87385977738e-10	2.17788967734e-14	2.15888440656e-13	2.22529223228e-18	1.63782784693e-08
0.038	1.30257746899e-14	6.98353078287e-10	2.20099699114e-14	2.18178998159e-13	2.24890257706e-18	1.65519768545e-08
0.0382	1.32325153521e-14	7.09436197465e-10	2.22422624158e-14	2.2048164272e-13	2.2726375144e-18	1.67265906632e-08
0.0384	1.34414319204e-14	7.20635945355e-10	2.24757742862e-14	2.22796374335e-13	2.29649704431e-18	1.69021198828e-08
0.0386	1.36525357826e-14	7.31952932036e-10	2.27105055227e-14	2.25123193002e-13	2.32048116678e-18	1.7078564501e-08
0.0388	1.38658383262e-14	7.43387767579e-10	2.2946456125e-14	2.27462098716e-13	2.34458988181e-18	1.7255924505e-08
0.039	1.40813509386e-14	7.5494106205e-10	2.31836260929e-14	2.29813091476e-13	2.36882318939e-18	1.74341998826e-08
0.0392	1.42990850074e-14	7.66613425511e-10	2.34220154262e-14	2.32176171277e-13	2.39318108954e-18	1.76133906211e-08
0.0394	1.45190519199e-14	7.78405468016e-10	2.36616241248e-14	2.34551338116e-13	2.41766358223e-18	1.77934967081e-08
0.0396	1.47412630635e-14	7.90317799615e-10	2.39024521884e-14	2.3693859199e-13	2.44227066747e-18	1.79745181312e-08
0.0398	1.49657298256e-14	8.02351030352e-10	2.4144499617e-14	2.39337932895e-13	2.46700234526e-18	1.81564548777e-08
0.04	1.51924635933e-14	8.14505770264e-10	2.43877664103e-14	2.41749360829e-13	2.49185861559e-18	1.83393069352e-08
0.0402	1.5421475754e-14	8.26782629385e-10	2.46322525682e-14	2.44172875787e-13	2.51683947846e-18	1.85230742912e-08
0.0404	1.56527776948e-14	8.3918221774e-10	2.48779580904e-14	2.46608477767e-13	2.54194493387e-18	1.87077569333e-08
0.0406	1.58863808028e-14	8.51705145352e-10	2.51248829769e-14	2.49056166764e-13	2.56717498181e-18	1.88933548489e-08
0.0408	1.61222964651e-14	8.64352022235e-10	2.53730272273e-14	2.51515942777e-13	2.59252962228e-18	1.90798680255e-08
0.041	1.63605360688e-14	8.771234584e-10	2.56223908416e-14	2.53987805801e-13	2.61800885528e-18	1.92672964507e-08
0.0412	1.66011110008e-14	8.90020063849e-10	2.58729738195e-14	2.56471755834e-13	2.6436126808e-18	1.9455640112e-08
0.0414	1.6844032648e-14	9.03042448583e-10	2.61247761609e-14	2.58967792871e-13	2.66934109885e-18	1.96448989967e-08
0.0416	1.70893123974e-14	9.16191222594e-10	2.63777978657e-14	2.6147591691e-13	2.69519410942e-18	1.98350730926e-08
0.0418	1.73369616358e-14	9.29466995868e-10	2.66320389335e-14	2.63996127947e-13	2.7211717125e-18	2.00261623871e-08
0.042	1.758699175e-14	9.42870378388e-10	2.68874993643e-14	2.66528425979e-13	2.74727390809e-18	2.02181668676e-08
0.0422	1.78394141267e-14	9.56401980128e-10	2.71441791579e-14	2.69072811002e-13	2.7735006962e-18	2.04110865217e-08
0.0424	1.80942401527e-14	9.7006241106e-10	2.7402078314e-14	2.71629283014e-13	2.79985207681e-18	2.06049213369e-08
0.0426	1.83514812145e-14	9.83852281148e-10	2.76611968326e-14	2.7419784201e-13	2.82632804993e-18	2.07996713008e-08
0.0428	1.86111486988e-14	9.97772200351e-10	2.79215347134e-14	2.76778487989e-13	2.85292861555e-18	2.09953364007e-08
0.043	1.88732539922e-14	1.01182277862e-09	2.81830919563e-14	2.79371220945e-13	2.87965377366e-18	2.11919166243e-08
0.0432	1.91378084811e-14	1.02600462591e-09	2.8445868561e-14	2.81976040877e-13	2.90650352428e-18	2.13894119591e-08
0.0434	1.9404823552e-14	1.04031835215e-09	2.87098645274e-14	2.8459294778e-13	2.93347786738e-18	2.15878223924e-08
0.0436	1.96743105914e-14	1.05476456728e-09	2.89750798554e-14	2.87221941651e-13	2.96057680298e-18	2.1787147912e-08
0.0438	1.99462809855e-14	1.06934388124e-09	2.92415145447e-14	2.89863022487e-13	2.98780033106e-18	2.19873885052e-08
0.044	2.02207461207e-14	1.08405690395e-09	2.95091685951e-14	2.92516190285e-13	3.01514845163e-18	2.21885441595e-08
0.0442	2.04977173834e-14	1.09890424533e-09	2.97780420066e-14	2.95181445041e-13	3.04262116468e-18	2.23906148626e-08
0.0444	2.07772061596e-14	1.11388651529e-09	3.00481347788e-14	2.97858786753e-13	3.0702184702e-18	2.25936006018e-08
0.0446	2.10592238356e-14	1.12900432373e-09	3.03194469117e-14	3.00548215416e-13	3.0979403682e-18	2.27975013648e-08
0.0448	2.13437817975e-14	1.14425828057e-09	3.0591978405e-14	3.03249731027e-13	3.12578685868e-18	2.30023171389e-08
0.045	2.16308914313e-14	1.1596489957e-09	3.08657292586e-14	3.05963333583e-13	3.15375794162e-18	2.32080479118e-08
0.0452	2.19205641232e-14	1.17517707901e-09	3.11406994723e-14	3.08689023081e-13	3.18185361703e-18	2.3414693671e-08
0.0454	2.22128112591e-14	1.19084314038e-09	3.14168890459e-14	3.11426799518e-13	3.2100738849e-18	2.36222544038e-08
0.0456	2.25076442249e-14	1.20664778969e-09	3.16942979793e-14	3.14176662889e-13	3.23841874523e-18	2.3830730098e-08
0.0458	2.28050744065e-14	1.22259163682e-09	3.19729262722e-14	3.16938613192e-13	3.26688819802e-18	2.40401207408e-08
0.046	2.31051131898e-14	1.23867529164e-09	3.22527739245e-14	3.19712650424e-13	3.29548224327e-18	2.425042632e-08
0.0462	2.34077719606e-14	1.254899364e-09	3.25338409359e-14	3.2249877458e-13	3.32420088096e-18	2.4461646823e-08
0.0464	2.37130621046e-14	1.27126446377e-09	3.28161273065e-14	3.25296985659e-13	3.35304411111e-18	2.46737822372e-08
0.0466	2.40209950074e-14	1.2877712008e-09	3.30996330358e-14	3.28107283656e-13	3.3820119337e-18	2.48868325503e-08
0.0468	2.43315820548e-14	1.30442018493e-09	3.33843581238e-14	3.30929668568e-13	3.41110434873e-18	2.51007977496e-08
0.047	2.46448346324e-14	1.321212026e-09	3.36703025704e-14	3.33764140391e-13	3.44032135621e-18	2.53156778228e-08
0.0472	2.49607641256e-14	1.33814733385e-09	3.39574663752e-14	3.36610699123e-13	3.46966295612e-18	2.55314727574e-08
0.0474	2.52793819201e-14	1.35522671831e-09	3.42458495382e-14	3.39469344761e-13	3.49912914846e-18	2.57481825408e-08
0.0476	2.56006994013e-14	1.37245078919e-09	3.45354520591e-14	3.423400773e-13	3.52871993324e-18	2.59658071605e-08
0.0478	2.59247279545e-14	1.38982015632e-09	3.48262739378e-14	3.45222896737e-13	3.55843531044e-18	2.61843466041e-08
0.048	2.62514789652e-14	1.4073354295e-09	3.51183151741e-14	3.4811780307e-13	3.58827528007e-18	2.64038008592e-08
0.0482	2.65809638187e-14	1.42499721855e-09	3.54115757678e-14	3.51024796295e-13	3.61823984212e-18	2.66241699131e-08
0.0484	2.69131939002e-14	1.44280613326e-09	3.57060557187e-14	3.53943876408e-13	3.64832899659e-18	2.68454537534e-08
0.0486	2.7248180595e-14	1.46076278343e-09	3.60017550267e-14	3.56875043406e-13	3.67854274348e-18	2.70676523677e-08
0.0488	2.75859352882e-14	1.47886777885e-09	3.62986736916e-14	3.59818297286e-13	3.70888108278e-18	2.72907657434e-08
0.049	2.7926469365e-14	1.49712172929e-09	3.65968117133e-14	3.62773638045e-13	3.73934401449e-18	2.7514793868e-08
0.0492	2.82697942104e-14	1.51552524455e-09	3.68961690914e-14	3.65741065679e-13	3.76993153861e-18	2.77397367291e-08
0.0494	2.86159212095e-14	1.53407893438e-09	3.71967458259e-14	3.68720580185e-13	3.80064365514e-18	2.79655943141e-08
0.0496	2.89648617472e-14	1.55278340856e-09	3.74985419165e-14	3.71712181559e-13	3.83148036406e-18	2.81923666107e-08
0.0498	2.93166272085e-14	1.57163927685e-09	3.78015573632e-14	3.74715869799e-13	3.86244166539e-18	2.84200536062e-08
0.05	2.96712289784e-14	1.590647149e-09	3.81057921657e-14	3.777316449e-13	3.89352755911e-18	2.86486552883e-08
0.0502	3.00286784415e-14	1.60980763476e-09	3.84112463238e-14	3.80759506861e-13	3.92473804522e-18	2.88781716444e-08
0.0504	3.03889869827e-14	1.62912134387e-09	3.87179198373e-14	3.83799455676e-13	3.95607312373e-18	2.9108602662e-08
0.0506	3.07521659868e-14	1.64858888608e-09	3.90258127062e-14	3.86851491343e-13	3.98753279462e-18	2.93399483286e-08
0.0508	3.11182268385e-14	1.66821087112e-09	3.93349249301e-14	3.89915613859e-13	4.01911705789e-18	2.95722086319e-08
0.051	3.14871809224e-14	1.68798790871e-09	3.9645256509e-14	3.92991823221e-13	4.05082591355e-18	2.98053835591e-08
0.0512	3.18590396231e-14	1.70792060857e-09	3.99568074426e-14	3.96080119424e-13	4.08265936158e-18	3.0039473098e-08
0.0514	3.22338143251e-14	1.72800958042e-09	4.02695777308e-14	3.99180502466e-13	4.11461740199e-18	3.0274477236e-08
0.0516	3.2611516413e-14	1.74825543396e-09	4.05835673734e-14	4.02292972343e-13	4.14670003478e-18	3.05103959606e-08
0.0518	3.29921572713e-14	1.76865877891e-09	4.08987763702e-14	4.05417529052e-13	4.17890725993e-18	3.07472292594e-08
0.052	3.33757482843e-14	1.78922022496e-09	4.1215204721e-14	4.0855417259e-13	4.21123907745e-18	3.09849771197e-08
0.0522	3.37623008364e-14	1.80994038181e-09	4.15328524257e-14	4.11702902953e-13	4.24369548733e-18	3.12236395293e-08
0.0524	3.41518263119e-14	1.83081985914e-09	4.1851719484e-14	4.14863720139e-13	4.27627648957e-18	3.14632164755e-08
0.0526	3.45443360951e-14	1.85185926662e-09	4.21718058959e-14	4.18036624143e-13	4.30898208418e-18	3.17037079459e-08
0.0528	3.49398415702e-14	1.87305921395e-09	4.2493111661e-14	4.21221614962e-13	4.34181227113e-18	3.1945113928e-08
0.053	3.53383541214e-14	1.89442031078e-09	4.28156367793e-14	4.24418692593e-13	4.37476705044e-18	3.21874344093e-08
0.0532	3.57398851328e-14	1.91594316679e-09	4.31393812506e-14	4.27627857034e-13	4.4078464221e-18	3.24306693773e-08
0.0534	3.61444459886e-14	1.93762839163e-09	4.34643450747e-14	4.30849108279e-13	4.4410503861e-18	3.26748188196e-08
0.0536	3.65520480726e-14	1.95947659495e-09	4.37905282513e-14	4.34082446327e-13	4.47437894245e-18	3.29198827237e-08
0.0538	3.69627027689e-14	1.98148838641e-09	4.41179307804e-14	4.37327871173e-13	4.50783209113e-18	3.3165861077e-08
0.054	3.73764214615e-14	2.00366437564e-09	4.44465526618e-14	4.40585382815e-13	4.54140983216e-18	3.34127538671e-08
0.0542	3.77932155343e-14	2.02600517228e-09	4.47763938952e-14	4.43854981249e-13	4.57511216551e-18	3.36605610815e-08
0.0544	3.82130963709e-14	2.04851138596e-09	4.51074544805e-14	4.47136666472e-13	4.6089390912e-18	3.39092827077e-08
0.0546	3.86360753554e-14	2.0711836263e-09	4.54397344175e-14	4.5043043848e-13	4.64289060922e-18	3.41589187333e-08
0.0548	3.90621638713e-14	2.09402250293e-09	4.57732337061e-14	4.5373629727e-13	4.67696671957e-18	3.44094691457e-08
0.055	3.94913733025e-14	2.11702862546e-09	4.6107952346e-14	4.5705424284e-13	4.71116742223e-18	3.46609339325e-08
0.0552	3.99237150325e-14	2.1402026035e-09	4.64438903371e-14	4.60384275184e-13	4.74549271722e-18	3.49133130812e-08
0.0554	4.0359200445e-14	2.16354504664e-09	4.67810476792e-14	4.63726394301e-13	4.77994260452e-18	3.51666065793e-08
0.0556	4.07978409235e-14	2.18705656449e-09	4.71194243721e-14	4.67080600187e-13	4.81451708414e-18	3.54208144142e-08
0.0558	4.12396478514e-14	2.21073776663e-09	4.74590204157e-14	4.70446892838e-13	4.84921615606e-18	3.56759365737e-08
0.056	4.16846326124e-14	2.23458926265e-09	4.77998358098e-14	4.73825272251e-13	4.8840398203e-18	3.5931973045e-08
0.0562	4.21328065898e-14	2.25861166214e-09	4.81418705541e-14	4.77215738424e-13	4.91898807684e-18	3.61889238158e-08
0.0564	4.25841811669e-14	2.28280557465e-09	4.84851246485e-14	4.80618291351e-13	4.95406092568e-18	3.64467888736e-08
0.0566	4.30387677271e-14	2.30717160978e-09	4.88295980929e-14	4.84032931031e-13	4.98925836682e-18	3.67055682059e-08
0.0568	4.34965776536e-14	2.33171037706e-09	4.9175290887e-14	4.8745965746e-13	5.02458040026e-18	3.69652618002e-08
0.057	4.39576223296e-14	2.35642248607e-09	4.95222030307e-14	4.90898470635e-13	5.06002702599e-18	3.72258696441e-08
0.0572	4.44219131384e-14	2.38130854635e-09	4.98703345238e-14	4.94349370551e-13	5.09559824401e-18	3.7487391725e-08
0.0574	4.48894614631e-14	2.40636916745e-09	5.02196853662e-14	4.97812357207e-13	5.13129405432e-18	3.77498280304e-08
0.0576	4.53602786867e-14	2.43160495891e-09	5.05702555575e-14	5.01287430598e-13	5.16711445691e-18	3.8013178548e-08
0.0578	4.58343761922e-14	2.45701653027e-09	5.09220450977e-14	5.04774590722e-13	5.20305945179e-18	3.82774432651e-08
0.058	4.63117653627e-14	2.48260449104e-09	5.12750539866e-14	5.08273837574e-13	5.23912903894e-18	3.85426221693e-08
0.0582	4.67924575811e-14	2.50836945076e-09	5.16292822241e-14	5.11785171153e-13	5.27532321837e-18	3.88087152482e-08
0.0584	4.72764642302e-14	2.53431201894e-09	5.19847298098e-14	5.15308591453e-13	5.31164199007e-18	3.90757224892e-08
0.0586	4.7763796693e-14	2.5604328051e-09	5.23413967437e-14	5.18844098472e-13	5.34808535404e-18	3.93436438799e-08
0.0588	4.82544663522e-14	2.58673241873e-09	5.26992830256e-14	5.22391692207e-13	5.38465331028e-18	3.96124794078e-08
0.059	4.87484845905e-14	2.61321146935e-09	5.30583886552e-14	5.25951372655e-13	5.42134585879e-18	3.98822290604e-08
0.0592	4.92458627906e-14	2.63987056644e-09	5.34187136325e-14	5.29523139811e-13	5.45816299955e-18	4.01528928252e-08
0.0594	4.97466123352e-14	2.66671031949e-09	5.37802579572e-14	5.33106993673e-13	5.49510473257e-18	4.04244706897e-08
0.0596	5.0250744607e-14	2.69373133799e-09	5.41430216292e-14	5.36702934238e-13	5.53217105785e-18	4.06969626415e-08
0.0598	5.07582709884e-14	2.72093423142e-09	5.45070046482e-14	5.40310961501e-13	5.56936197538e-18	4.09703686681e-08
0.06	5.12692028619e-14	2.74831960924e-09	5.48722070142e-14	5.4393107546e-13	5.60667748515e-18	4.12446887569e-08
0.0602	5.178355161e-14	2.77588808093e-09	5.52386287269e-14	5.47563276112e-13	5.64411758718e-18	4.15199228956e-08
0.0604	5.23013286152e-14	2.80364025594e-09	5.56062697861e-14	5.51207563452e-13	5.68168228145e-18	4.17960710716e-08
0.0606	5.28225452598e-14	2.83157674373e-09	5.59751301917e-14	5.54863937479e-13	5.71937156795e-18	4.20731332725e-08
0.0608	5.3347212926e-14	2.85969815375e-09	5.63452099434e-14	5.58532398188e-13	5.7571854467e-18	4.23511094857e-08
0.061	5.38753429962e-14	2.88800509544e-09	5.67165090412e-14	5.62212945575e-13	5.79512391768e-18	4.26299996989e-08
0.0612	5.44069468527e-14	2.91649817824e-09	5.70890274849e-14	5.65905579639e-13	5.83318698089e-18	4.29098038994e-08
0.0614	5.49420358775e-14	2.94517801158e-09	5.74627652741e-14	5.69610300375e-13	5.87137463633e-18	4.31905220748e-08
0.0616	5.54806214527e-14	2.97404520489e-09	5.78377224089e-14	5.7332710778e-13	5.909686884e-18	4.34721542127e-08
0.0618	5.60227149606e-14	3.0031003676e-09	5.82138988889e-14	5.77056001851e-13	5.94812372389e-18	4.37547003006e-08
0.062	5.6568327783e-14	3.03234410911e-09	5.85912947141e-14	5.80796982585e-13	5.986685156e-18	4.4038160326e-08
0.0622	5.7117471302e-14	3.06177703883e-09	5.89699098842e-14	5.84550049977e-13	6.02537118033e-18	4.43225342763e-08
0.0624	5.76701568996e-14	3.09139976618e-09	5.93497443991e-14	5.88315204026e-13	6.06418179687e-18	4.46078221392e-08
0.0626	5.82263959575e-14	3.12121290054e-09	5.97307982585e-14	5.92092444727e-13	6.10311700562e-18	4.48940239021e-08
0.0628	5.87861998577e-14	3.15121705131e-09	6.01130714624e-14	5.95881772077e-13	6.14217680658e-18	4.51811395526e-08
0.063	5.93495799819e-14	3.18141282789e-09	6.04965640105e-14	5.99683186073e-13	6.18136119974e-18	4.54691690782e-08
0.0632	5.99165477119e-14	3.21180083964e-09	6.08812759026e-14	6.03496686711e-13	6.22067018511e-18	4.57581124664e-08
0.0634	6.04871144293e-14	3.24238169595e-09	6.12672071386e-14	6.07322273989e-13	6.26010376268e-18	4.60479697047e-08
0.0636	6.10612915159e-14	3.27315600619e-09	6.16543577183e-14	6.11159947902e-13	6.29966193244e-18	4.63387407807e-08
0.0638	6.16390903532e-14	3.30412437971e-09	6.20427276416e-14	6.15009708448e-13	6.3393446944e-18	4.66304256818e-08
0.064	6.22205223228e-14	3.33528742589e-09	6.24323169081e-14	6.18871555624e-13	6.37915204855e-18	4.69230243956e-08
0.0642	6.28055988062e-14	3.36664575406e-09	6.28231255178e-14	6.22745489425e-13	6.41908399488e-18	4.72165369096e-08
0.0644	6.33943311848e-14	3.39819997359e-09	6.32151534705e-14	6.26631509849e-13	6.4591405334e-18	4.75109632114e-08
0.0646	6.39867308401e-14	3.42995069381e-09	6.3608400766e-14	6.30529616892e-13	6.49932166411e-18	4.78063032884e-08
0.0648	6.45828091533e-14	3.46189852406e-09	6.40028674041e-14	6.34439810551e-13	6.53962738699e-18	4.81025571282e-08
0.065	6.51825775059e-14	3.49404407367e-09	6.43985533847e-14	6.38362090822e-13	6.58005770204e-18	4.83997247182e-08
0.0652	6.57860472792e-14	3.52638795196e-09	6.47954587075e-14	6.42296457703e-13	6.62061260927e-18	4.86978060461e-08
0.0654	6.63932298542e-14	3.55893076825e-09	6.51935833725e-14	6.4624291119e-13	6.66129210867e-18	4.89968010993e-08
0.0656	6.70041366122e-14	3.59167313186e-09	6.55929273793e-14	6.5020145128e-13	6.70209620024e-18	4.92967098654e-08
0.0658	6.76187789344e-14	3.62461565209e-09	6.59934907279e-14	6.54172077968e-13	6.74302488397e-18	4.95975323319e-08
0.066	6.82371682017e-14	3.65775893826e-09	6.6395273418e-14	6.58154791253e-13	6.78407815986e-18	4.98992684862e-08
0.0662	6.88593157952e-14	3.69110359964e-09	6.67982754495e-14	6.62149591131e-13	6.82525602791e-18	5.0201918316e-08
0.0664	6.9485233096e-14	3.72465024554e-09	6.72024968222e-14	6.66156477597e-13	6.86655848812e-18	5.05054818087e-08
0.0666	7.01149314849e-14	3.75839948524e-09	6.76079375359e-14	6.7017545065e-13	6.90798554048e-18	5.08099589519e-08
0.0668	7.07484223429e-14	3.79235192802e-09	6.80145975904e-14	6.74206510285e-13	6.94953718499e-18	5.11153497331e-08
0.067	7.13857170507e-14	3.82650818315e-09	6.84224769856e-14	6.782496565e-13	6.99121342164e-18	5.14216541398e-08
0.0672	7.20268269891e-14	3.8608688599e-09	6.88315757213e-14	6.82304889291e-13	7.03301425044e-18	5.17288721596e-08
0.0674	7.2671763539e-14	3.89543456754e-09	6.92418937973e-14	6.86372208655e-13	7.07493967138e-18	5.20370037799e-08
0.0676	7.33205380809e-14	3.93020591532e-09	6.96534312135e-14	6.90451614588e-13	7.11698968446e-18	5.23460489882e-08
0.0678	7.39731619956e-14	3.96518351249e-09	7.00661879696e-14	6.94543107087e-13	7.15916428967e-18	5.26560077722e-08
0.068	7.46296466637e-14	4.00036796831e-09	7.04801640654e-14	6.98646686149e-13	7.20146348701e-18	5.29668801193e-08
0.0682	7.52900034657e-14	4.03575989199e-09	7.08953595009e-14	7.0276235177e-13	7.24388727649e-18	5.32786660171e-08
0.0684	7.5954243782e-14	4.0713598928e-09	7.13117742757e-14	7.06890103947e-13	7.28643565809e-18	5.3591365453e-08
0.0686	7.66223789932e-14	4.10716857994e-09	7.17294083898e-14	7.11029942677e-13	7.32910863181e-18	5.39049784146e-08
0.0688	7.72944204798e-14	4.14318656265e-09	7.2148261843e-14	7.15181867957e-13	7.37190619765e-18	5.42195048895e-08
0.069	7.79703796219e-14	4.17941445014e-09	7.2568334635e-14	7.19345879782e-13	7.41482835561e-18	5.4534944865e-08
0.0692	7.86502678e-14	4.21585285163e-09	7.29896267657e-14	7.23521978151e-13	7.45787510569e-18	5.48512983289e-08
0.0694	7.93340963943e-14	4.25250237631e-09	7.3412138235e-14	7.27710163059e-13	7.50104644787e-18	5.51685652685e-08
0.0696	8.00218767851e-14	4.2893636334e-09	7.38358690426e-14	7.31910434503e-13	7.54434238217e-18	5.54867456715e-08
0.0698	8.07136203525e-14	4.32643723208e-09	7.42608191884e-14	7.3612279248e-13	7.58776290856e-18	5.58058395253e-08
0.07	8.14093384766e-14	4.36372378154e-09	7.46869886721e-14	7.40347236986e-13	7.63130802707e-18	5.61258468175e-08
0.0702	8.21090425375e-14	4.40122389098e-09	7.51143774937e-14	7.44583768019e-13	7.67497773767e-18	5.64467675355e-08
0.0704	8.28127439153e-14	4.43893816956e-09	7.55429856529e-14	7.48832385574e-13	7.71877204037e-18	5.6768601667e-08
0.0706	8.35204539899e-14	4.47686722645e-09	7.59728131496e-14	7.53093089649e-13	7.76269093516e-18	5.70913491994e-08
0.0708	8.42321841413e-14	4.51501167083e-09	7.64038599835e-14	7.5736588024e-13	7.80673442204e-18	5.74150101202e-08
0.071	8.49479457493e-14	4.55337211186e-09	7.68361261545e-14	7.61650757344e-13	7.85090250101e-18	5.77395844171e-08
0.0712	8.56677501938e-14	4.59194915869e-09	7.72696116625e-14	7.65947720958e-13	7.89519517207e-18	5.80650720774e-08
0.0714	8.63916088546e-14	4.63074342046e-09	7.77043165072e-14	7.70256771078e-13	7.93961243521e-18	5.83914730888e-08
0.0716	8.71195331114e-14	4.66975550633e-09	7.81402406884e-14	7.745779077e-13	7.98415429043e-18	5.87187874388e-08
0.0718	8.78515343439e-14	4.70898602544e-09	7.85773842061e-14	7.78911130823e-13	8.02882073772e-18	5.90470151148e-08
0.072	8.85876239318e-14	4.7484355869e-09	7.90157470599e-14	7.83256440441e-13	8.07361177709e-18	5.93761561045e-08
0.0722	8.93278132547e-14	4.78810479986e-09	7.94553292498e-14	7.87613836553e-13	8.11852740853e-18	5.97062103953e-08
0.0724	9.0072113692e-14	4.82799427343e-09	7.98961307755e-14	7.91983319154e-13	8.16356763203e-18	6.00371779747e-08
0.0726	9.08205366235e-14	4.86810461673e-09	8.03381516369e-14	7.96364888242e-13	8.2087324476e-18	6.03690588303e-08
0.0728	9.15730934283e-14	4.90843643887e-09	8.07813918338e-14	8.00758543812e-13	8.25402185523e-18	6.07018529497e-08
0.073	9.23297954861e-14	4.94899034895e-09	8.1225851366e-14	8.05164285862e-13	8.29943585492e-18	6.10355603203e-08
0.0732	9.30906541762e-14	4.98976695608e-09	8.16715302333e-14	8.09582114388e-13	8.34497444666e-18	6.13701809296e-08
0.0734	9.38556808778e-14	5.03076686933e-09	8.21184284356e-14	8.14012029388e-13	8.39063763046e-18	6.17057147653e-08
0.0736	9.46248869702e-14	5.07199069781e-09	8.25665459726e-14	8.18454030857e-13	8.43642540631e-18	6.20421618147e-08
0.0738	9.53982838328e-14	5.11343905059e-09	8.30158828443e-14	8.22908118792e-13	8.4823377742e-18	6.23795220655e-08
0.074	9.61758828445e-14	5.15511253675e-09	8.34664390504e-14	8.2737429319e-13	8.52837473414e-18	6.27177955052e-08
0.0742	9.69576953846e-14	5.19701176536e-09	8.39182145908e-14	8.31852554049e-13	8.57453628612e-18	6.30569821213e-08
0.0744	9.77437328322e-14	5.23913734548e-09	8.43712094652e-14	8.36342901363e-13	8.62082243014e-18	6.33970819013e-08
0.0746	9.85340065662e-14	5.28148988618e-09	8.48254236735e-14	8.40845335131e-13	8.66723316619e-18	6.37380948327e-08
0.0748	9.93285279656e-14	5.3240699965e-09	8.52808572155e-14	8.45359855348e-13	8.71376849428e-18	6.40800209031e-08
0.075	1.00127308409e-13	5.3668782855e-09	8.5737510091e-14	8.49886462011e-13	8.76042841439e-18	6.44228601e-08
0.0752	1.00930359277e-13	5.40991536221e-09	8.61953822999e-14	8.54425155118e-13	8.80721292653e-18	6.4766612411e-08
0.0754	1.01737691946e-13	5.45318183568e-09	8.6654473842e-14	8.58975934665e-13	8.8541220307e-18	6.51112778235e-08
0.0756	1.02549317796e-13	5.49667831493e-09	8.7114784717e-14	8.63538800647e-13	8.90115572688e-18	6.54568563251e-08
0.0758	1.03365248206e-13	5.54040540899e-09	8.75763149249e-14	8.68113753063e-13	8.94831401508e-18	6.58033479033e-08
0.076	1.04185494554e-13	5.58436372687e-09	8.80390644654e-14	8.72700791909e-13	8.9955968953e-18	6.61507525457e-08
0.0762	1.05010068219e-13	5.6285538776e-09	8.85030333384e-14	8.77299917181e-13	9.04300436753e-18	6.64990702397e-08
0.0764	1.05838980579e-13	5.67297647018e-09	8.89682215437e-14	8.81911128877e-13	9.09053643177e-18	6.68483009729e-08
0.0766	1.06672243014e-13	5.71763211361e-09	8.94346290811e-14	8.86534426992e-13	9.13819308801e-18	6.71984447328e-08
0.0768	1.07509866901e-13	5.76252141689e-09	8.99022559504e-14	8.91169811524e-13	9.18597433626e-18	6.7549501507e-08
0.077	1.0835186362e-13	5.80764498901e-09	9.03711021514e-14	8.95817282468e-13	9.2338801765e-18	6.7901471283e-08
0.0772	1.09198244548e-13	5.85300343895e-09	9.0841167684e-14	9.00476839823e-13	9.28191060874e-18	6.82543540483e-08
0.0774	1.10049021064e-13	5.8985973757e-09	9.1312452548e-14	9.05148483584e-13	9.33006563298e-18	6.86081497904e-08
0.0776	1.10904204546e-13	5.94442740823e-09	9.17849567433e-14	9.09832213749e-13	9.37834524921e-18	6.89628584969e-08
0.0778	1.11763806372e-13	5.99049414551e-09	9.22586802695e-14	9.14528030313e-13	9.42674945743e-18	6.93184801553e-08
0.078	1.12627837922e-13	6.0367981965e-09	9.27336231267e-14	9.19235933273e-13	9.47527825763e-18	6.96750147531e-08
0.0782	1.13496310572e-13	6.08334017016e-09	9.32097853145e-14	9.23955922627e-13	9.52393164981e-18	7.00324622778e-08
0.0784	1.14369235701e-13	6.13012067543e-09	9.36871668328e-14	9.28687998371e-13	9.57270963397e-18	7.0390822717e-08
0.0786	1.15246624687e-13	6.17714032128e-09	9.41657676814e-14	9.33432160502e-13	9.62161221011e-18	7.07500960583e-08
0.0788	1.16128488908e-13	6.22439971663e-09	9.46455878602e-14	9.38188409015e-13	9.67063937823e-18	7.11102822891e-08
0.079	1.17014839742e-13	6.27189947042e-09	9.51266273689e-14	9.42956743909e-13	9.71979113831e-18	7.14713813969e-08
0.0792	1.17905688567e-13	6.31964019158e-09	9.56088862074e-14	9.47737165179e-13	9.76906749036e-18	7.18333933693e-08
0.0794	1.18801046761e-13	6.36762248903e-09	9.60923643756e-14	9.52529672822e-13	9.81846843438e-18	7.21963181939e-08
0.0796	1.19700925702e-13	6.41584697169e-09	9.65770618731e-14	9.57334266836e-13	9.86799397036e-18	7.25601558581e-08
0.0798	1.20605336767e-13	6.46431424848e-09	9.70629787e-14	9.62150947216e-13	9.9176440983e-18	7.29249063495e-08
0.08	1.21514291335e-13	6.51302492829e-09	9.75501148559e-14	9.66979713959e-13	9.96741881819e-18	7.32905696557e-08
0.0802	1.22427800782e-13	6.56197962003e-09	9.80384703407e-14	9.71820567062e-13	1.001731813e-17	7.3657145764e-08
0.0804	1.23345876488e-13	6.6111789326e-09	9.85280451542e-14	9.76673506522e-13	1.00673420338e-17	7.40246346622e-08
0.0806	1.24268529828e-13	6.66062347488e-09	9.90188392962e-14	9.81538532336e-13	1.01174905296e-17	7.43930363376e-08
0.0808	1.25195772181e-13	6.71031385576e-09	9.95108527666e-14	9.86415644499e-13	1.01677636173e-17	7.47623507779e-08
0.081	1.26127614924e-13	6.76025068412e-09	1.00004085565e-13	9.91304843009e-13	1.02181612969e-17	7.51325779706e-08
0.0812	1.27064069435e-13	6.81043456882e-09	1.00498537692e-13	9.96206127862e-13	1.02686835685e-17	7.55037179031e-08
0.0814	1.28005147091e-13	6.86086611874e-09	1.00994209146e-13	1.00111949906e-12	1.0319330432e-17	7.58757705631e-08
0.0816	1.2895085927e-13	6.91154594273e-09	1.01491099928e-13	1.00604495659e-12	1.03701018874e-17	7.6248735938e-08
0.0818	1.29901217348e-13	6.96247464965e-09	1.01989210038e-13	1.01098250045e-12	1.04209979348e-17	7.66226140155e-08
0.082	1.30856232704e-13	7.01365284835e-09	1.02488539475e-13	1.01593213064e-12	1.04720185741e-17	7.69974047829e-08
0.0822	1.31815916714e-13	7.06508114768e-09	1.02989088239e-13	1.02089384716e-12	1.05231638053e-17	7.73731082279e-08
0.0824	1.32780280755e-13	7.11676015647e-09	1.0349085633e-13	1.02586765001e-12	1.05744336284e-17	7.7749724338e-08
0.0826	1.33749336205e-13	7.16869048356e-09	1.03993843747e-13	1.03085353917e-12	1.06258280435e-17	7.81272531007e-08
0.0828	1.3472309444e-13	7.22087273777e-09	1.04498050491e-13	1.03585151465e-12	1.06773470504e-17	7.85056945035e-08
0.083	1.35701566838e-13	7.27330752793e-09	1.05003476562e-13	1.04086157644e-12	1.07289906493e-17	7.8885048534e-08
0.0832	1.36684764776e-13	7.32599546285e-09	1.05510121959e-13	1.04588372455e-12	1.07807588401e-17	7.92653151797e-08
0.0834	1.3767269963e-13	7.37893715133e-09	1.06017986682e-13	1.05091795896e-12	1.08326516228e-17	7.96464944282e-08
0.0836	1.38665382778e-13	7.4321332022e-09	1.06527070731e-13	1.05596427967e-12	1.08846689974e-17	8.00285862669e-08
0.0838	1.39662825597e-13	7.48558422423e-09	1.07037374105e-13	1.06102268669e-12	1.09368109639e-17	8.04115906835e-08
0.084	1.40665039462e-13	7.53929082624e-09	1.07548896805e-13	1.06609318e-12	1.09890775223e-17	8.07955076653e-08
0.0842	1.41672035751e-13	7.59325361699e-09	1.0806163883e-13	1.0711757596e-12	1.10414686726e-17	8.11803372001e-08
0.0844	1.42683825841e-13	7.64747320529e-09	1.08575600181e-13	1.0762704255e-12	1.10939844148e-17	8.15660792752e-08
0.0846	1.43700421108e-13	7.7019501999e-09	1.09090780856e-13	1.08137717768e-12	1.11466247488e-17	8.19527338783e-08
0.0848	1.44721832929e-13	7.75668520959e-09	1.09607180856e-13	1.08649601614e-12	1.11993896748e-17	8.23403009968e-08
0.085	1.4574807268e-13	7.81167884313e-09	1.10124800181e-13	1.09162694089e-12	1.12522791926e-17	8.27287806184e-08
0.0852	1.46779151738e-13	7.86693170927e-09	1.10643638831e-13	1.09676995191e-12	1.13052933023e-17	8.31181727304e-08
0.0854	1.47815081479e-13	7.92244441678e-09	1.11163696804e-13	1.10192504921e-12	1.13584320039e-17	8.35084773206e-08
0.0856	1.4885587328e-13	7.9782175744e-09	1.11684974102e-13	1.10709223277e-12	1.14116952974e-17	8.38996943763e-08
0.0858	1.49901538518e-13	8.03425179087e-09	1.12207470723e-13	1.11227150261e-12	1.14650831827e-17	8.42918238852e-08
0.086	1.50952088567e-13	8.09054767493e-09	1.12731186669e-13	1.1174628587e-12	1.151859566e-17	8.46848658347e-08
0.0862	1.52007534805e-13	8.14710583531e-09	1.13256121937e-13	1.12266630106e-12	1.1572232729e-17	8.50788202124e-08
0.0864	1.53067888609e-13	8.20392688073e-09	1.13782276529e-13	1.12788182967e-12	1.162599439e-17	8.54736870058e-08
0.0866	1.54133161353e-13	8.26101141991e-09	1.14309650445e-13	1.13310944454e-12	1.16798806428e-17	8.58694662026e-08
0.0868	1.55203364414e-13	8.31836006158e-09	1.14838243683e-13	1.13834914566e-12	1.17338914874e-17	8.62661577901e-08
0.087	1.56278509169e-13	8.37597341443e-09	1.15368056244e-13	1.14360093302e-12	1.17880269239e-17	8.66637617559e-08
0.0872	1.57358606993e-13	8.43385208717e-09	1.15899088128e-13	1.14886480663e-12	1.18422869523e-17	8.70622780876e-08
0.0874	1.58443669262e-13	8.4919966885e-09	1.16431339335e-13	1.15414076648e-12	1.18966715725e-17	8.74617067727e-08
0.0876	1.59533707353e-13	8.5504078271e-09	1.16964809863e-13	1.15942881257e-12	1.19511807845e-17	8.78620477987e-08
0.0878	1.6062873264e-13	8.60908611167e-09	1.17499499714e-13	1.16472894488e-12	1.20058145884e-17	8.82633011532e-08
0.088	1.61728756501e-13	8.66803215088e-09	1.18035408887e-13	1.17004116343e-12	1.20605729841e-17	8.86654668238e-08
0.0882	1.6283379031e-13	8.72724655341e-09	1.18572537381e-13	1.17536546821e-12	1.21154559717e-17	8.90685447978e-08
0.0884	1.63943845444e-13	8.78672992793e-09	1.19110885197e-13	1.18070185921e-12	1.21704635511e-17	8.94725350629e-08
0.0886	1.65058933278e-13	8.8464828831e-09	1.19650452335e-13	1.18605033643e-12	1.22255957223e-17	8.98774376066e-08
0.0888	1.66179065188e-13	8.90650602757e-09	1.20191238794e-13	1.19141089987e-12	1.22808524854e-17	9.02832524165e-08
0.089	1.67304252549e-13	8.96679997e-09	1.20733244573e-13	1.19678354952e-12	1.23362338402e-17	9.068997948e-08
0.0892	1.68434506737e-13	9.02736531904e-09	1.21276469674e-13	1.20216828538e-12	1.23917397869e-17	9.10976187847e-08
0.0894	1.69569839127e-13	9.08820268333e-09	1.21820914095e-13	1.20756510745e-12	1.24473703254e-17	9.15061703182e-08
0.0896	1.70710261096e-13	9.1493126715e-09	1.22366577837e-13	1.21297401572e-12	1.25031254558e-17	9.1915634068e-08
0.0898	1.71855784018e-13	9.21069589218e-09	1.22913460899e-13	1.2183950102e-12	1.25590051779e-17	9.23260100216e-08
0.09	1.73006419268e-13	9.27235295399e-09	1.23461563282e-13	1.22382809087e-12	1.26150094919e-17	9.27372981665e-08
0.0902	1.74162178223e-13	9.33428446555e-09	1.24010884984e-13	1.22927325773e-12	1.26711383976e-17	9.31494984903e-08
0.0904	1.75323072257e-13	9.39649103548e-09	1.24561426006e-13	1.23473051078e-12	1.27273918952e-17	9.35626109806e-08
0.0906	1.76489112745e-13	9.45897327238e-09	1.25113186348e-13	1.24019985002e-12	1.27837699845e-17	9.39766356248e-08
0.0908	1.77660311063e-13	9.52173178485e-09	1.25666166009e-13	1.24568127545e-12	1.28402726657e-17	9.43915724105e-08
0.091	1.78836678586e-13	9.58476718148e-09	1.2622036499e-13	1.25117478705e-12	1.28968999387e-17	9.48074213252e-08
0.0912	1.80018226689e-13	9.64808007088e-09	1.26775783289e-13	1.25668038484e-12	1.29536518034e-17	9.52241823565e-08
0.0914	1.81204966747e-13	9.71167106161e-09	1.27332420908e-13	1.26219806879e-12	1.30105282599e-17	9.56418554919e-08
0.0916	1.82396910134e-13	9.77554076226e-09	1.27890277845e-13	1.26772783892e-12	1.30675293082e-17	9.60604407189e-08
0.0918	1.83594068227e-13	9.83968978141e-09	1.28449354101e-13	1.27326969522e-12	1.31246549484e-17	9.64799380252e-08
0.092	1.84796452399e-13	9.90411872761e-09	1.29009649675e-13	1.27882363767e-12	1.31819051802e-17	9.69003473981e-08
0.0922	1.86004074025e-13	9.96882820943e-09	1.29571164568e-13	1.28438966629e-12	1.32392800039e-17	9.73216688253e-08
0.0924	1.87216944481e-13	1.00338188354e-08	1.30133898778e-13	1.28996778107e-12	1.32967794193e-17	9.77439022942e-08
0.0926	1.88435075142e-13	1.00990912142e-08	1.30697852306e-13	1.295557982e-12	1.33544034265e-17	9.81670477925e-08
0.0928	1.8965847738e-13	1.01646459541e-08	1.31263025152e-13	1.30116026908e-12	1.34121520255e-17	9.85911053077e-08
0.093	1.90887162573e-13	1.02304836639e-08	1.31829417315e-13	1.3067746423e-12	1.34700252162e-17	9.90160748272e-08
0.0932	1.92121142093e-13	1.02966049521e-08	1.32397028796e-13	1.31240110168e-12	1.35280229987e-17	9.94419563387e-08
0.0934	1.93360427316e-13	1.03630104271e-08	1.32965859594e-13	1.31803964719e-12	1.3586145373e-17	9.98687498296e-08
0.0936	1.94605029616e-13	1.04297006975e-08	1.33535909709e-13	1.32369027884e-12	1.3644392339e-17	1.00296455288e-07
0.0938	1.95854960368e-13	1.04966763718e-08	1.3410717914e-13	1.32935299662e-12	1.37027638968e-17	1.007250727e-07
0.094	1.97110230945e-13	1.05639380586e-08	1.34679667889e-13	1.33502780053e-12	1.37612600463e-17	1.01154602055e-07
0.0942	1.98370852723e-13	1.06314863662e-08	1.35253375953e-13	1.34071469058e-12	1.38198807876e-17	1.01585043339e-07
0.0944	1.99636837075e-13	1.06993219033e-08	1.35828303334e-13	1.34641366674e-12	1.38786261206e-17	1.0201639654e-07
0.0946	2.00908195377e-13	1.07674452783e-08	1.36404450031e-13	1.35212472903e-12	1.39374960453e-17	1.02448661646e-07
0.0948	2.02184939001e-13	1.08358570997e-08	1.36981816044e-13	1.35784787743e-12	1.39964905618e-17	1.02881838645e-07
0.095	2.03467079323e-13	1.09045579759e-08	1.37560401372e-13	1.36358311195e-12	1.40556096701e-17	1.03315927523e-07
0.0952	2.04754627716e-13	1.09735485156e-08	1.38140206016e-13	1.36933043257e-12	1.411485337e-17	1.03750928268e-07
0.0954	2.06047595555e-13	1.10428293271e-08	1.38721229975e-13	1.37508983931e-12	1.41742216617e-17	1.04186840868e-07
0.0956	2.07345994213e-13	1.11124010188e-08	1.3930347325e-13	1.38086133215e-12	1.42337145451e-17	1.04623665311e-07
0.0958	2.08649835065e-13	1.11822641994e-08	1.39886935839e-13	1.38664491109e-12	1.42933320203e-17	1.05061401584e-07
0.096	2.09959129484e-13	1.12524194771e-08	1.40471617744e-13	1.39244057612e-12	1.43530740872e-17	1.05500049674e-07
0.0962	2.11273888844e-13	1.13228674605e-08	1.41057518963e-13	1.39824832725e-12	1.44129407457e-17	1.05939609569e-07
0.0964	2.1259412452e-13	1.1393608758e-08	1.41644639496e-13	1.40406816448e-12	1.4472931996e-17	1.06380081256e-07
0.0966	2.13919847885e-13	1.14646439781e-08	1.42232979344e-13	1.40990008779e-12	1.45330478381e-17	1.06821464724e-07
0.0968	2.15251070312e-13	1.15359737291e-08	1.42822538506e-13	1.41574409718e-12	1.45932882718e-17	1.07263759959e-07
0.097	2.16587803176e-13	1.16075986195e-08	1.43413316981e-13	1.42160019265e-12	1.46536532972e-17	1.0770696695e-07
0.0972	2.17930057849e-13	1.16795192577e-08	1.44005314771e-13	1.4274683742e-12	1.47141429143e-17	1.08151085683e-07
0.0974	2.19277845707e-13	1.17517362522e-08	1.44598531874e-13	1.43334864183e-12	1.47747571232e-17	1.08596116146e-07
0.0976	2.20631178121e-13	1.18242502113e-08	1.4519296829e-13	1.43924099553e-12	1.48354959237e-17	1.09042058328e-07
0.0978	2.21990066467e-13	1.18970617434e-08	1.4578862402e-13	1.44514543529e-12	1.48963593159e-17	1.09488912214e-07
0.098	2.23354522116e-13	1.1970171457e-08	1.46385499063e-13	1.45106196112e-12	1.49573472998e-17	1.09936677794e-07
0.0982	2.24724556443e-13	1.20435799604e-08	1.46983593418e-13	1.45699057301e-12	1.50184598754e-17	1.10385355053e-07
0.0984	2.26100180821e-13	1.21172878621e-08	1.47582907086e-13	1.46293127095e-12	1.50796970427e-17	1.10834943981e-07
0.0986	2.27481406623e-13	1.21912957703e-08	1.48183440067e-13	1.46888405495e-12	1.51410588017e-17	1.11285444564e-07
0.0988	2.28868245223e-13	1.22656042935e-08	1.4878519236e-13	1.474848925e-12	1.52025451524e-17	1.11736856791e-07
0.099	2.30260707993e-13	1.23402140401e-08	1.49388163965e-13	1.4808258811e-12	1.52641560947e-17	1.12189180647e-07
0.0992	2.31658806308e-13	1.24151256183e-08	1.49992354882e-13	1.48681492325e-12	1.53258916287e-17	1.12642416122e-07
0.0994	2.33062551539e-13	1.24903396366e-08	1.50597765111e-13	1.49281605143e-12	1.53877517544e-17	1.13096563203e-07
0.0996	2.34471955061e-13	1.25658567034e-08	1.51204394651e-13	1.49882926565e-12	1.54497364717e-17	1.13551621877e-07
0.0998	2.35887028245e-13	1.26416774269e-08	1.51812243503e-13	1.50485456591e-12	1.55118457807e-17	1.14007592131e-07
0.1	2.37307782466e-13	1.27178024155e-08	1.52421311667e-13	1.51089195219e-12	1.55740796814e-17	1.14464473954e-07
