0	0.0	0.0	0.0	0.0	0.0	0.0
0.0002	1.58287766078e-21	8.48835114681e-17	5.08083394178e-19	5.03653689763e-18	5.1913802231e-23	3.82414649517e-13
0.0004	1.26630080439e-20	6.79066517096e-16	2.03233347767e-18	2.01461457437e-17	2.07655207294e-22	1.52965164509e-12
0.0006	4.27376074552e-20	2.29184418077e-15	4.57275010191e-18	4.53288237678e-17	4.67224212745e-22	3.44170055733e-12
0.0008	1.01303852474e-19	5.43250694247e-15	8.12933311834e-18	8.05845681998e-17	8.3062081614e-22	6.11855095692e-12
0.001	1.97858879951e-19	1.06103405183e-14	1.27020823784e-17	1.25913376269e-16	1.29784501503e-21	9.56019241467e-12
0.0012	3.41899787013e-19	1.83346259005e-14	1.82909977335e-17	1.81315245206e-16	1.86889680698e-21	1.37666145015e-11
0.0014	5.42923631058e-19	2.91146393575e-14	2.48960790351e-17	2.4679017224e-16	2.54377618954e-21	1.87378067883e-11
0.0016	8.10427429758e-19	4.34596524339e-14	3.25173261347e-17	3.223381546e-16	3.32248316027e-21	2.44737588462e-11
0.0018	1.15390816106e-18	6.18789319506e-14	4.11547388836e-17	4.07959189517e-16	4.20501771671e-21	3.09744602464e-11
0.002	1.58286276318e-18	8.48817400046e-14	5.08083171334e-17	5.0365327422e-16	5.19137985644e-21	3.82399005601e-11
0.0022	2.10678813462e-18	1.12977333969e-13	6.14780607354e-17	6.09420405939e-16	6.28156957699e-21	4.62700693588e-11
0.0024	2.73518113413e-18	1.46674966495e-13	7.31639695411e-17	7.25260581903e-16	7.47558687594e-21	5.50649562138e-11
0.0026	3.47753858077e-18	1.86483885506e-13	8.58660434019e-17	8.51173799343e-16	8.77343175082e-21	6.46245506968e-11
0.0028	4.34335725384e-18	2.32913334207e-13	9.95842821693e-17	9.87160055488e-16	1.01751041992e-20	7.49488423793e-11
0.003	5.34213389294e-18	2.86472551075e-13	1.14318685695e-16	1.13321934757e-15	1.16806042187e-20	8.60378208331e-11
0.0032	6.48336519792e-18	3.47670769867e-13	1.3006925383e-16	1.28935167281e-15	1.32899318067e-20	9.78914756301e-11
0.0034	7.77654782893e-18	4.17017219612e-13	1.46835986425e-16	1.45555702845e-15	1.50030869609e-20	1.10509796342e-10
0.0036	9.23117840639e-18	4.95021124621e-13	1.64618883333e-16	1.63183541171e-15	1.68200696789e-20	1.23892772541e-10
0.0038	1.0856753511e-17	5.82191704477e-13	1.83417944405e-16	1.81818681983e-15	1.87408799581e-20	1.380403938e-10
0.004	1.26627696836e-17	6.79038174041e-13	2.03233169492e-16	2.01461125002e-15	2.07655177961e-20	1.52952649689e-10
0.0042	1.46587234256e-17	7.86069743452e-13	2.24064558446e-16	2.22110869954e-15	2.28939831906e-20	1.68629529783e-10
0.0044	1.68541111984e-17	9.03795618123e-13	2.45912111117e-16	2.43767916559e-15	2.5126276139e-20	1.85071023653e-10
0.0046	1.92584294239e-17	1.03272499875e-12	2.68775827359e-16	2.66432264542e-15	2.74623966388e-20	2.02277120871e-10
0.0048	2.1881174484e-17	1.17336708129e-12	2.92655707021e-16	2.90103913625e-15	2.99023446878e-20	2.20247811011e-10
0.005	2.47318427212e-17	1.32623105699e-12	3.17551749955e-16	3.14782863531e-15	3.24461202833e-20	2.38983083644e-10
0.0052	2.7819930438e-17	1.49182611238e-12	3.43463956014e-16	3.40469113983e-15	3.50937234231e-20	2.58482928345e-10
0.0054	3.11549338973e-17	1.67066142925e-12	3.70392325047e-16	3.67162664705e-15	3.78451541045e-20	2.78747334684e-10
0.0056	3.47463493223e-17	1.86324618468e-12	3.98336856907e-16	3.94863515418e-15	4.07004123252e-20	2.99776292237e-10
0.0058	3.86036728964e-17	2.07008955102e-12	4.27297551446e-16	4.23571665847e-15	4.36594980828e-20	3.21569790575e-10
0.006	4.27364007633e-17	2.29170069589e-12	4.57274408514e-16	4.53287115713e-15	4.67224113747e-20	3.44127819272e-10
0.0062	4.71540290271e-17	2.5285887822e-12	4.88267427963e-16	4.84009864741e-15	4.98891521986e-20	3.67450367901e-10
0.0064	5.18660537519e-17	2.78126296813e-12	5.20276609644e-16	5.15739912653e-15	5.3159720552e-20	3.91537426036e-10
0.0066	5.68819709624e-17	3.05023240714e-12	5.5330195341e-16	5.48477259171e-15	5.65341164324e-20	4.16388983249e-10
0.0068	6.22112766434e-17	3.33600624797e-12	5.8734345911e-16	5.8222190402e-15	6.00123398375e-20	4.42005029115e-10
0.007	6.78634667399e-17	3.63909363463e-12	6.22401126598e-16	6.16973846922e-15	6.35943907647e-20	4.68385553206e-10
0.0072	7.38480371573e-17	3.96000370641e-12	6.58474955723e-16	6.52733087599e-15	6.72802692116e-20	4.95530545098e-10
0.0074	8.01744837613e-17	4.29924559787e-12	6.95564946339e-16	6.89499625775e-15	7.10699751758e-20	5.23439994363e-10
0.0076	8.68523023778e-17	4.65732843885e-12	7.33671098295e-16	7.27273461173e-15	7.49635086549e-20	5.52113890576e-10
0.0078	9.38909887929e-17	5.03476135449e-12	7.72793411444e-16	7.66054593516e-15	7.89608696463e-20	5.8155222331e-10
0.008	1.01300038753e-16	5.43205346517e-12	8.12931885637e-16	8.05843022527e-15	8.30620581477e-20	6.1175498214e-10
0.0082	1.09088947966e-16	5.84971388657e-12	8.54086520725e-16	8.46638747929e-15	8.72670741566e-20	6.4272215664e-10
0.0084	1.17267212097e-16	6.28825172964e-12	8.9625731656e-16	8.88441769444e-15	9.15759176705e-20	6.74453736384e-10
0.0086	1.25844326774e-16	6.74817610062e-12	9.39444272993e-16	9.31252086796e-15	9.59885886871e-20	7.06949710947e-10
0.0088	1.34829787586e-16	7.229996101e-12	9.83647389876e-16	9.75069699707e-15	1.00505087204e-19	7.40210069903e-10
0.009	1.44233090079e-16	7.73422082757e-12	1.02886666706e-15	1.0198946079e-14	1.05125413218e-19	7.74234802826e-10
0.0092	1.54063729761e-16	8.26135937239e-12	1.0751021044e-15	1.0657268111e-14	1.09849566728e-19	8.09023899292e-10
0.0094	1.64331202103e-16	8.8119208228e-12	1.12235370174e-15	1.11256630903e-14	1.14677547731e-19	8.44577348874e-10
0.0096	1.75045002531e-16	9.38641426141e-12	1.17062145893e-15	1.16041310141e-14	1.19609356223e-19	8.80895141149e-10
0.0098	1.86214626435e-16	9.98534876612e-12	1.21990537584e-15	1.20926718796e-14	1.24644992204e-19	9.17977265691e-10
0.01	1.97849569164e-16	1.06092334101e-11	1.2702054523e-15	1.25912856842e-14	1.29784455671e-19	9.55823712075e-10
0.0102	2.09959326028e-16	1.12585772618e-11	1.32152168817e-15	1.30999724249e-14	1.3502774662e-19	9.94434469875e-10
0.0104	2.22553392297e-16	1.19338893849e-11	1.3738540833e-15	1.36187320991e-14	1.4037486505e-19	1.03380952867e-09
0.0106	2.356412632e-16	1.26356788385e-11	1.42720263755e-15	1.41475647039e-14	1.45825810958e-19	1.07394887803e-09
0.0108	2.49232433928e-16	1.33644546768e-11	1.48156735076e-15	1.46864702366e-14	1.51380584342e-19	1.11485250753e-09
0.011	2.63336399631e-16	1.41207259493e-11	1.53694822278e-15	1.52354486944e-14	1.570391852e-19	1.15652040676e-09
0.0112	2.77962655422e-16	1.4905001701e-11	1.59334525347e-15	1.57945000746e-14	1.62801613528e-19	1.19895256527e-09
0.0114	2.9312069637e-16	1.57177909719e-11	1.65075844268e-15	1.63636243744e-14	1.68667869324e-19	1.24214897266e-09
0.0116	3.08820017507e-16	1.65596027974e-11	1.70918779026e-15	1.6942821591e-14	1.74637952587e-19	1.28610961849e-09
0.0118	3.25070113825e-16	1.74309462082e-11	1.76863329606e-15	1.75320917216e-14	1.80711863312e-19	1.33083449235e-09
0.012	3.41880480276e-16	1.83323302302e-11	1.82909495994e-15	1.81314347636e-14	1.86889601499e-19	1.3763235838e-09
0.0122	3.59260611773e-16	1.92642638847e-11	1.89057278174e-15	1.8740850714e-14	1.93171167145e-19	1.42257688243e-09
0.0124	3.77220003187e-16	2.02272561881e-11	1.95306676131e-15	1.93603395701e-14	1.99556560247e-19	1.46959437781e-09
0.0126	3.95768149352e-16	2.12218161522e-11	2.01657689851e-15	1.99899013292e-14	2.06045780802e-19	1.51737605951e-09
0.0128	4.14914545061e-16	2.22484527841e-11	2.08110319319e-15	2.06295359885e-14	2.12638828809e-19	1.56592191712e-09
0.013	4.34668685068e-16	2.33076750861e-11	2.1466456452e-15	2.12792435452e-14	2.19335704265e-19	1.6152319402e-09
0.0132	4.55040064085e-16	2.43999920559e-11	2.21320425439e-15	2.19390239966e-14	2.26136407166e-19	1.66530611834e-09
0.0134	4.76038176788e-16	2.55259126863e-11	2.28077902061e-15	2.26088773398e-14	2.33040937512e-19	1.71614444112e-09
0.0136	4.9767251781e-16	2.66859459654e-11	2.34936994372e-15	2.32888035722e-14	2.400492953e-19	1.7677468981e-09
0.0138	5.19952581746e-16	2.78806008768e-11	2.41897702356e-15	2.39788026909e-14	2.47161480526e-19	1.82011347887e-09
0.014	5.4288786315e-16	2.91103863991e-11	2.48960025999e-15	2.46788746932e-14	2.54377493189e-19	1.873244173e-09
0.0142	5.66487856538e-16	3.03758115064e-11	2.56123965286e-15	2.53890195762e-14	2.61697333287e-19	1.92713897007e-09
0.0144	5.90762056386e-16	3.16773851679e-11	2.63389520202e-15	2.61092373373e-14	2.69121000816e-19	1.98179785966e-09
0.0146	6.15719957128e-16	3.30156163481e-11	2.70756690732e-15	2.68395279737e-14	2.76648495774e-19	2.03722083135e-09
0.0148	6.41371053162e-16	3.4391014007e-11	2.78225476861e-15	2.75798914826e-14	2.84279818159e-19	2.0934078747e-09
0.015	6.67724838842e-16	3.58040870997e-11	2.85795878575e-15	2.83303278611e-14	2.92014967968e-19	2.15035897931e-09
0.0152	6.94790808486e-16	3.72553445764e-11	2.93467895858e-15	2.90908371066e-14	2.998539452e-19	2.20807413474e-09
0.0154	7.2257845637e-16	3.87452953829e-11	3.01241528696e-15	2.98614192163e-14	3.07796749851e-19	2.26655333058e-09
0.0156	7.51097276732e-16	4.02744484602e-11	3.09116777074e-15	3.06420741874e-14	3.15843381919e-19	2.3257965564e-09
0.0158	7.80356763768e-16	4.18433127445e-11	3.17093640977e-15	3.14328020172e-14	3.23993841401e-19	2.38580380177e-09
0.016	8.10366411637e-16	4.34523971672e-11	3.2517212039e-15	3.22336027028e-14	3.32248128296e-19	2.44657505629e-09
0.0162	8.41135714456e-16	4.51022106551e-11	3.33352215299e-15	3.30444762415e-14	3.40606242601e-19	2.50811030952e-09
0.0164	8.72674166304e-16	4.67932621304e-11	3.41633925687e-15	3.38654226305e-14	3.49068184312e-19	2.57040955105e-09
0.0166	9.04991261219e-16	4.85260605102e-11	3.50017251542e-15	3.46964418671e-14	3.57633953429e-19	2.63347277045e-09
0.0168	9.380964932e-16	5.03011147074e-11	3.58502192847e-15	3.55375339485e-14	3.66303549948e-19	2.6972999573e-09
0.017	9.71999356205e-16	5.21189336297e-11	3.67088749588e-15	3.63886988719e-14	3.75076973867e-19	2.76189110118e-09
0.0172	1.00670934415e-15	5.39800261803e-11	3.7577692175e-15	3.72499366345e-14	3.83954225183e-19	2.82724619166e-09
0.0174	1.04223595093e-15	5.58849012578e-11	3.84566709318e-15	3.81212472336e-14	3.92935303895e-19	2.89336521833e-09
0.0176	1.07858867036e-15	5.78340677557e-11	3.93458112277e-15	3.90026306664e-14	4.02020209999e-19	2.96024817077e-09
0.0178	1.11577699627e-15	5.98280345631e-11	4.02451130613e-15	3.98940869302e-14	4.11208943493e-19	3.02789503855e-09
0.018	1.15381042239e-15	6.18673105643e-11	4.11545764311e-15	4.07956160221e-14	4.20501504375e-19	3.09630581125e-09
0.0182	1.19269844246e-15	6.39524046389e-11	4.20742013355e-15	4.17072179394e-14	4.29897892643e-19	3.16548047845e-09
0.0184	1.23245055016e-15	6.60838256617e-11	4.30039877731e-15	4.26288926794e-14	4.39398108293e-19	3.23541902973e-09
0.0186	1.27307623912e-15	6.82620825029e-11	4.39439357424e-15	4.35606402392e-14	4.49002151323e-19	3.30612145467e-09
0.0188	1.31458500295e-15	7.04876840277e-11	4.48940452419e-15	4.4502460616e-14	4.58710021732e-19	3.37758774285e-09
0.019	1.35698633521e-15	7.2761139097e-11	4.58543162702e-15	4.54543538072e-14	4.68521719516e-19	3.44981788385e-09
0.0192	1.40028972943e-15	7.50829565667e-11	4.68247488257e-15	4.641631981e-14	4.78437244673e-19	3.52281186724e-09
0.0194	1.44450467908e-15	7.74536452879e-11	4.78053429069e-15	4.73883586215e-14	4.884565972e-19	3.59656968261e-09
0.0196	1.48964067761e-15	7.98737141073e-11	4.87960985124e-15	4.8370470239e-14	4.98579777096e-19	3.67109131954e-09
0.0198	1.53570721842e-15	8.23436718666e-11	4.97970156408e-15	4.93626546597e-14	5.08806784358e-19	3.74637676761e-09
0.02	1.58271379487e-15	8.48640274028e-11	5.08080942904e-15	5.03649118809e-14	5.19137618982e-19	3.82242601639e-09
0.0202	1.63066990029e-15	8.74352895484e-11	5.18293344598e-15	5.13772418998e-14	5.29572280968e-19	3.89923905546e-09
0.0204	1.67958502797e-15	9.0057967131e-11	5.28607361476e-15	5.23996447136e-14	5.40110770312e-19	3.97681587441e-09
0.0206	1.72946867114e-15	9.27325689734e-11	5.39022993522e-15	5.34321203196e-14	5.50753087012e-19	4.05515646282e-09
0.0208	1.78033032301e-15	9.54596038939e-11	5.49540240722e-15	5.4474668715e-14	5.61499231066e-19	4.13426081026e-09
0.021	1.83217947674e-15	9.8239580706e-11	5.60159103061e-15	5.55272898969e-14	5.7234920247e-19	4.21412890632e-09
0.0212	1.88502562546e-15	1.01073008218e-10	5.70879580523e-15	5.65899838627e-14	5.83303001223e-19	4.29476074058e-09
0.0214	1.93887826226e-15	1.03960395235e-10	5.81701673094e-15	5.76627506096e-14	5.94360627323e-19	4.37615630261e-09
0.0216	1.99374688018e-15	1.06902250555e-10	5.9262538076e-15	5.87455901348e-14	6.05522080766e-19	4.458315582e-09
0.0218	2.04964097223e-15	1.09899082973e-10	6.03650703505e-15	5.98385024355e-14	6.1678736155e-19	4.54123856833e-09
0.022	2.10657003137e-15	1.1295140128e-10	6.14777641314e-15	6.0941487509e-14	6.28156469673e-19	4.62492525117e-09
0.0222	2.16454355053e-15	1.16059714259e-10	6.26006194173e-15	6.20545453524e-14	6.39629405133e-19	4.70937562012e-09
0.0224	2.22357102259e-15	1.19224530693e-10	6.37336362067e-15	6.31776759631e-14	6.51206167926e-19	4.79458966475e-09
0.0226	2.28366194041e-15	1.22446359355e-10	6.48768144981e-15	6.43108793383e-14	6.62886758051e-19	4.88056737464e-09
0.0228	2.34482579678e-15	1.25725709018e-10	6.603015429e-15	6.54541554751e-14	6.74671175505e-19	4.96730873937e-09
0.023	2.40707208449e-15	1.29063088447e-10	6.71936555809e-15	6.66075043708e-14	6.86559420286e-19	5.05481374853e-09
0.0232	2.47041029625e-15	1.32459006405e-10	6.83673183693e-15	6.77709260226e-14	6.98551492391e-19	5.14308239169e-09
0.0234	2.53484992475e-15	1.35913971647e-10	6.95511426538e-15	6.89444204279e-14	7.10647391818e-19	5.23211465844e-09
0.0236	2.60040046264e-15	1.39428492926e-10	7.07451284328e-15	7.01279875837e-14	7.22847118563e-19	5.32191053836e-09
0.0238	2.66707140254e-15	1.4300307899e-10	7.19492757049e-15	7.13216274873e-14	7.35150672626e-19	5.41247002103e-09
0.024	2.734872237e-15	1.4663823858e-10	7.31635844686e-15	7.25253401361e-14	7.47558054003e-19	5.50379309602e-09
0.0242	2.80381245856e-15	1.50334480436e-10	7.43880547224e-15	7.37391255271e-14	7.60069262692e-19	5.59587975294e-09
0.0244	2.87390155971e-15	1.5409231329e-10	7.56226864648e-15	7.49629836576e-14	7.72684298691e-19	5.68872998135e-09
0.0246	2.9451490329e-15	1.5791224587e-10	7.68674796944e-15	7.61969145248e-14	7.85403161996e-19	5.78234377083e-09
0.0248	3.01756437053e-15	1.61794786901e-10	7.81224344096e-15	7.74409181261e-14	7.98225852607e-19	5.87672111098e-09
0.025	3.09115706499e-15	1.65740445101e-10	7.9387550609e-15	7.86949944585e-14	8.11152370519e-19	5.97186199136e-09
0.0252	3.16593660859e-15	1.69749729185e-10	8.0662828291e-15	7.99591435194e-14	8.24182715731e-19	6.06776640157e-09
0.0254	3.24191249364e-15	1.73823147862e-10	8.19482674542e-15	8.1233365306e-14	8.37316888241e-19	6.16443433119e-09
0.0256	3.31909421237e-15	1.77961209838e-10	8.32438680972e-15	8.25176598154e-14	8.50554888045e-19	6.26186576979e-09
0.0258	3.39749125701e-15	1.82164423812e-10	8.45496302183e-15	8.3812027045e-14	8.63896715141e-19	6.36006070697e-09
0.026	3.47711311972e-15	1.8643329848e-10	8.58655538162e-15	8.51164669919e-14	8.77342369528e-19	6.4590191323e-09
0.0262	3.55796929264e-15	1.90768342533e-10	8.71916388894e-15	8.64309796534e-14	8.90891851202e-19	6.55874103537e-09
0.0264	3.64006926786e-15	1.95170064656e-10	8.85278854363e-15	8.77555650267e-14	9.04545160161e-19	6.65922640575e-09
0.0266	3.72342253743e-15	1.99638973531e-10	8.98742934555e-15	8.90902231091e-14	9.18302296403e-19	6.76047523304e-09
0.0268	3.80803859336e-15	2.04175577835e-10	9.12308629455e-15	9.04349538978e-14	9.32163259925e-19	6.86248750681e-09
0.027	3.89392692763e-15	2.08780386238e-10	9.25975939047e-15	9.17897573899e-14	9.46128050725e-19	6.96526321666e-09
0.0272	3.98109703218e-15	2.1345390741e-10	9.39744863318e-15	9.31546335828e-14	9.601966688e-19	7.06880235215e-09
0.0274	4.06955839889e-15	2.18196650011e-10	9.53615402253e-15	9.45295824737e-14	9.74369114147e-19	7.17310490288e-09
0.0276	4.15932051962e-15	2.230091227e-10	9.67587555836e-15	9.59146040597e-14	9.88645386765e-19	7.27817085842e-09
0.0278	4.25039288618e-15	2.27891834129e-10	9.81661324052e-15	9.73096983382e-14	1.00302548665e-18	7.38400020837e-09
0.028	4.34278499035e-15	2.32845292947e-10	9.95836706888e-15	9.87148653063e-14	1.0175094138e-18	7.49059294231e-09
0.0282	4.43650632386e-15	2.37870007797e-10	1.01011370433e-14	1.00130104961e-13	1.03209716822e-18	7.59794904981e-09
0.0284	4.53156637842e-15	2.42966487319e-10	1.02449231636e-14	1.015554173e-13	1.04678874989e-18	7.70606852047e-09
0.0286	4.62797464566e-15	2.48135240145e-10	1.03897254296e-14	1.02990802321e-13	1.06158415883e-18	7.81495134386e-09
0.0288	4.72574061722e-15	2.53376774906e-10	1.05355438412e-14	1.0443626002e-13	1.07648339502e-18	7.92459750957e-09
0.029	4.82487378467e-15	2.58691600226e-10	1.06823783983e-14	1.05891790395e-13	1.09148645846e-18	8.03500700719e-09
0.0292	4.92538363953e-15	2.64080224726e-10	1.08302291006e-14	1.07357393443e-13	1.10659334915e-18	8.1461798263e-09
0.0294	5.02727967332e-15	2.69543157019e-10	1.09790959481e-14	1.08833069161e-13	1.12180406709e-18	8.25811595648e-09
0.0296	5.13057137748e-15	2.75080905717e-10	1.11289789406e-14	1.10318817546e-13	1.13711861228e-18	8.37081538732e-09
0.0298	5.23526824343e-15	2.80693979426e-10	1.1279878078e-14	1.11814638597e-13	1.15253698471e-18	8.4842781084e-09
0.03	5.34137976256e-15	2.86382886747e-10	1.14317933601e-14	1.13320532309e-13	1.16805918438e-18	8.5985041093e-09
0.0302	5.4489154262e-15	2.92148136275e-10	1.15847247867e-14	1.14836498681e-13	1.1836852113e-18	8.71349337962e-09
0.0304	5.55788472564e-15	2.97990236603e-10	1.17386723577e-14	1.16362537708e-13	1.19941506544e-18	8.82924590893e-09
0.0306	5.66829715215e-15	3.03909696317e-10	1.1893636073e-14	1.1789864939e-13	1.21524874682e-18	8.94576168683e-09
0.0308	5.78016219694e-15	3.09907024e-10	1.20496159324e-14	1.19444833722e-13	1.23118625543e-18	9.06304070289e-09
0.031	5.89348935119e-15	3.15982728228e-10	1.22066119357e-14	1.21001090703e-13	1.24722759128e-18	9.1810829467e-09
0.0312	6.00828810605e-15	3.22137317576e-10	1.23646240829e-14	1.22567420329e-13	1.26337275434e-18	9.29988840784e-09
0.0314	6.12456795261e-15	3.2837130061e-10	1.25236523737e-14	1.24143822597e-13	1.27962174463e-18	9.41945707591e-09
0.0316	6.24233838193e-15	3.34685185894e-10	1.2683696808e-14	1.25730297505e-13	1.29597456215e-18	9.53978894048e-09
0.0318	6.36160888504e-15	3.41079481987e-10	1.28447573857e-14	1.2732684505e-13	1.31243120688e-18	9.66088399115e-09
0.032	6.4823889529e-15	3.47554697442e-10	1.30068341066e-14	1.2893346523e-13	1.32899167883e-18	9.78274221749e-09
0.0322	6.60468807647e-15	3.54111340808e-10	1.31699269706e-14	1.30550158041e-13	1.34565597799e-18	9.90536360909e-09
0.0324	6.72851574665e-15	3.60749920631e-10	1.33340359775e-14	1.3217692348e-13	1.36242410436e-18	1.00287481555e-08
0.0326	6.85388145429e-15	3.67470945449e-10	1.34991611272e-14	1.33813761546e-13	1.37929605795e-18	1.01528958464e-08
0.0328	6.98079469022e-15	3.74274923798e-10	1.36653024195e-14	1.35460672235e-13	1.39627183874e-18	1.02778066713e-08
0.033	7.10926494521e-15	3.81162364208e-10	1.38324598542e-14	1.37117655544e-13	1.41335144673e-18	1.04034806198e-08
0.0332	7.23930171002e-15	3.88133775204e-10	1.40006334313e-14	1.38784711471e-13	1.43053488193e-18	1.05299176816e-08
0.0334	7.37091447534e-15	3.95189665307e-10	1.41698231506e-14	1.40461840012e-13	1.44782214433e-18	1.0657117846e-08
0.0336	7.50411273184e-15	4.02330543034e-10	1.43400290119e-14	1.42149041166e-13	1.46521323392e-18	1.07850811029e-08
0.0338	7.63890597014e-15	4.09556916895e-10	1.45112510151e-14	1.43846314929e-13	1.48270815071e-18	1.09138074417e-08
0.034	7.77530368082e-15	4.16869295397e-10	1.468348916e-14	1.45553661299e-13	1.50030689469e-18	1.1043296852e-08
0.0342	7.91331535442e-15	4.24268187043e-10	1.48567434465e-14	1.47271080272e-13	1.51800946586e-18	1.11735493235e-08
0.0344	8.05295048146e-15	4.31754100329e-10	1.50310138744e-14	1.48998571846e-13	1.53581586421e-18	1.13045648456e-08
0.0346	8.19421855239e-15	4.39327543748e-10	1.52063004436e-14	1.50736136019e-13	1.55372608976e-18	1.14363434081e-08
0.0348	8.33712905764e-15	4.46989025788e-10	1.53826031539e-14	1.52483772787e-13	1.57174014248e-18	1.15688850005e-08
0.035	8.4816914876e-15	4.54739054932e-10	1.55599220053e-14	1.54241482148e-13	1.58985802238e-18	1.17021896123e-08
0.0352	8.6279153326e-15	4.62578139657e-10	1.57382569974e-14	1.56009264099e-13	1.60807972947e-18	1.18362572331e-08
0.0354	8.77581008296e-15	4.70506788439e-10	1.59176081303e-14	1.57787118636e-13	1.62640526372e-18	1.19710878527e-08
0.0356	8.92538522894e-15	4.78525509745e-10	1.60979754037e-14	1.59575045759e-13	1.64483462515e-18	1.21066814604e-08
0.0358	9.07665026077e-15	4.86634812039e-10	1.62793588175e-14	1.61373045462e-13	1.66336781375e-18	1.2243038046e-08
0.036	9.22961466862e-15	4.94835203782e-10	1.64617583716e-14	1.63181117745e-13	1.68200482952e-18	1.2380157599e-08
0.0362	9.38428794266e-15	5.03127193428e-10	1.66451740657e-14	1.64999262604e-13	1.70074567245e-18	1.25180401089e-08
0.0364	9.54067957298e-15	5.11511289427e-10	1.68296058998e-14	1.66827480036e-13	1.71959034255e-18	1.26566855655e-08
0.0366	9.69879904966e-15	5.19988000225e-10	1.70150538737e-14	1.68665770039e-13	1.7385388398e-18	1.27960939582e-08
0.0368	9.85865586271e-15	5.28557834261e-10	1.72015179872e-14	1.70514132609e-13	1.75759116422e-18	1.29362652767e-08
0.037	1.00202595021e-14	5.37221299972e-10	1.73889982403e-14	1.72372567744e-13	1.77674731579e-18	1.30771995105e-08
0.0372	1.01836194579e-14	5.45978905789e-10	1.75774946327e-14	1.74241075442e-13	1.79600729451e-18	1.32188966493e-08
0.0374	1.03487452198e-14	5.54831160138e-10	1.77670071643e-14	1.76119655699e-13	1.81537110038e-18	1.33613566826e-08
0.0376	1.05156462779e-14	5.63778571441e-10	1.7957535835e-14	1.78008308513e-13	1.8348387334e-18	1.35045796e-08
0.0378	1.06843321219e-14	5.72821648115e-10	1.81490806445e-14	1.7990703388e-13	1.85441019357e-18	1.3648565391e-08
0.038	1.08548122416e-14	5.81960898573e-10	1.83416415929e-14	1.81815831799e-13	1.87408548088e-18	1.37933140454e-08
0.0382	1.10270961267e-14	5.91196831221e-10	1.85352186798e-14	1.83734702266e-13	1.89386459533e-18	1.39388255527e-08
0.0384	1.1201193267e-14	6.00529954463e-10	1.87298119052e-14	1.85663645279e-13	1.91374753692e-18	1.40850999024e-08
0.0386	1.13771131522e-14	6.09960776697e-10	1.89254212689e-14	1.87602660835e-13	1.93373430565e-18	1.42321370841e-08
0.0388	1.15548652718e-14	6.19489806316e-10	1.91220467708e-14	1.8955174893e-13	1.95382490151e-18	1.43799370875e-08
0.039	1.17344591155e-14	6.29117551708e-10	1.93196884107e-14	1.91510909563e-13	1.9740193245e-18	1.45284999022e-08
0.0392	1.19159041728e-14	6.38844521259e-10	1.95183461885e-14	1.93480142731e-13	1.99431757461e-18	1.46778255176e-08
0.0394	1.20992099332e-14	6.48671223347e-10	1.9718020104e-14	1.9545944843e-13	2.01471965186e-18	1.48279139235e-08
0.0396	1.22843858863e-14	6.58598166346e-10	1.9918710157e-14	1.97448826658e-13	2.03522555623e-18	1.49787651093e-08
0.0398	1.24714415213e-14	6.68625858626e-10	2.01204163475e-14	1.99448277413e-13	2.05583528772e-18	1.51303790647e-08
0.04	1.26603863278e-14	6.78754808553e-10	2.03231386753e-14	2.0145780069e-13	2.07654884633e-18	1.52827557793e-08
0.0402	1.2851229795e-14	6.88985524487e-10	2.05268771402e-14	2.03477396489e-13	2.09736623205e-18	1.54358952427e-08
0.0404	1.30439814123e-14	6.99318514784e-10	2.0731631742e-14	2.05507064805e-13	2.11828744489e-18	1.55897974444e-08
0.0406	1.3238650669e-14	7.09754287793e-10	2.09374024807e-14	2.07546805637e-13	2.13931248484e-18	1.57444623741e-08
0.0408	1.34352470543e-14	7.20293351863e-10	2.11441893561e-14	2.09596618981e-13	2.1604413519e-18	1.58998900213e-08
0.041	1.36337800573e-14	7.30936215333e-10	2.1351992368e-14	2.11656504834e-13	2.18167404607e-18	1.60560803756e-08
0.0412	1.38342591673e-14	7.41683386541e-10	2.15608115163e-14	2.13726463195e-13	2.20301056734e-18	1.62130334266e-08
0.0414	1.40366938734e-14	7.52535373819e-10	2.17706468008e-14	2.15806494059e-13	2.22445091571e-18	1.6370749164e-08
0.0416	1.42410936645e-14	7.63492685495e-10	2.19814982214e-14	2.17896597425e-13	2.24599509118e-18	1.65292275772e-08
0.0418	1.44474680299e-14	7.7455582989e-10	2.21933657779e-14	2.19996773289e-13	2.26764309375e-18	1.66884686559e-08
0.042	1.46558264583e-14	7.85725315323e-10	2.24062494703e-14	2.22107021649e-13	2.28939492341e-18	1.68484723897e-08
0.0422	1.48661784389e-14	7.97001650107e-10	2.26201492982e-14	2.24227342502e-13	2.31125058017e-18	1.70092387681e-08
0.0424	1.50785334606e-14	8.0838534255e-10	2.28350652617e-14	2.26357735845e-13	2.33321006401e-18	1.71707677808e-08
0.0426	1.52929010121e-14	8.19876900957e-10	2.30509973605e-14	2.28498201675e-13	2.35527337494e-18	1.73330594173e-08
0.0428	1.55092905824e-14	8.31476833625e-10	2.32679455945e-14	2.30648739991e-13	2.37744051296e-18	1.74961136673e-08
0.043	1.57277116602e-14	8.43185648851e-10	2.34859099636e-14	2.32809350788e-13	2.39971147805e-18	1.76599305203e-08
0.0432	1.59481737342e-14	8.55003854922e-10	2.37048904675e-14	2.34980034064e-13	2.42208627023e-18	1.78245099659e-08
0.0434	1.61706862933e-14	8.66931960124e-10	2.39248871062e-14	2.37160789816e-13	2.44456488949e-18	1.79898519937e-08
0.0436	1.63952588261e-14	8.78970472737e-10	2.41458998795e-14	2.39351618042e-13	2.46714733582e-18	1.81559565933e-08
0.0438	1.66219008212e-14	8.91119901037e-10	2.43679287872e-14	2.41552518739e-13	2.48983360922e-18	1.83228237543e-08
0.044	1.68506217673e-14	9.03380753294e-10	2.45909738293e-14	2.43763491904e-13	2.51262370969e-18	1.84904534663e-08
0.0442	1.70814311528e-14	9.15753537774e-10	2.48150350055e-14	2.45984537535e-13	2.53551763723e-18	1.86588457188e-08
0.0444	1.73143384663e-14	9.28238762739e-10	2.50401123157e-14	2.48215655627e-13	2.55851539183e-18	1.88280005015e-08
0.0446	1.75493531963e-14	9.40836936445e-10	2.52662057597e-14	2.5045684618e-13	2.5816169735e-18	1.8997917804e-08
0.0448	1.77864848312e-14	9.53548567144e-10	2.54933153375e-14	2.52708109189e-13	2.60482238223e-18	1.91685976158e-08
0.045	1.80257428594e-14	9.66374163083e-10	2.57214410488e-14	2.54969444653e-13	2.62813161801e-18	1.93400399265e-08
0.0452	1.82671367693e-14	9.79314232504e-10	2.59505828936e-14	2.57240852568e-13	2.65154468086e-18	1.95122447258e-08
0.0454	1.85106760492e-14	9.92369283646e-10	2.61807408716e-14	2.59522332931e-13	2.67506157075e-18	1.96852120032e-08
0.0456	1.87563701874e-14	1.00553982474e-09	2.64119149827e-14	2.61813885741e-13	2.69868228769e-18	1.98589417483e-08
0.0458	1.90042286721e-14	1.01882636402e-09	2.66441052268e-14	2.64115510993e-13	2.72240683168e-18	2.00334339507e-08
0.046	1.92542609915e-14	1.0322294097e-09	2.68773116037e-14	2.66427208686e-13	2.74623520272e-18	2.02086886e-08
0.0462	1.95064766338e-14	1.04574947e-09	2.71115341133e-14	2.68748978817e-13	2.7701674008e-18	2.03847056858e-08
0.0464	1.97608850871e-14	1.05938705315e-09	2.73467727554e-14	2.71080821382e-13	2.79420342592e-18	2.05614851977e-08
0.0466	2.00174958395e-14	1.07314266734e-09	2.75830275299e-14	2.7342273638e-13	2.81834327808e-18	2.07390271252e-08
0.0468	2.0276318379e-14	1.08701682078e-09	2.78202984365e-14	2.75774723806e-13	2.84258695728e-18	2.0917331458e-08
0.047	2.05373621936e-14	1.10101002167e-09	2.80585854753e-14	2.78136783659e-13	2.8669344635e-18	2.10963981857e-08
0.0472	2.08006367714e-14	1.11512277821e-09	2.8297888646e-14	2.80508915936e-13	2.89138579676e-18	2.12762272978e-08
0.0474	2.10661516001e-14	1.12935559859e-09	2.85382079485e-14	2.82891120634e-13	2.91594095705e-18	2.1456818784e-08
0.0476	2.13339161677e-14	1.14370899099e-09	2.87795433826e-14	2.8528339775e-13	2.94059994436e-18	2.16381726338e-08
0.0478	2.16039399621e-14	1.1581834636e-09	2.90218949481e-14	2.87685747281e-13	2.9653627587e-18	2.18202888368e-08
0.048	2.1876232471e-14	1.17277952459e-09	2.92652626451e-14	2.90098169225e-13	2.99022940006e-18	2.20031673826e-08
0.0482	2.21508031823e-14	1.18749768212e-09	2.95096464731e-14	2.92520663579e-13	3.01519986843e-18	2.21868082609e-08
0.0484	2.24276615835e-14	1.20233844438e-09	2.97550464323e-14	2.9495323034e-13	3.04027416383e-18	2.23712114612e-08
0.0486	2.27068171625e-14	1.21730231952e-09	3.00014625223e-14	2.97395869505e-13	3.06545228623e-18	2.25563769731e-08
0.0488	2.29882794068e-14	1.2323898157e-09	3.0248894743e-14	2.99848581072e-13	3.09073423565e-18	2.27423047861e-08
0.049	2.32720578041e-14	1.24760144108e-09	3.04973430944e-14	3.02311365038e-13	3.11612001208e-18	2.292899489e-08
0.0492	2.3558161842e-14	1.26293770379e-09	3.07468075762e-14	3.04784221399e-13	3.14160961551e-18	2.31164472742e-08
0.0494	2.38466010079e-14	1.27839911198e-09	3.09972881882e-14	3.07267150154e-13	3.16720304595e-18	2.33046619284e-08
0.0496	2.41373847893e-14	1.2939861738e-09	3.12487849305e-14	3.09760151299e-13	3.19290030339e-18	2.34936388422e-08
0.0498	2.44305226738e-14	1.30969939737e-09	3.15012978027e-14	3.12263224832e-13	3.21870138782e-18	2.36833780052e-08
0.05	2.47260241486e-14	1.32553929083e-09	3.17548268047e-14	3.1477637075e-13	3.24460629926e-18	2.38738794069e-08
0.0502	2.50238987012e-14	1.3415063623e-09	3.20093719365e-14	3.1729958905e-13	3.27061503769e-18	2.4065143037e-08
0.0504	2.5324155819e-14	1.3576011199e-09	3.22649331978e-14	3.1983287973e-13	3.29672760311e-18	2.4257168885e-08
0.0506	2.5626804989e-14	1.37382407174e-09	3.25215105885e-14	3.22376242786e-13	3.32294399551e-18	2.44499569405e-08
0.0508	2.59318556988e-14	1.39017572593e-09	3.27791041084e-14	3.24929678216e-13	3.34926421491e-18	2.46435071932e-08
0.051	2.62393174353e-14	1.40665659059e-09	3.30377137575e-14	3.27493186017e-13	3.37568826129e-18	2.48378196326e-08
0.0512	2.65491996859e-14	1.42326717381e-09	3.32973395355e-14	3.30066766187e-13	3.40221613465e-18	2.50328942484e-08
0.0514	2.68615119376e-14	1.44000798368e-09	3.35579814423e-14	3.32650418721e-13	3.428847835e-18	2.522873103e-08
0.0516	2.71762636775e-14	1.4568795283e-09	3.38196394778e-14	3.35244143619e-13	3.45558336231e-18	2.54253299672e-08
0.0518	2.74934643927e-14	1.47388231576e-09	3.40823136418e-14	3.37847940877e-13	3.48242271661e-18	2.56226910495e-08
0.052	2.78131235702e-14	1.49101685414e-09	3.43460039342e-14	3.40461810492e-13	3.50936589787e-18	2.58208142665e-08
0.0522	2.8135250697e-14	1.50828365151e-09	3.46107103547e-14	3.43085752461e-13	3.53641290611e-18	2.60196996077e-08
0.0524	2.84598552599e-14	1.52568321595e-09	3.48764329034e-14	3.45719766782e-13	3.56356374131e-18	2.62193470629e-08
0.0526	2.87869467459e-14	1.54321605552e-09	3.51431715799e-14	3.48363853452e-13	3.59081840348e-18	2.64197566216e-08
0.0528	2.91165346418e-14	1.56088267829e-09	3.54109263842e-14	3.51018012468e-13	3.61817689261e-18	2.66209282733e-08
0.053	2.94486284345e-14	1.57868359232e-09	3.56796973161e-14	3.53682243828e-13	3.6456392087e-18	2.68228620077e-08
0.0532	2.97832376107e-14	1.59661930566e-09	3.59494843755e-14	3.56356547528e-13	3.67320535175e-18	2.70255578144e-08
0.0534	3.01203716571e-14	1.61469032636e-09	3.62202875622e-14	3.59040923566e-13	3.70087532175e-18	2.7229015683e-08
0.0536	3.04600400605e-14	1.63289716246e-09	3.64921068761e-14	3.61735371939e-13	3.72864911871e-18	2.74332356031e-08
0.0538	3.08022523075e-14	1.65124032201e-09	3.6764942317e-14	3.64439892644e-13	3.75652674261e-18	2.76382175642e-08
0.054	3.11470178846e-14	1.66972031303e-09	3.70387938848e-14	3.67154485679e-13	3.78450819346e-18	2.78439615559e-08
0.0542	3.14943462785e-14	1.68833764356e-09	3.73136615793e-14	3.69879151041e-13	3.81259347126e-18	2.80504675679e-08
0.0544	3.18442469758e-14	1.70709282163e-09	3.75895454004e-14	3.72613888727e-13	3.840782576e-18	2.82577355898e-08
0.0546	3.21967294628e-14	1.72598635525e-09	3.78664453479e-14	3.75358698733e-13	3.86907550769e-18	2.84657656111e-08
0.0548	3.25518032261e-14	1.74501875244e-09	3.81443614217e-14	3.78113581059e-13	3.8974722663e-18	2.86745576214e-08
0.055	3.29094777521e-14	1.76419052122e-09	3.84232936217e-14	3.808785357e-13	3.92597285186e-18	2.88841116104e-08
0.0552	3.32697625271e-14	1.78350216958e-09	3.87032419476e-14	3.83653562654e-13	3.95457726435e-18	2.90944275677e-08
0.0554	3.36326670375e-14	1.80295420553e-09	3.89842063993e-14	3.86438661918e-13	3.98328550377e-18	2.93055054827e-08
0.0556	3.39982007695e-14	1.82254713707e-09	3.92661869768e-14	3.89233833489e-13	4.01209757011e-18	2.95173453452e-08
0.0558	3.43663732095e-14	1.84228147219e-09	3.95491836798e-14	3.92039077365e-13	4.04101346339e-18	2.97299471447e-08
0.056	3.47371938437e-14	1.86215771888e-09	3.98331965081e-14	3.94854393543e-13	4.07003318358e-18	2.99433108708e-08
0.0562	3.51106721581e-14	1.88217638511e-09	4.01182254617e-14	3.9767978202e-13	4.0991567307e-18	3.01574365132e-08
0.0564	3.54868176391e-14	1.90233797888e-09	4.04042705404e-14	4.00515242793e-13	4.12838410473e-18	3.03723240614e-08
0.0566	3.58656397725e-14	1.92264300815e-09	4.06913317441e-14	4.03360775859e-13	4.15771530569e-18	3.05879735049e-08
0.0568	3.62471480446e-14	1.94309198089e-09	4.09794090725e-14	4.06216381217e-13	4.18715033355e-18	3.08043848335e-08
0.057	3.66313519414e-14	1.96368540506e-09	4.12685025256e-14	4.09082058862e-13	4.21668918833e-18	3.10215580367e-08
0.0572	3.70182609487e-14	1.98442378863e-09	4.15586121032e-14	4.11957808793e-13	4.24633187001e-18	3.12394931041e-08
0.0574	3.74078845526e-14	2.00530763954e-09	4.18497378051e-14	4.14843631006e-13	4.2760783786e-18	3.14581900254e-08
0.0576	3.78002322389e-14	2.02633746576e-09	4.21418796313e-14	4.17739525499e-13	4.3059287141e-18	3.167764879e-08
0.0578	3.81953134935e-14	2.04751377522e-09	4.24350375814e-14	4.20645492268e-13	4.33588287649e-18	3.18978693876e-08
0.058	3.85931378023e-14	2.06883707587e-09	4.27292116555e-14	4.23561531312e-13	4.36594086579e-18	3.21188518078e-08
0.0582	3.89937146509e-14	2.09030787563e-09	4.30244018534e-14	4.26487642627e-13	4.39610268198e-18	3.23405960402e-08
0.0584	3.93970535252e-14	2.11192668245e-09	4.33206081748e-14	4.29423826211e-13	4.42636832506e-18	3.25631020743e-08
0.0586	3.98031639108e-14	2.13369400425e-09	4.36178306198e-14	4.3237008206e-13	4.45673779504e-18	3.27863698999e-08
0.0588	4.02120552935e-14	2.15561034894e-09	4.3916069188e-14	4.35326410173e-13	4.4872110919e-18	3.30103995065e-08
0.059	4.06237371587e-14	2.17767622446e-09	4.42153238794e-14	4.38292810546e-13	4.51778821565e-18	3.32351908836e-08
0.0592	4.10382189922e-14	2.1998921387e-09	4.45155946938e-14	4.41269283176e-13	4.54846916629e-18	3.3460744021e-08
0.0594	4.14555102794e-14	2.22225859958e-09	4.4816881631e-14	4.44255828061e-13	4.57925394381e-18	3.36870589081e-08
0.0596	4.18756205058e-14	2.244776115e-09	4.5119184691e-14	4.47252445198e-13	4.61014254821e-18	3.39141355346e-08
0.0598	4.2298559157e-14	2.26744519285e-09	4.54225038735e-14	4.50259134584e-13	4.64113497948e-18	3.41419738901e-08
0.06	4.27243357182e-14	2.29026634104e-09	4.57268391785e-14	4.53275896217e-13	4.67223123763e-18	3.43705739641e-08
0.0602	4.3152959675e-14	2.31324006744e-09	4.60321906057e-14	4.56302730093e-13	4.70343132265e-18	3.45999357464e-08
0.0604	4.35844405127e-14	2.33636687995e-09	4.63385581551e-14	4.5933963621e-13	4.73473523454e-18	3.48300592264e-08
0.0606	4.40187877165e-14	2.35964728644e-09	4.66459418264e-14	4.62386614566e-13	4.7661429733e-18	3.50609443937e-08
0.0608	4.44560107717e-14	2.38308179479e-09	4.69543416195e-14	4.65443665156e-13	4.79765453892e-18	3.52925912381e-08
0.061	4.48961191635e-14	2.40667091286e-09	4.72637575344e-14	4.6851078798e-13	4.8292699314e-18	3.5524999749e-08
0.0612	4.53391223772e-14	2.43041514853e-09	4.75741895707e-14	4.71587983033e-13	4.86098915074e-18	3.57581699162e-08
0.0614	4.57850298979e-14	2.45431500965e-09	4.78856377284e-14	4.74675250313e-13	4.89281219695e-18	3.5992101729e-08
0.0616	4.62338512106e-14	2.47837100408e-09	4.81981020074e-14	4.77772589817e-13	4.92473907e-18	3.62267951773e-08
0.0618	4.66855958005e-14	2.50258363966e-09	4.85115824074e-14	4.80880001543e-13	4.95676976991e-18	3.64622502505e-08
0.062	4.71402731525e-14	2.52695342425e-09	4.88260789284e-14	4.83997485487e-13	4.98890429667e-18	3.66984669383e-08
0.0622	4.75978927517e-14	2.55148086569e-09	4.91415915702e-14	4.87125041648e-13	5.02114265027e-18	3.69354452303e-08
0.0624	4.8058464083e-14	2.57616647181e-09	4.94581203326e-14	4.90262670022e-13	5.05348483072e-18	3.7173185116e-08
0.0626	4.85219966312e-14	2.60101075045e-09	4.97756652154e-14	4.93410370606e-13	5.08593083802e-18	3.74116865851e-08
0.0628	4.89884998814e-14	2.62601420943e-09	5.00942262187e-14	4.96568143397e-13	5.11848067215e-18	3.76509496272e-08
0.063	4.94579833182e-14	2.65117735657e-09	5.04138033421e-14	4.99735988394e-13	5.15113433312e-18	3.78909742318e-08
0.0632	4.99304564266e-14	2.6765006997e-09	5.07343965855e-14	5.02913905593e-13	5.18389182093e-18	3.81317603887e-08
0.0634	5.04059286911e-14	2.70198474663e-09	5.10560059489e-14	5.06101894991e-13	5.21675313557e-18	3.83733080873e-08
0.0636	5.08844095966e-14	2.72763000515e-09	5.1378631432e-14	5.09299956585e-13	5.24971827704e-18	3.86156173172e-08
0.0638	5.13659086277e-14	2.75343698309e-09	5.17022730346e-14	5.12508090374e-13	5.28278724533e-18	3.88586880682e-08
0.064	5.1850435269e-14	2.77940618824e-09	5.20269307568e-14	5.15726296353e-13	5.31596004046e-18	3.91025203297e-08
0.0642	5.23379990052e-14	2.80553812839e-09	5.23526045982e-14	5.18954574521e-13	5.3492366624e-18	3.93471140914e-08
0.0644	5.28286093207e-14	2.83183331133e-09	5.26792945588e-14	5.22192924874e-13	5.38261711117e-18	3.95924693428e-08
0.0646	5.33222757e-14	2.85829224484e-09	5.30070006384e-14	5.2544134741e-13	5.41610138675e-18	3.98385860737e-08
0.0648	5.38190076278e-14	2.88491543672e-09	5.33357228368e-14	5.28699842126e-13	5.44968948916e-18	4.00854642735e-08
0.065	5.43188145883e-14	2.91170339472e-09	5.36654611539e-14	5.31968409019e-13	5.48338141837e-18	4.03331039319e-08
0.0652	5.4821706066e-14	2.93865662663e-09	5.39962155896e-14	5.35247048086e-13	5.51717717439e-18	4.05815050384e-08
0.0654	5.53276915452e-14	2.96577564021e-09	5.43279861437e-14	5.38535759325e-13	5.55107675723e-18	4.08306675828e-08
0.0656	5.58367805102e-14	2.99306094322e-09	5.46607728161e-14	5.41834542733e-13	5.58508016687e-18	4.10805915545e-08
0.0658	5.63489824453e-14	3.02051304341e-09	5.49945756066e-14	5.45143398307e-13	5.61918740331e-18	4.13312769432e-08
0.066	5.68643068347e-14	3.04813244855e-09	5.5329394515e-14	5.48462326044e-13	5.65339846655e-18	4.15827237385e-08
0.0662	5.73827631627e-14	3.07591966637e-09	5.56652295412e-14	5.51791325942e-13	5.6877133566e-18	4.183493193e-08
0.0664	5.79043609133e-14	3.10387520462e-09	5.60020806851e-14	5.55130397998e-13	5.72213207343e-18	4.20879015073e-08
0.0666	5.84291095708e-14	3.13199957103e-09	5.63399479466e-14	5.58479542208e-13	5.75665461707e-18	4.234163246e-08
0.0668	5.8957018619e-14	3.16029327335e-09	5.66788313254e-14	5.61838758571e-13	5.79128098749e-18	4.25961247776e-08
0.067	5.94880975422e-14	3.18875681929e-09	5.70187308214e-14	5.65208047084e-13	5.8260111847e-18	4.28513784499e-08
0.0672	6.00223558243e-14	3.21739071659e-09	5.73596464344e-14	5.68587407743e-13	5.8608452087e-18	4.31073934663e-08
0.0674	6.05598029491e-14	3.24619547295e-09	5.77015781645e-14	5.71976840546e-13	5.89578305948e-18	4.33641698165e-08
0.0676	6.11004484008e-14	3.2751715961e-09	5.80445260112e-14	5.7537634549e-13	5.93082473705e-18	4.36217074902e-08
0.0678	6.1644301663e-14	3.30431959375e-09	5.83884899746e-14	5.78785922572e-13	5.96597024139e-18	4.38800064768e-08
0.068	6.21913722197e-14	3.33363997359e-09	5.87334700545e-14	5.8220557179e-13	6.00121957251e-18	4.41390667661e-08
0.0682	6.27416695547e-14	3.36313324333e-09	5.90794662507e-14	5.85635293141e-13	6.03657273041e-18	4.43988883476e-08
0.0684	6.32952031517e-14	3.39279991066e-09	5.94264785631e-14	5.89075086623e-13	6.07202971507e-18	4.46594712108e-08
0.0686	6.38519824944e-14	3.42264048328e-09	5.97745069915e-14	5.92524952231e-13	6.10759052651e-18	4.49208153455e-08
0.0688	6.44120170665e-14	3.45265546888e-09	6.01235515358e-14	5.95984889964e-13	6.14325516471e-18	4.51829207412e-08
0.069	6.49753163516e-14	3.48284537512e-09	6.04736121958e-14	5.99454899819e-13	6.17902362968e-18	4.54457873875e-08
0.0692	6.55418898333e-14	3.51321070969e-09	6.08246889714e-14	6.02934981792e-13	6.2148959214e-18	4.57094152741e-08
0.0694	6.61117469953e-14	3.54375198026e-09	6.11767818625e-14	6.06425135882e-13	6.25087203989e-18	4.59738043905e-08
0.0696	6.66848973209e-14	3.5744696945e-09	6.15298908688e-14	6.09925362086e-13	6.28695198514e-18	4.62389547263e-08
0.0698	6.72613502937e-14	3.60536436006e-09	6.18840159903e-14	6.134356604e-13	6.32313575714e-18	4.65048662711e-08
0.07	6.78411153972e-14	3.63643648462e-09	6.22391572268e-14	6.16956030822e-13	6.35942335589e-18	4.67715390146e-08
0.0702	6.84242021146e-14	3.66768657581e-09	6.25953145781e-14	6.20486473349e-13	6.39581478139e-18	4.70389729463e-08
0.0704	6.90106199294e-14	3.6991151413e-09	6.29524880441e-14	6.24026987978e-13	6.43231003364e-18	4.73071680558e-08
0.0706	6.96003783249e-14	3.73072268871e-09	6.33106776246e-14	6.27577574708e-13	6.46890911263e-18	4.75761243328e-08
0.0708	7.01934867844e-14	3.76250972569e-09	6.36698833196e-14	6.31138233533e-13	6.50561201837e-18	4.78458417669e-08
0.071	7.07899547911e-14	3.79447675988e-09	6.40301051288e-14	6.34708964454e-13	6.54241875085e-18	4.81163203476e-08
0.0712	7.13897918282e-14	3.82662429891e-09	6.43913430521e-14	6.38289767465e-13	6.57932931006e-18	4.83875600645e-08
0.0714	7.19930073788e-14	3.85895285039e-09	6.47535970893e-14	6.41880642565e-13	6.61634369601e-18	4.86595609074e-08
0.0716	7.25996109262e-14	3.89146292195e-09	6.51168672403e-14	6.4548158975e-13	6.65346190869e-18	4.89323228657e-08
0.0718	7.32096119533e-14	3.9241550212e-09	6.5481153505e-14	6.49092609019e-13	6.6906839481e-18	4.9205845929e-08
0.072	7.38230199432e-14	3.95702965575e-09	6.58464558832e-14	6.52713700368e-13	6.72800981424e-18	4.94801300871e-08
0.0722	7.44398443789e-14	3.99008733322e-09	6.62127743748e-14	6.56344863794e-13	6.7654395071e-18	4.97551753294e-08
0.0724	7.50600947434e-14	4.0233285612e-09	6.65801089796e-14	6.59986099295e-13	6.80297302669e-18	5.00309816456e-08
0.0726	7.56837805195e-14	4.05675384728e-09	6.69484596974e-14	6.63637406868e-13	6.840610373e-18	5.03075490253e-08
0.0728	7.63109111903e-14	4.09036369906e-09	6.73178265281e-14	6.6729878651e-13	6.87835154603e-18	5.05848774581e-08
0.073	7.69414962384e-14	4.12415862413e-09	6.76882094716e-14	6.70970238218e-13	6.91619654577e-18	5.08629669336e-08
0.0732	7.75755451468e-14	4.15813913006e-09	6.80596085277e-14	6.7465176199e-13	6.95414537222e-18	5.11418174413e-08
0.0734	7.82130673982e-14	4.19230572444e-09	6.84320236963e-14	6.78343357823e-13	6.99219802539e-18	5.1421428971e-08
0.0736	7.88540724752e-14	4.22665891484e-09	6.88054549772e-14	6.82045025714e-13	7.03035450526e-18	5.17018015123e-08
0.0738	7.94985698606e-14	4.26119920883e-09	6.91799023703e-14	6.8575676566e-13	7.06861481184e-18	5.19829350546e-08
0.074	8.01465690371e-14	4.29592711396e-09	6.95553658753e-14	6.89478577659e-13	7.10697894512e-18	5.22648295877e-08
0.0742	8.07980794872e-14	4.3308431378e-09	6.99318454923e-14	6.93210461707e-13	7.1454469051e-18	5.25474851011e-08
0.0744	8.14531106935e-14	4.3659477879e-09	7.0309341221e-14	6.96952417803e-13	7.18401869178e-18	5.28309015844e-08
0.0746	8.21116721385e-14	4.40124157182e-09	7.06878530612e-14	7.00704445942e-13	7.22269430516e-18	5.31150790272e-08
0.0748	8.27737733047e-14	4.43672499709e-09	7.10673810129e-14	7.04466546123e-13	7.26147374523e-18	5.34000174193e-08
0.075	8.34394236745e-14	4.47239857125e-09	7.14479250758e-14	7.08238718343e-13	7.30035701199e-18	5.368571675e-08
0.0752	8.41086327304e-14	4.50826280184e-09	7.18294852499e-14	7.12020962598e-13	7.33934410544e-18	5.39721770092e-08
0.0754	8.47814099548e-14	4.5443181964e-09	7.2212061535e-14	7.15813278887e-13	7.37843502558e-18	5.42593981863e-08
0.0756	8.54577648298e-14	4.58056526244e-09	7.25956539309e-14	7.19615667206e-13	7.4176297724e-18	5.45473802709e-08
0.0758	8.61377068379e-14	4.61700450749e-09	7.29802624374e-14	7.23428127553e-13	7.4569283459e-18	5.48361232528e-08
0.076	8.68212454613e-14	4.65363643906e-09	7.33658870545e-14	7.27250659924e-13	7.49633074608e-18	5.51256271214e-08
0.0762	8.75083901822e-14	4.69046156467e-09	7.3752527782e-14	7.31083264318e-13	7.53583697294e-18	5.54158918664e-08
0.0764	8.81991504827e-14	4.72748039182e-09	7.41401846197e-14	7.34925940731e-13	7.57544702647e-18	5.57069174774e-08
0.0766	8.8893535845e-14	4.76469342801e-09	7.45288575675e-14	7.3877868916e-13	7.61516090667e-18	5.5998703944e-08
0.0768	8.95915557512e-14	4.80210118074e-09	7.49185466253e-14	7.42641509603e-13	7.65497861355e-18	5.62912512559e-08
0.077	9.02932196833e-14	4.8397041575e-09	7.53092517928e-14	7.46514402057e-13	7.69490014708e-18	5.65845594025e-08
0.0772	9.09985371233e-14	4.87750286579e-09	7.570097307e-14	7.50397366519e-13	7.73492550729e-18	5.68786283736e-08
0.0774	9.17075175532e-14	4.91549781308e-09	7.60937104567e-14	7.54290402987e-13	7.77505469415e-18	5.71734581587e-08
0.0776	9.24201704549e-14	4.95368950686e-09	7.64874639527e-14	7.58193511457e-13	7.81528770767e-18	5.74690487474e-08
0.0778	9.31365053103e-14	4.99207845459e-09	7.6882233558e-14	7.62106691927e-13	7.85562454785e-18	5.77654001294e-08
0.078	9.38565316013e-14	5.03066516375e-09	7.72780192722e-14	7.66029944395e-13	7.89606521469e-18	5.80625122942e-08
0.0782	9.45802588097e-14	5.0694501418e-09	7.76748210954e-14	7.69963268856e-13	7.93660970818e-18	5.83603852315e-08
0.0784	9.53076964172e-14	5.1084338962e-09	7.80726390273e-14	7.73906665309e-13	7.97725802831e-18	5.86590189309e-08
0.0786	9.60388539056e-14	5.1476169344e-09	7.84714730678e-14	7.77860133751e-13	8.0180101751e-18	5.89584133819e-08
0.0788	9.67737407566e-14	5.18699976386e-09	7.88713232168e-14	7.81823674179e-13	8.05886614852e-18	5.92585685742e-08
0.079	9.75123664517e-14	5.22658289201e-09	7.92721894741e-14	7.85797286591e-13	8.09982594859e-18	5.95594844974e-08
0.0792	9.82547404727e-14	5.26636682631e-09	7.96740718395e-14	7.89780970983e-13	8.1408895753e-18	5.98611611411e-08
0.0794	9.90008723011e-14	5.30635207419e-09	8.0076970313e-14	7.93774727352e-13	8.18205702865e-18	6.01635984949e-08
0.0796	9.97507714185e-14	5.34653914308e-09	8.04808848943e-14	7.97778555697e-13	8.22332830863e-18	6.04667965484e-08
0.0798	1.00504447306e-13	5.3869285404e-09	8.08858155833e-14	8.01792456013e-13	8.26470341525e-18	6.07707552913e-08
0.08	1.01261909446e-13	5.42752077358e-09	8.12917623799e-14	8.05816428299e-13	8.30618234849e-18	6.10754747131e-08
0.0802	1.02023167319e-13	5.46831635003e-09	8.16987252839e-14	8.09850472552e-13	8.34776510836e-18	6.13809548034e-08
0.0804	1.02788230406e-13	5.50931577717e-09	8.21067042951e-14	8.13894588769e-13	8.38945169486e-18	6.16871955518e-08
0.0806	1.0355710819e-13	5.5505195624e-09	8.25156994135e-14	8.17948776946e-13	8.43124210798e-18	6.1994196948e-08
0.0808	1.04329810151e-13	5.59192821314e-09	8.29257106389e-14	8.22013037082e-13	8.47313634772e-18	6.23019589816e-08
0.081	1.0510634577e-13	5.63354223676e-09	8.3336737971e-14	8.26087369174e-13	8.51513441408e-18	6.26104816421e-08
0.0812	1.05886724529e-13	5.67536214068e-09	8.37487814099e-14	8.30171773218e-13	8.55723630705e-18	6.29197649193e-08
0.0814	1.06670955909e-13	5.71738843228e-09	8.41618409552e-14	8.34266249213e-13	8.59944202663e-18	6.32298088026e-08
0.0816	1.07459049392e-13	5.75962161894e-09	8.4575916607e-14	8.38370797154e-13	8.64175157283e-18	6.35406132817e-08
0.0818	1.08251014457e-13	5.80206220804e-09	8.49910083649e-14	8.42485417041e-13	8.68416494563e-18	6.38521783462e-08
0.082	1.09046860587e-13	5.84471070696e-09	8.5407116229e-14	8.46610108868e-13	8.72668214504e-18	6.41645039858e-08
0.0822	1.09846597261e-13	5.88756762307e-09	8.58242401989e-14	8.50744872635e-13	8.76930317106e-18	6.44775901899e-08
0.0824	1.10650233962e-13	5.93063346373e-09	8.62423802747e-14	8.54889708338e-13	8.81202802367e-18	6.47914369483e-08
0.0826	1.11457780171e-13	5.9739087363e-09	8.6661536456e-14	8.59044615975e-13	8.85485670288e-18	6.51060442506e-08
0.0828	1.12269245367e-13	6.01739394815e-09	8.70817087429e-14	8.63209595542e-13	8.89778920869e-18	6.54214120863e-08
0.083	1.13084639032e-13	6.06108960661e-09	8.75028971351e-14	8.67384647037e-13	8.94082554109e-18	6.5737540445e-08
0.0832	1.13903970647e-13	6.10499621904e-09	8.79251016325e-14	8.71569770456e-13	8.98396570008e-18	6.60544293164e-08
0.0834	1.14727249692e-13	6.14911429278e-09	8.83483222349e-14	8.75764965799e-13	9.02720968566e-18	6.63720786902e-08
0.0836	1.15554485649e-13	6.19344433516e-09	8.87725589422e-14	8.79970233061e-13	9.07055749782e-18	6.66904885558e-08
0.0838	1.16385687997e-13	6.23798685353e-09	8.91978117542e-14	8.84185572239e-13	9.11400913657e-18	6.70096589029e-08
0.084	1.17220866218e-13	6.2827423552e-09	8.96240806709e-14	8.88410983332e-13	9.1575646019e-18	6.73295897211e-08
0.0842	1.18060029793e-13	6.32771134749e-09	9.0051365692e-14	8.92646466336e-13	9.20122389381e-18	6.76502810001e-08
0.0844	1.18903188201e-13	6.37289433774e-09	9.04796668173e-14	8.96892021248e-13	9.2449870123e-18	6.79717327294e-08
0.0846	1.19750350923e-13	6.41829183325e-09	9.09089840468e-14	9.01147648066e-13	9.28885395736e-18	6.82939448986e-08
0.0848	1.20601527441e-13	6.46390434132e-09	9.13393173804e-14	9.05413346787e-13	9.33282472899e-18	6.86169174974e-08
0.085	1.21456727233e-13	6.50973236927e-09	9.17706668177e-14	9.09689117408e-13	9.37689932718e-18	6.89406505153e-08
0.0852	1.22315959782e-13	6.5557764244e-09	9.22030323588e-14	9.13974959927e-13	9.42107775195e-18	6.9265143942e-08
0.0854	1.23179234566e-13	6.60203701399e-09	9.26364140034e-14	9.1827087434e-13	9.46536000328e-18	6.95903977671e-08
0.0856	1.24046561067e-13	6.64851464533e-09	9.30708117514e-14	9.22576860645e-13	9.50974608117e-18	6.99164119803e-08
0.0858	1.24917948765e-13	6.69520982573e-09	9.35062256027e-14	9.26892918839e-13	9.55423598562e-18	7.0243186571e-08
0.086	1.25793407139e-13	6.74212306244e-09	9.39426555571e-14	9.3121904892e-13	9.59882971663e-18	7.05707215289e-08
0.0862	1.26672945671e-13	6.78925486275e-09	9.43801016144e-14	9.35555250884e-13	9.64352727419e-18	7.08990168437e-08
0.0864	1.27556573841e-13	6.83660573394e-09	9.48185637746e-14	9.39901524728e-13	9.6883286583e-18	7.12280725049e-08
0.0866	1.28444301127e-13	6.88417618326e-09	9.52580420374e-14	9.44257870451e-13	9.73323386896e-18	7.15578885021e-08
0.0868	1.29336137012e-13	6.93196671798e-09	9.56985364027e-14	9.48624288049e-13	9.77824290617e-18	7.18884648251e-08
0.087	1.30232090974e-13	6.97997784536e-09	9.61400468704e-14	9.53000777519e-13	9.82335576992e-18	7.22198014633e-08
0.0872	1.31132172494e-13	7.02821007264e-09	9.65825734403e-14	9.5738733886e-13	9.86857246022e-18	7.25518984063e-08
0.0874	1.32036391052e-13	7.07666390708e-09	9.70261161122e-14	9.61783972067e-13	9.91389297705e-18	7.28847556439e-08
0.0876	1.32944756127e-13	7.12533985592e-09	9.74706748861e-14	9.66190677138e-13	9.95931732042e-18	7.32183731656e-08
0.0878	1.338572772e-13	7.17423842639e-09	9.79162497618e-14	9.7060745407e-13	1.00048454903e-17	7.3552750961e-08
0.088	1.34773963751e-13	7.22336012573e-09	9.8362840739e-14	9.75034302862e-13	1.00504774868e-17	7.38878890198e-08
0.0882	1.35694825258e-13	7.27270546118e-09	9.88104478178e-14	9.79471223509e-13	1.00962133097e-17	7.42237873315e-08
0.0884	1.36619871203e-13	7.32227493994e-09	9.92590709979e-14	9.83918216009e-13	1.01420529592e-17	7.45604458858e-08
0.0886	1.37549111065e-13	7.37206906925e-09	9.97087102791e-14	9.88375280359e-13	1.01879964353e-17	7.48978646722e-08
0.0888	1.38482554323e-13	7.42208835631e-09	1.00159365661e-13	9.92842416557e-13	1.02340437378e-17	7.52360436804e-08
0.089	1.39420210457e-13	7.47233330834e-09	1.00611037144e-13	9.973196246e-13	1.02801948669e-17	7.55749829e-08
0.0892	1.40362088947e-13	7.52280443254e-09	1.01063724728e-13	1.00180690448e-12	1.03264498224e-17	7.59146823206e-08
0.0894	1.41308199273e-13	7.57350223611e-09	1.01517428413e-13	1.00630425621e-12	1.03728086045e-17	7.62551419319e-08
0.0896	1.42258550913e-13	7.62442722625e-09	1.01972148198e-13	1.01081167977e-12	1.04192712131e-17	7.65963617233e-08
0.0898	1.43213153348e-13	7.67557991015e-09	1.02427884083e-13	1.01532917516e-12	1.04658376483e-17	7.69383416847e-08
0.09	1.44172016057e-13	7.72696079499e-09	1.02884636068e-13	1.01985674239e-12	1.05125079099e-17	7.72810818054e-08
0.0902	1.45135148519e-13	7.77857038796e-09	1.03342404153e-13	1.02439438144e-12	1.0559281998e-17	7.76245820753e-08
0.0904	1.46102560214e-13	7.83040919623e-09	1.03801188339e-13	1.02894209232e-12	1.06061599126e-17	7.79688424838e-08
0.0906	1.47074260621e-13	7.88247772698e-09	1.04260988623e-13	1.03349987502e-12	1.06531416538e-17	7.83138630207e-08
0.0908	1.4805025922e-13	7.93477648737e-09	1.04721805008e-13	1.03806772954e-12	1.07002272214e-17	7.86596436754e-08
0.091	1.49030565489e-13	7.98730598457e-09	1.05183637492e-13	1.04264565588e-12	1.07474166155e-17	7.90061844377e-08
0.0912	1.50015188908e-13	8.04006672573e-09	1.05646486075e-13	1.04723365403e-12	1.07947098362e-17	7.93534852971e-08
0.0914	1.51004138956e-13	8.09305921801e-09	1.06110350757e-13	1.05183172399e-12	1.08421068833e-17	7.97015462433e-08
0.0916	1.51997425112e-13	8.14628396855e-09	1.06575231538e-13	1.05643986577e-12	1.08896077569e-17	8.00503672658e-08
0.0918	1.52995056856e-13	8.1997414845e-09	1.07041128417e-13	1.06105807935e-12	1.0937212457e-17	8.03999483543e-08
0.092	1.53997043666e-13	8.25343227301e-09	1.07508041396e-13	1.06568636473e-12	1.09849209835e-17	8.07502894984e-08
0.0922	1.55003395021e-13	8.30735684119e-09	1.07975970473e-13	1.07032472191e-12	1.10327333366e-17	8.11013906877e-08
0.0924	1.56014120401e-13	8.36151569619e-09	1.08444915648e-13	1.07497315089e-12	1.10806495161e-17	8.14532519119e-08
0.0926	1.57029229285e-13	8.41590934513e-09	1.08914876922e-13	1.07963165166e-12	1.11286695221e-17	8.18058731604e-08
0.0928	1.5804873115e-13	8.47053829512e-09	1.09385854293e-13	1.08430022423e-12	1.11767933546e-17	8.2159254423e-08
0.093	1.59072635477e-13	8.52540305329e-09	1.09857847763e-13	1.08897886859e-12	1.12250210135e-17	8.25133956893e-08
0.0932	1.60100951744e-13	8.58050412674e-09	1.1033085733e-13	1.09366758473e-12	1.1273352499e-17	8.28682969489e-08
0.0934	1.6113368943e-13	8.63584202259e-09	1.10804882995e-13	1.09836637266e-12	1.13217878108e-17	8.32239581914e-08
0.0936	1.62170858013e-13	8.69141724793e-09	1.11279924757e-13	1.10307523236e-12	1.13703269492e-17	8.35803794063e-08
0.0938	1.63212466973e-13	8.74723030985e-09	1.11755982617e-13	1.10779416385e-12	1.1418969914e-17	8.39375605834e-08
0.094	1.64258525788e-13	8.80328171546e-09	1.12233056574e-13	1.11252316711e-12	1.14677167053e-17	8.42955017122e-08
0.0942	1.65309043936e-13	8.85957197184e-09	1.12711146628e-13	1.11726224215e-12	1.1516567323e-17	8.46542027824e-08
0.0944	1.66364030896e-13	8.91610158607e-09	1.13190252778e-13	1.12201138895e-12	1.15655217672e-17	8.50136637836e-08
0.0946	1.67423496147e-13	8.97287106523e-09	1.13670375026e-13	1.12677060752e-12	1.16145800378e-17	8.53738847053e-08
0.0948	1.68487449168e-13	9.02988091639e-09	1.1415151337e-13	1.13153989786e-12	1.16637421349e-17	8.57348655372e-08
0.095	1.69555899436e-13	9.08713164662e-09	1.1463366781e-13	1.13631925995e-12	1.17130080584e-17	8.6096606269e-08
0.0952	1.7062885643e-13	9.14462376299e-09	1.15116838347e-13	1.14110869381e-12	1.17623778084e-17	8.64591068901e-08
0.0954	1.71706329629e-13	9.20235777255e-09	1.15601024979e-13	1.14590819942e-12	1.18118513848e-17	8.68223673903e-08
0.0956	1.72788328511e-13	9.26033418236e-09	1.16086227708e-13	1.15071777679e-12	1.18614287876e-17	8.71863877592e-08
0.0958	1.73874862554e-13	9.31855349947e-09	1.16572446533e-13	1.15553742591e-12	1.19111100169e-17	8.75511679864e-08
0.096	1.74965941237e-13	9.37701623092e-09	1.17059681453e-13	1.16036714677e-12	1.19608950726e-17	8.79167080614e-08
0.0962	1.76061574037e-13	9.43572288376e-09	1.17547932469e-13	1.16520693938e-12	1.20107839548e-17	8.82830079739e-08
0.0964	1.77161770433e-13	9.49467396501e-09	1.1803719958e-13	1.17005680373e-12	1.20607766634e-17	8.86500677136e-08
0.0966	1.78266539904e-13	9.55386998172e-09	1.18527482787e-13	1.17491673982e-12	1.21108731984e-17	8.901788727e-08
0.0968	1.79375891927e-13	9.6133114409e-09	1.19018782088e-13	1.17978674765e-12	1.21610735598e-17	8.93864666328e-08
0.097	1.8048983598e-13	9.67299884958e-09	1.19511097484e-13	1.18466682721e-12	1.22113777477e-17	8.97558057915e-08
0.0972	1.81608381541e-13	9.73293271477e-09	1.20004428976e-13	1.1895569785e-12	1.22617857619e-17	9.01259047358e-08
0.0974	1.82731538089e-13	9.79311354349e-09	1.20498776562e-13	1.19445720153e-12	1.23122976026e-17	9.04967634553e-08
0.0976	1.83859315101e-13	9.85354184274e-09	1.20994140242e-13	1.19936749627e-12	1.23629132697e-17	9.08683819397e-08
0.0978	1.84991722055e-13	9.91421811953e-09	1.21490520017e-13	1.20428786274e-12	1.24136327633e-17	9.12407601785e-08
0.098	1.8612876843e-13	9.97514288085e-09	1.21987915885e-13	1.20921830093e-12	1.24644560832e-17	9.16138981613e-08
0.0982	1.87270463703e-13	1.00363166337e-08	1.22486327848e-13	1.21415881084e-12	1.25153832295e-17	9.19877958778e-08
0.0984	1.88416817351e-13	1.00977398851e-08	1.22985755905e-13	1.21910939246e-12	1.25664142023e-17	9.23624533176e-08
0.0986	1.89567838853e-13	1.01594131419e-08	1.23486200056e-13	1.22407004579e-12	1.26175490014e-17	9.27378704703e-08
0.0988	1.90723537686e-13	1.02213369113e-08	1.239876603e-13	1.22904077084e-12	1.2668787627e-17	9.31140473255e-08
0.099	1.91883923328e-13	1.02835117001e-08	1.24490136638e-13	1.23402156759e-12	1.27201300789e-17	9.34909838729e-08
0.0992	1.93049005256e-13	1.03459380153e-08	1.24993629068e-13	1.23901243604e-12	1.27715763573e-17	9.3868680102e-08
0.0994	1.94218792949e-13	1.04086163639e-08	1.25498137592e-13	1.24401337619e-12	1.2823126462e-17	9.42471360025e-08
0.0996	1.95393295884e-13	1.04715472528e-08	1.2600366221e-13	1.24902438804e-12	1.28747803931e-17	9.46263515639e-08
0.0998	1.96572523538e-13	1.05347311891e-08	1.26510202919e-13	1.25404547159e-12	1.29265381506e-17	9.5006326776e-08
0.1	1.97756485388e-13	1.05981686796e-08	1.27017759722e-13	1.25907662683e-12	1.29783997345e-17	9.53870616283e-08
