0	0.0	0.0	0.0	0.0	0.0	0.0
0.0002	1.05525177386e-21	5.65890076454e-17	3.38722262785e-19	3.35769126509e-18	3.46092014873e-23	2.54943099678e-13
0.0004	8.44200536259e-21	4.52711011397e-16	1.35488898511e-18	1.34307638291e-17	1.38436804863e-22	1.01976776339e-12
0.0006	2.84917383035e-20	1.52789612051e-15	3.04850006794e-18	3.02192158452e-17	3.11482808497e-22	2.29446703822e-12
0.0008	6.75359016491e-20	3.62167129498e-15	5.41955541223e-18	5.37230454665e-17	5.5374721076e-22	4.07903397128e-12
0.001	1.31905919967e-19	7.07356034553e-15	8.46805491893e-18	8.39422508462e-17	8.65230010023e-22	6.37346160978e-12
0.0012	2.27933191342e-19	1.22230839337e-14	1.2193998489e-17	1.20876830137e-16	1.24593120466e-21	9.17774300097e-12
0.0014	3.61949087372e-19	1.94097595717e-14	1.65973860234e-17	1.64526781493e-16	1.69585079303e-21	1.24918711922e-11
0.0016	5.40284953172e-19	2.89731016226e-14	2.16782174231e-17	2.14892103067e-16	2.21498877351e-21	1.63158392308e-11
0.0018	7.69272107373e-19	4.12526213004e-14	2.74364925891e-17	2.71972793011e-16	2.80334514447e-21	2.06496401643e-11
0.002	1.05524184212e-18	5.65878266697e-14	3.38722114223e-17	3.3576884948e-16	3.46091990429e-21	2.54932670401e-11
0.0022	1.40452542308e-18	7.53182226462e-14	4.09853738236e-17	4.06280270626e-16	4.18771305133e-21	3.08467129059e-11
0.0024	1.82345408942e-18	9.77833109964e-14	4.87759796941e-17	4.83507054602e-16	4.98372458396e-21	3.67099708092e-11
0.0026	2.31835905384e-18	1.24322590338e-13	5.72440289346e-17	5.67449199562e-16	5.84895450055e-21	4.30830337978e-11
0.0028	2.89557150256e-18	1.55275556138e-13	6.63895214462e-17	6.58106703658e-16	6.78340279947e-21	4.99658949195e-11
0.003	3.56142259529e-18	1.90981700717e-13	7.62124571298e-17	7.55479565045e-16	7.7870694791e-21	5.73585472221e-11
0.0032	4.32224346528e-18	2.31780513244e-13	8.67128358864e-17	8.59567781874e-16	8.8599545378e-21	6.52609837534e-11
0.0034	5.18436521929e-18	2.78011479742e-13	9.78906576168e-17	9.70371352299e-16	1.0002057974e-20	7.36731975614e-11
0.0036	6.15411893759e-18	3.30014083081e-13	1.09745922222e-16	1.08789027447e-15	1.12133797859e-20	8.25951816942e-11
0.0038	7.23783567398e-18	3.88127802985e-13	1.22278629603e-16	1.21212454655e-15	1.24939199721e-20	9.20269291997e-11
0.004	8.44184645575e-18	4.52692116028e-13	1.35488779661e-16	1.34307416668e-15	1.38436785308e-20	1.01968433126e-10
0.0042	9.77248228375e-18	5.24046495635e-13	1.49376372297e-16	1.48073913302e-15	1.52626554604e-20	1.12419686522e-10
0.0044	1.12360741323e-17	6.02530412082e-13	1.63941407412e-16	1.62511944373e-15	1.67508507593e-20	1.23380682435e-10
0.0046	1.28389529493e-17	6.88483332498e-13	1.79183884906e-16	1.77621509695e-15	1.83082644259e-20	1.34851413914e-10
0.0048	1.4587449656e-17	7.82244720859e-13	1.9510380468e-16	1.93402609083e-15	1.99348964585e-20	1.46831874007e-10
0.005	1.64878951475e-17	8.84154037996e-13	2.11701166637e-16	2.09855242354e-15	2.16307468556e-20	1.59322055763e-10
0.0052	1.8546620292e-17	9.94550741589e-13	2.28975970676e-16	2.26979409322e-15	2.33958156154e-20	1.7232195223e-10
0.0054	2.07699559315e-17	1.11377428617e-12	2.46928216698e-16	2.44775109803e-15	2.52301027363e-20	1.85831556456e-10
0.0056	2.31642328815e-17	1.24216412312e-12	2.65557904605e-16	2.63242343612e-15	2.71336082168e-20	1.99850861491e-10
0.0058	2.57357819309e-17	1.38005970068e-12	2.84865034297e-16	2.82381110564e-15	2.91063320552e-20	2.14379860383e-10
0.006	2.84909338422e-17	1.52780046393e-12	3.04849605676e-16	3.02191410476e-15	3.11482742498e-20	2.29418546181e-10
0.0062	3.14360193514e-17	1.6857258548e-12	3.25511618642e-16	3.22673243161e-15	3.32594347991e-20	2.44966911934e-10
0.0064	3.4577369168e-17	1.85417531209e-12	3.46851073096e-16	3.43826608435e-15	3.54398137013e-20	2.6102495069e-10
0.0066	3.7921313975e-17	2.03348827143e-12	3.6886796894e-16	3.65651506114e-15	3.76894109549e-20	2.77592655499e-10
0.0068	4.14741844289e-17	2.22400416532e-12	3.91562306074e-16	3.88147936013e-15	4.00082265583e-20	2.9467001941e-10
0.007	4.52423111599e-17	2.42606242309e-12	4.14934084398e-16	4.11315897948e-15	4.23962605098e-20	3.12257035471e-10
0.0072	4.92320247715e-17	2.64000247094e-12	4.38983303816e-16	4.35155391733e-15	4.48535128077e-20	3.30353696732e-10
0.0074	5.34496558409e-17	2.86616373191e-12	4.63709964226e-16	4.59666417183e-15	4.73799834506e-20	3.48959996242e-10
0.0076	5.79015349185e-17	3.1048856259e-12	4.8911406553e-16	4.84848974116e-15	4.99756724366e-20	3.68075927051e-10
0.0078	6.25939925286e-17	3.35650756966e-12	5.15195607629e-16	5.10703062344e-15	5.26405797642e-20	3.87701482207e-10
0.008	6.75333591688e-17	3.62136897678e-12	5.41954590424e-16	5.37228681685e-15	5.53747054318e-20	4.0783665476e-10
0.0082	7.27259653104e-17	3.89980925771e-12	5.69391013817e-16	5.64425831952e-15	5.81780494377e-20	4.2848143776e-10
0.0084	7.81781413978e-17	4.19216781976e-12	5.97504877707e-16	5.92294512963e-15	6.10506117804e-20	4.49635824256e-10
0.0086	8.38962178495e-17	4.49878406708e-12	6.26296181995e-16	6.2083472453e-15	6.39923924581e-20	4.71299807298e-10
0.0088	8.9886525057e-17	4.81999740066e-12	6.55764926584e-16	6.50046466472e-15	6.70033914692e-20	4.93473379935e-10
0.009	9.61553933857e-17	5.15614721838e-12	6.85911111374e-16	6.79929738601e-15	7.00836088122e-20	5.16156535217e-10
0.0092	1.02709153174e-16	5.50757291492e-12	7.16734736265e-16	7.10484540734e-15	7.32330444853e-20	5.39349266194e-10
0.0094	1.09554134735e-16	5.87461388186e-12	7.48235801159e-16	7.41710872687e-15	7.6451698487e-20	5.63051565916e-10
0.0096	1.16696668354e-16	6.25760950761e-12	7.80414305956e-16	7.73608734273e-15	7.97395708157e-20	5.87263427433e-10
0.0098	1.2414308429e-16	6.65689917741e-12	8.13270250558e-16	8.0617812531e-15	8.30966614696e-20	6.11984843794e-10
0.01	1.31899712776e-16	7.0728222734e-12	8.46803634866e-16	8.39419045611e-15	8.65229704472e-20	6.3721580805e-10
0.0102	1.39972884019e-16	7.50571817452e-12	8.8101445878e-16	8.73331494993e-15	9.00184977468e-20	6.6295631325e-10
0.0104	1.48368928198e-16	7.95592625661e-12	9.15902722202e-16	9.0791547327e-15	9.35832433668e-20	6.89206352446e-10
0.0106	1.57094175466e-16	8.42378589232e-12	9.51468425032e-16	9.43170980259e-15	9.72172073057e-20	7.15965918686e-10
0.0108	1.66154955952e-16	8.90963645118e-12	9.87711567171e-16	9.79098015773e-15	1.00920389562e-19	7.43235005023e-10
0.011	1.75557599754e-16	9.41381729955e-12	1.02463214852e-15	1.01569657963e-14	1.04692790133e-19	7.71013604505e-10
0.0112	1.85308436948e-16	9.93666780067e-12	1.06223016898e-15	1.05296667164e-14	1.08534409018e-19	7.99301710183e-10
0.0114	1.9541379758e-16	1.04785273146e-11	1.10050562846e-15	1.09090829163e-14	1.12445246216e-19	8.28099315108e-10
0.0116	2.05880011671e-16	1.10397351983e-11	1.13945852684e-15	1.1295214394e-14	1.16425301724e-19	8.5740641233e-10
0.0118	2.16713409217e-16	1.16206308055e-11	1.17908886404e-15	1.16880611478e-14	1.20474575542e-19	8.872229949e-10
0.012	2.27920320184e-16	1.22215534868e-11	1.21939663996e-15	1.20876231757e-14	1.24593067666e-19	9.17549055868e-10
0.0122	2.39507074515e-16	1.28428425898e-11	1.26038185449e-15	1.2493900476e-14	1.28780778097e-19	9.48384588286e-10
0.0124	2.51480002125e-16	1.34848374587e-11	1.30204450754e-15	1.29068930467e-14	1.33037706831e-19	9.79729585204e-10
0.0126	2.63845432901e-16	1.41478774348e-11	1.34438459901e-15	1.33266008861e-14	1.37363853868e-19	1.01158403967e-09
0.0128	2.76609696707e-16	1.48323018561e-11	1.38740212879e-15	1.37530239923e-14	1.41759219206e-19	1.04394794474e-09
0.013	2.89779123378e-16	1.55384500574e-11	1.4310970968e-15	1.41861623635e-14	1.46223802843e-19	1.07682129347e-09
0.0132	3.03360042723e-16	1.62666613706e-11	1.47546950293e-15	1.46260159977e-14	1.50757604778e-19	1.11020407889e-09
0.0134	3.17358784525e-16	1.70172751242e-11	1.52051934707e-15	1.50725848932e-14	1.55360625008e-19	1.14409629408e-09
0.0136	3.3178167854e-16	1.77906306436e-11	1.56624662915e-15	1.55258690481e-14	1.60032863533e-19	1.17849793207e-09
0.0138	3.46635054497e-16	1.85870672512e-11	1.61265134904e-15	1.59858684606e-14	1.64774320351e-19	1.21340898591e-09
0.014	3.619252421e-16	1.94069242661e-11	1.65973350666e-15	1.64525831288e-14	1.6958499546e-19	1.24882944867e-09
0.0142	3.77658571026e-16	2.02505410042e-11	1.70749310191e-15	1.69260130508e-14	1.74464888858e-19	1.28475931338e-09
0.0144	3.93841370924e-16	2.11182567786e-11	1.75593013468e-15	1.74061582249e-14	1.79414000544e-19	1.32119857311e-09
0.0146	4.10479971419e-16	2.20104108988e-11	1.80504460488e-15	1.78930186491e-14	1.84432330516e-19	1.3581472209e-09
0.0148	4.27580702108e-16	2.29273426714e-11	1.85483651241e-15	1.83865943217e-14	1.89519878773e-19	1.3956052498e-09
0.015	4.45149892561e-16	2.38693913998e-11	1.90530585717e-15	1.88868852407e-14	1.94676645312e-19	1.43357265287e-09
0.0152	4.63193872324e-16	2.48368963843e-11	1.95645263906e-15	1.93938914044e-14	1.99902630133e-19	1.47204942316e-09
0.0154	4.81718970913e-16	2.5830196922e-11	2.00827685798e-15	1.99076128109e-14	2.05197833234e-19	1.51103555372e-09
0.0156	5.00731517821e-16	2.68496323068e-11	2.06077851383e-15	2.04280494583e-14	2.10562254612e-19	1.5505310376e-09
0.0158	5.20237842512e-16	2.78955418296e-11	2.11395760651e-15	2.09552013448e-14	2.15995894268e-19	1.59053586785e-09
0.016	5.40244274425e-16	2.89682647781e-11	2.16781413594e-15	2.14890684685e-14	2.21498752197e-19	1.63105003753e-09
0.0162	5.60757142971e-16	3.00681404367e-11	2.22234810199e-15	2.20296508277e-14	2.270708284e-19	1.67207353968e-09
0.0164	5.81782777536e-16	3.11955080869e-11	2.27755950458e-15	2.25769484203e-14	2.32712122875e-19	1.71360636737e-09
0.0166	6.03327507479e-16	3.23507070068e-11	2.33344834361e-15	2.31309612447e-14	2.38422635619e-19	1.75564851363e-09
0.0168	6.25397662133e-16	3.35340764716e-11	2.39001461898e-15	2.3691689299e-14	2.44202366632e-19	1.79819997153e-09
0.017	6.47999570803e-16	3.47459557531e-11	2.44725833058e-15	2.42591325812e-14	2.50051315911e-19	1.84126073412e-09
0.0172	6.7113956277e-16	3.59866841202e-11	2.50517947833e-15	2.48332910897e-14	2.55969483456e-19	1.88483079444e-09
0.0174	6.94823967285e-16	3.72566008385e-11	2.56377806212e-15	2.54141648224e-14	2.61956869263e-19	1.92891014555e-09
0.0176	7.19059113576e-16	3.85560451704e-11	2.62305408185e-15	2.60017537776e-14	2.68013473333e-19	1.97349878051e-09
0.0178	7.43851330843e-16	3.98853563754e-11	2.68300753742e-15	2.65960579535e-14	2.74139295662e-19	2.01859669236e-09
0.018	7.6920694826e-16	4.12448737096e-11	2.74363842874e-15	2.71970773481e-14	2.8033433625e-19	2.06420387416e-09
0.0182	7.95132294973e-16	4.2634936426e-11	2.8049467557e-15	2.78048119596e-14	2.86598595095e-19	2.11032031897e-09
0.0184	8.21633700104e-16	4.40558837745e-11	2.8669325182e-15	2.84192617862e-14	2.92932072195e-19	2.15694601982e-09
0.0186	8.48717492746e-16	4.55080550019e-11	2.92959571616e-15	2.90404268261e-14	2.99334767549e-19	2.20408096978e-09
0.0188	8.76390001967e-16	4.69917893518e-11	2.99293634946e-15	2.96683070774e-14	3.05806681154e-19	2.2517251619e-09
0.019	9.04657556809e-16	4.85074260647e-11	3.05695441801e-15	3.03029025381e-14	3.1234781301e-19	2.29987858923e-09
0.0192	9.33526486286e-16	5.00553043778e-11	3.12164992171e-15	3.09442132066e-14	3.18958163115e-19	2.34854124483e-09
0.0194	9.63003119386e-16	5.16357635253e-11	3.18702286046e-15	3.1592239081e-14	3.25637731467e-19	2.39771312174e-09
0.0196	9.93093785072e-16	5.32491427382e-11	3.25307323416e-15	3.22469801593e-14	3.32386518064e-19	2.44739421303e-09
0.0198	1.02380481228e-15	5.48957812444e-11	3.31980104272e-15	3.29084364398e-14	3.39204522905e-19	2.49758451174e-09
0.02	1.05514252991e-15	5.65760182686e-11	3.38720628603e-15	3.35766079206e-14	3.46091745988e-19	2.54828401092e-09
0.0202	1.08711326686e-15	5.82901930323e-11	3.45528896399e-15	3.42514945999e-14	3.53048187312e-19	2.59949270364e-09
0.0204	1.11972335198e-15	6.0038644754e-11	3.52404907651e-15	3.49330964758e-14	3.60073846875e-19	2.65121058294e-09
0.0206	1.15297911409e-15	6.1821712649e-11	3.59348662348e-15	3.56214135464e-14	3.67168724675e-19	2.70343764188e-09
0.0208	1.186886882e-15	6.36397359293e-11	3.66360160481e-15	3.631644581e-14	3.7433282071e-19	2.75617387351e-09
0.021	1.22145298449e-15	6.5493053804e-11	3.7343940204e-15	3.70181932646e-14	3.8156613498e-19	2.80941927088e-09
0.0212	1.25668375031e-15	6.73820054788e-11	3.80586387015e-15	3.77266559085e-14	3.88868667482e-19	2.86317382705e-09
0.0214	1.29258550818e-15	6.93069301566e-11	3.87801115396e-15	3.84418337398e-14	3.96240418215e-19	2.91743753507e-09
0.0216	1.32916458679e-15	7.12681670367e-11	3.95083587173e-15	3.91637267565e-14	4.03681387177e-19	2.972210388e-09
0.0218	1.36642731482e-15	7.32660553156e-11	4.02433802337e-15	3.9892334957e-14	4.11191574367e-19	3.02749237888e-09
0.022	1.40438002091e-15	7.53009341866e-11	4.09851760876e-15	4.06276583393e-14	4.18770979782e-19	3.08328350078e-09
0.0222	1.44302903368e-15	7.73731428397e-11	4.17337462782e-15	4.13696969016e-14	4.26419603422e-19	3.13958374675e-09
0.0224	1.48238068173e-15	7.94830204618e-11	4.24890908045e-15	4.21184506421e-14	4.34137445284e-19	3.19639310983e-09
0.0226	1.5224412936e-15	8.16309062368e-11	4.32512096654e-15	4.28739195588e-14	4.41924505368e-19	3.25371158309e-09
0.0228	1.56321719786e-15	8.38171393453e-11	4.402010286e-15	4.363610365e-14	4.4978078367e-19	3.31153915958e-09
0.023	1.60471472299e-15	8.60420589649e-11	4.47957703872e-15	4.44050029139e-14	4.57706280191e-19	3.36987583235e-09
0.0232	1.6469401975e-15	8.83060042698e-11	4.55782122462e-15	4.51806173484e-14	4.65700994927e-19	3.42872159446e-09
0.0234	1.68989994983e-15	9.06093144313e-11	4.63674284358e-15	4.59629469519e-14	4.73764927878e-19	3.48807643896e-09
0.0236	1.73360030843e-15	9.29523286175e-11	4.71634189552e-15	4.67519917225e-14	4.81898079042e-19	3.5479403589e-09
0.0238	1.77804760169e-15	9.53353859932e-11	4.79661838033e-15	4.75477516582e-14	4.90100448417e-19	3.60831334735e-09
0.024	1.823248158e-15	9.77588257203e-11	4.87757229791e-15	4.83502267574e-14	4.98372036002e-19	3.66919539735e-09
0.0242	1.86920830571e-15	1.00222986957e-10	4.95920364816e-15	4.9159417018e-14	5.06712841795e-19	3.73058650196e-09
0.0244	1.91593437314e-15	1.0272820886e-10	5.04151243099e-15	4.99753224384e-14	5.15122865794e-19	3.79248665423e-09
0.0246	1.9634326886e-15	1.0527483058e-10	5.12449864629e-15	5.07979430166e-14	5.23602107998e-19	3.85489584722e-09
0.0248	2.01170958036e-15	1.07863191267e-10	5.20816229397e-15	5.16272787507e-14	5.32150568404e-19	3.91781407398e-09
0.025	2.06077137666e-15	1.10493630067e-10	5.29250337393e-15	5.2463329639e-14	5.40768247013e-19	3.98124132757e-09
0.0252	2.11062440573e-15	1.13166486123e-10	5.37752188607e-15	5.33060956796e-14	5.49455143821e-19	4.04517760105e-09
0.0254	2.16127499576e-15	1.15882098575e-10	5.46321783028e-15	5.41555768706e-14	5.58211258827e-19	4.10962288746e-09
0.0256	2.21272947491e-15	1.18640806559e-10	5.54959120648e-15	5.50117732103e-14	5.6703659203e-19	4.17457717986e-09
0.0258	2.26499417134e-15	1.21442949208e-10	5.63664201456e-15	5.58746846966e-14	5.75931143428e-19	4.24004047131e-09
0.026	2.31807541315e-15	1.24288865653e-10	5.72437025442e-15	5.67443113279e-14	5.84894913019e-19	4.30601275487e-09
0.0262	2.37197952843e-15	1.27178895022e-10	5.81277592596e-15	5.76206531023e-14	5.93927900801e-19	4.37249402358e-09
0.0264	2.42671284524e-15	1.30113376437e-10	5.90185902909e-15	5.85037100178e-14	6.03030106774e-19	4.4394842705e-09
0.0266	2.48228169162e-15	1.33092649021e-10	5.9916195637e-15	5.93934820727e-14	6.12201530935e-19	4.50698348869e-09
0.0268	2.53869239557e-15	1.3611705189e-10	6.0820575297e-15	6.02899692652e-14	6.21442173283e-19	4.57499167121e-09
0.027	2.59595128509e-15	1.39186924159e-10	6.17317292698e-15	6.11931715933e-14	6.30752033816e-19	4.6435088111e-09
0.0272	2.65406468812e-15	1.4230260494e-10	6.26496575546e-15	6.21030890552e-14	6.40131112533e-19	4.71253490143e-09
0.0274	2.71303893259e-15	1.45464433341e-10	6.35743601502e-15	6.30197216491e-14	6.49579409432e-19	4.78206993525e-09
0.0276	2.77288034641e-15	1.48672748467e-10	6.45058370557e-15	6.39430693731e-14	6.5909692451e-19	4.85211390562e-09
0.0278	2.83359525745e-15	1.51927889419e-10	6.54440882702e-15	6.48731322255e-14	6.68683657768e-19	4.92266680558e-09
0.028	2.89518999357e-15	1.55230195298e-10	6.63891137925e-15	6.58099102042e-14	6.78339609202e-19	4.9937286282e-09
0.0282	2.95767088258e-15	1.58580005198e-10	6.73409136218e-15	6.67534033075e-14	6.88064778812e-19	5.06529936654e-09
0.0284	3.02104425228e-15	1.61977658213e-10	6.8299487757e-15	6.77036115336e-14	6.97859166595e-19	5.13737901364e-09
0.0286	3.08531643044e-15	1.6542349343e-10	6.92648361972e-15	6.86605348806e-14	7.07722772551e-19	5.20996756257e-09
0.0288	3.15049374481e-15	1.68917849938e-10	7.02369589413e-15	6.96241733466e-14	7.17655596677e-19	5.28306500638e-09
0.029	3.21658252311e-15	1.72461066818e-10	7.12158559884e-15	7.05945269298e-14	7.27657638972e-19	5.35667133813e-09
0.0292	3.28358909302e-15	1.7605348315e-10	7.22015273375e-15	7.15715956284e-14	7.37728899434e-19	5.43078655087e-09
0.0294	3.35151978221e-15	1.79695438013e-10	7.31939729875e-15	7.25553794405e-14	7.47869378062e-19	5.50541063765e-09
0.0296	3.42038091832e-15	1.83387270478e-10	7.41931929376e-15	7.35458783643e-14	7.58079074854e-19	5.58054359154e-09
0.0298	3.49017882896e-15	1.87129319618e-10	7.51991871866e-15	7.45430923978e-14	7.68357989808e-19	5.6561854056e-09
0.03	3.56091984171e-15	1.90921924498e-10	7.62119557337e-15	7.55470215394e-14	7.78706122923e-19	5.73233607287e-09
0.0302	3.63261028413e-15	1.94765424183e-10	7.72314985778e-15	7.6557665787e-14	7.89123474197e-19	5.80899558641e-09
0.0304	3.70525648376e-15	1.98660157735e-10	7.82578157179e-15	7.75750251389e-14	7.99610043628e-19	5.88616393929e-09
0.0306	3.7788647681e-15	2.02606464211e-10	7.92909071531e-15	7.85990995933e-14	8.10165831215e-19	5.96384112455e-09
0.0308	3.85344146463e-15	2.06604682666e-10	8.03307728823e-15	7.96298891482e-14	8.20790836957e-19	6.04202713526e-09
0.031	3.9289929008e-15	2.10655152152e-10	8.13774129046e-15	8.06673938019e-14	8.31485060851e-19	6.12072196446e-09
0.0312	4.00552540403e-15	2.14758211717e-10	8.2430827219e-15	8.17116135525e-14	8.42248502895e-19	6.19992560523e-09
0.0314	4.08304530174e-15	2.18914200407e-10	8.34910158245e-15	8.27625483981e-14	8.5308116309e-19	6.27963805061e-09
0.0316	4.16155892129e-15	2.23123457263e-10	8.455797872e-15	8.38201983368e-14	8.63983041431e-19	6.35985929365e-09
0.0318	4.24107259003e-15	2.27386321324e-10	8.56317159046e-15	8.4884563367e-14	8.74954137919e-19	6.44058932743e-09
0.032	4.32159263527e-15	2.31703131628e-10	8.67122273774e-15	8.59556434866e-14	8.85994452551e-19	6.52182814499e-09
0.0322	4.40312538432e-15	2.36074227206e-10	8.77995131372e-15	8.70334386939e-14	8.97103985326e-19	6.60357573939e-09
0.0324	4.48567716443e-15	2.40499947087e-10	8.88935731832e-15	8.8117948987e-14	9.08282736243e-19	6.6858321037e-09
0.0326	4.56925430286e-15	2.449806303e-10	8.99944075144e-15	8.9209174364e-14	9.19530705298e-19	6.76859723095e-09
0.0328	4.65386312681e-15	2.49516615865e-10	9.11020161297e-15	9.03071148232e-14	9.30847892492e-19	6.85187111422e-09
0.033	4.73950996347e-15	2.54108242805e-10	9.22163990281e-15	9.14117703626e-14	9.42234297822e-19	6.93565374657e-09
0.0332	4.82620114001e-15	2.58755850136e-10	9.33375562087e-15	9.25231409805e-14	9.53689921286e-19	7.01994512104e-09
0.0334	4.91394298356e-15	2.63459776871e-10	9.44654876705e-15	9.36412266749e-14	9.65214762884e-19	7.10474523069e-09
0.0336	5.00274182123e-15	2.68220362022e-10	9.56001934125e-15	9.4766027444e-14	9.76808822613e-19	7.19005406859e-09
0.0338	5.09260398009e-15	2.73037944597e-10	9.67416734337e-15	9.58975432861e-14	9.88472100471e-19	7.27587162779e-09
0.034	5.18353578721e-15	2.77912863598e-10	9.78899277331e-15	9.70357741991e-14	1.00020459646e-18	7.36219790134e-09
0.0342	5.27554356962e-15	2.82845458029e-10	9.90449563097e-15	9.81807201814e-14	1.01200631057e-18	7.44903288231e-09
0.0344	5.36863365431e-15	2.87836066886e-10	1.00206759163e-14	9.93323812309e-14	1.02387724281e-18	7.53637656376e-09
0.0346	5.46281236826e-15	2.92885029166e-10	1.01375336291e-14	1.00490757346e-13	1.03581739317e-18	7.62422893874e-09
0.0348	5.55808603843e-15	2.97992683859e-10	1.02550687693e-14	1.01655848525e-13	1.04782676165e-18	7.7125900003e-09
0.035	5.65446099173e-15	3.03159369954e-10	1.03732813368e-14	1.02827654765e-13	1.05990534826e-18	7.80145974151e-09
0.0352	5.75194355507e-15	3.08385426438e-10	1.04921713316e-14	1.04006176066e-13	1.07205315298e-18	7.89083815543e-09
0.0354	5.85054005531e-15	3.13671192292e-10	1.06117387535e-14	1.05191412424e-13	1.08427017582e-18	7.98072523511e-09
0.0356	5.95025681929e-15	3.19017006496e-10	1.07319836025e-14	1.06383363839e-13	1.09655641677e-18	8.07112097362e-09
0.0358	6.05110017384e-15	3.24423208026e-10	1.08529058783e-14	1.07582030308e-13	1.10891187583e-18	8.162025364e-09
0.036	6.15307644575e-15	3.29890135855e-10	1.0974505581e-14	1.0878741183e-13	1.12133655301e-18	8.25343839932e-09
0.0362	6.25619196177e-15	3.35418128952e-10	1.10967827105e-14	1.09999508403e-13	1.1338304483e-18	8.34536007263e-09
0.0364	6.36045304866e-15	3.41007526285e-10	1.12197372665e-14	1.11218320024e-13	1.1463935617e-18	8.437790377e-09
0.0366	6.46586603311e-15	3.46658666816e-10	1.13433692491e-14	1.12443846692e-13	1.1590258932e-18	8.53072930549e-09
0.0368	6.57243724181e-15	3.52371889507e-10	1.14676786582e-14	1.13676088406e-13	1.17172744281e-18	8.62417685114e-09
0.037	6.68017300142e-15	3.58147533314e-10	1.15926654935e-14	1.14915045163e-13	1.18449821052e-18	8.71813300702e-09
0.0372	6.78907963858e-15	3.63985937192e-10	1.17183297551e-14	1.16160716961e-13	1.19733819634e-18	8.8125977662e-09
0.0374	6.89916347989e-15	3.69887440092e-10	1.18446714429e-14	1.17413103799e-13	1.21024740026e-18	8.90757112172e-09
0.0376	7.01043085193e-15	3.75852380961e-10	1.19716905566e-14	1.18672205675e-13	1.22322582227e-18	9.00305306664e-09
0.0378	7.12288808125e-15	3.81881098743e-10	1.20993870964e-14	1.19938022587e-13	1.23627346238e-18	9.09904359403e-09
0.038	7.23654149437e-15	3.87973932382e-10	1.22277610619e-14	1.21210554533e-13	1.24939032059e-18	9.19554269695e-09
0.0382	7.35139741781e-15	3.94131220814e-10	1.23568124532e-14	1.22489801511e-13	1.26257639689e-18	9.29255036844e-09
0.0384	7.46746217802e-15	4.00353302975e-10	1.24865412701e-14	1.23775763519e-13	1.27583169128e-18	9.39006660158e-09
0.0386	7.58474210146e-15	4.06640517798e-10	1.26169475126e-14	1.25068440556e-13	1.28915620376e-18	9.48809138942e-09
0.0388	7.70324351455e-15	4.1299320421e-10	1.27480311805e-14	1.2636783262e-13	1.30254993434e-18	9.58662472502e-09
0.039	7.82297274367e-15	4.19411701139e-10	1.28797922738e-14	1.27673939709e-13	1.316012883e-18	9.68566660144e-09
0.0392	7.94393611521e-15	4.25896347506e-10	1.30122307923e-14	1.28986761821e-13	1.32954504974e-18	9.78521701173e-09
0.0394	8.06613995549e-15	4.32447482231e-10	1.3145346736e-14	1.30306298953e-13	1.34314643457e-18	9.88527594897e-09
0.0396	8.18959059084e-15	4.39065444231e-10	1.32791401047e-14	1.31632551105e-13	1.35681703749e-18	9.9858434062e-09
0.0398	8.31429434754e-15	4.45750572418e-10	1.34136108983e-14	1.32965518275e-13	1.37055685848e-18	1.00869193765e-08
0.04	8.44025755185e-15	4.52503205702e-10	1.35487591169e-14	1.3430520046e-13	1.38436589755e-18	1.01885038529e-08
0.0402	8.56748653001e-15	4.59323682992e-10	1.36845847601e-14	1.35651597659e-13	1.3982441547e-18	1.02905968285e-08
0.0404	8.69598760823e-15	4.66212343189e-10	1.3821087828e-14	1.3700470987e-13	1.41219162993e-18	1.03931982963e-08
0.0406	8.82576711268e-15	4.73169525196e-10	1.39582683205e-14	1.38364537091e-13	1.42620832323e-18	1.04963082494e-08
0.0408	8.95683136952e-15	4.80195567908e-10	1.40961262374e-14	1.39731079321e-13	1.4402942346e-18	1.05999266809e-08
0.041	9.08918670489e-15	4.87290810222e-10	1.42346615787e-14	1.41104336556e-13	1.45444936404e-18	1.07040535837e-08
0.0412	9.22283944488e-15	4.94455591027e-10	1.43738743442e-14	1.42484308797e-13	1.46867371156e-18	1.08086889511e-08
0.0414	9.35779591558e-15	5.01690249213e-10	1.45137645339e-14	1.43870996039e-13	1.48296727714e-18	1.0913832776e-08
0.0416	9.49406244302e-15	5.08995123663e-10	1.46543321476e-14	1.45264398283e-13	1.49733006079e-18	1.10194850515e-08
0.0418	9.63164535324e-15	5.1637055326e-10	1.47955771853e-14	1.46664515526e-13	1.5117620625e-18	1.11256457706e-08
0.042	9.77055097223e-15	5.23816876882e-10	1.49374996468e-14	1.48071347766e-13	1.52626328227e-18	1.12323149264e-08
0.0422	9.91078562596e-15	5.31334433405e-10	1.50800995322e-14	1.49484895001e-13	1.54083372011e-18	1.13394925121e-08
0.0424	1.00523556404e-14	5.389235617e-10	1.52233768411e-14	1.5090515723e-13	1.55547337601e-18	1.14471785205e-08
0.0426	1.01952673414e-14	5.46584600638e-10	1.53673315737e-14	1.5233213445e-13	1.57018224996e-18	1.15553729449e-08
0.0428	1.03395270549e-14	5.54317889084e-10	1.55119637297e-14	1.5376582666e-13	1.58496034197e-18	1.16640757782e-08
0.043	1.04851411068e-14	5.621237659e-10	1.5657273309e-14	1.55206233858e-13	1.59980765204e-18	1.17732870135e-08
0.0432	1.06321158228e-14	5.70002569948e-10	1.58032603117e-14	1.56653356043e-13	1.61472418015e-18	1.18830066439e-08
0.0434	1.07804575289e-14	5.77954640083e-10	1.59499247375e-14	1.58107193211e-13	1.62970992632e-18	1.19932346625e-08
0.0436	1.09301725508e-14	5.85980315158e-10	1.60972665863e-14	1.59567745362e-13	1.64476489054e-18	1.21039710622e-08
0.0438	1.10812672142e-14	5.94079934025e-10	1.62452858581e-14	1.61035012493e-13	1.65988907281e-18	1.22152158362e-08
0.044	1.12337478449e-14	6.02253835529e-10	1.63939825528e-14	1.62508994603e-13	1.67508247313e-18	1.23269689775e-08
0.0442	1.13876207685e-14	6.10502358516e-10	1.65433566703e-14	1.6398969169e-13	1.69034509149e-18	1.24392304792e-08
0.0444	1.15428923109e-14	6.18825841826e-10	1.66934082104e-14	1.65477103751e-13	1.70567692789e-18	1.25520003343e-08
0.0446	1.16995687975e-14	6.27224624297e-10	1.68441371732e-14	1.66971230786e-13	1.72107798233e-18	1.2665278536e-08
0.0448	1.18576565541e-14	6.35699044763e-10	1.69955435583e-14	1.68472072793e-13	1.73654825482e-18	1.27790650772e-08
0.045	1.20171619063e-14	6.44249442055e-10	1.71476273659e-14	1.69979629768e-13	1.75208774534e-18	1.2893359951e-08
0.0452	1.21780911796e-14	6.52876155003e-10	1.73003885957e-14	1.71493901712e-13	1.7676964539e-18	1.30081631505e-08
0.0454	1.23404506995e-14	6.61579522431e-10	1.74538272477e-14	1.73014888621e-13	1.7833743805e-18	1.31234746688e-08
0.0456	1.25042467916e-14	6.7035988316e-10	1.76079433218e-14	1.74542590494e-13	1.79912152513e-18	1.32392944989e-08
0.0458	1.26694857814e-14	6.79217576011e-10	1.77627368179e-14	1.76077007329e-13	1.81493788779e-18	1.33556226338e-08
0.046	1.28361739944e-14	6.88152939798e-10	1.79182077358e-14	1.77618139124e-13	1.83082346848e-18	1.34724590667e-08
0.0462	1.30043177559e-14	6.97166313335e-10	1.80743560755e-14	1.79165985878e-13	1.8467782672e-18	1.35898037905e-08
0.0464	1.31739233914e-14	7.0625803543e-10	1.82311818369e-14	1.80720547588e-13	1.86280228395e-18	1.37076567984e-08
0.0466	1.33449972263e-14	7.1542844489e-10	1.83886850199e-14	1.82281824253e-13	1.87889551872e-18	1.38260180835e-08
0.0468	1.3517545586e-14	7.24677880518e-10	1.85468656244e-14	1.83849815871e-13	1.89505797152e-18	1.39448876387e-08
0.047	1.36915747958e-14	7.34006681114e-10	1.87057236502e-14	1.8542452244e-13	1.91128964234e-18	1.40642654571e-08
0.0472	1.38670911809e-14	7.43415185474e-10	1.88652590973e-14	1.87005943957e-13	1.92759053118e-18	1.41841515319e-08
0.0474	1.40441010667e-14	7.52903732393e-10	1.90254719656e-14	1.88594080423e-13	1.94396063803e-18	1.4304545856e-08
0.0476	1.42226107785e-14	7.62472660661e-10	1.9186362255e-14	1.90188931833e-13	1.96039996291e-18	1.44254484225e-08
0.0478	1.44026266414e-14	7.72122309065e-10	1.93479299654e-14	1.91790498187e-13	1.9769085058e-18	1.45468592245e-08
0.048	1.45841549807e-14	7.8185301639e-10	1.95101750967e-14	1.93398779483e-13	1.99348626671e-18	1.46687782551e-08
0.0482	1.47672021215e-14	7.91665121417e-10	1.96730976488e-14	1.95013775719e-13	2.01013324562e-18	1.47912055073e-08
0.0484	1.4951774389e-14	8.01558962923e-10	1.98366976215e-14	1.96635486893e-13	2.02684944255e-18	1.49141409741e-08
0.0486	1.51378781083e-14	8.11534879683e-10	2.00009750149e-14	1.98263913003e-13	2.04363485749e-18	1.50375846487e-08
0.0488	1.53255196046e-14	8.2159321047e-10	2.01659298287e-14	1.99899054048e-13	2.06048949043e-18	1.51615365241e-08
0.049	1.55147052028e-14	8.31734294051e-10	2.03315620629e-14	2.01540910025e-13	2.07741334139e-18	1.52859965933e-08
0.0492	1.5705441228e-14	8.41958469192e-10	2.04978717174e-14	2.03189480933e-13	2.09440641034e-18	1.54109648495e-08
0.0494	1.58977340053e-14	8.52266074656e-10	2.06648587922e-14	2.04844766769e-13	2.1114686973e-18	1.55364412856e-08
0.0496	1.60915898596e-14	8.626574492e-10	2.0832523287e-14	2.06506767533e-13	2.12860020226e-18	1.56624258948e-08
0.0498	1.62870151159e-14	8.73132931582e-10	2.10008652018e-14	2.08175483222e-13	2.14580092522e-18	1.57889186701e-08
0.05	1.64840160991e-14	8.83692860554e-10	2.11698845365e-14	2.09850913834e-13	2.16307086617e-18	1.59159196046e-08
0.0502	1.66825991342e-14	8.94337574866e-10	2.1339581291e-14	2.11533059367e-13	2.18041002512e-18	1.60434286913e-08
0.0504	1.6882770546e-14	9.05067413264e-10	2.15099554652e-14	2.1322191982e-13	2.19781840207e-18	1.61714459233e-08
0.0506	1.70845366594e-14	9.15882714491e-10	2.1681007059e-14	2.14917495191e-13	2.21529599701e-18	1.62999712937e-08
0.0508	1.72879037992e-14	9.26783817288e-10	2.18527360723e-14	2.16619785477e-13	2.23284280994e-18	1.64290047955e-08
0.051	1.74928782902e-14	9.37771060392e-10	2.2025142505e-14	2.18328790678e-13	2.25045884086e-18	1.65585464217e-08
0.0512	1.76994664573e-14	9.48844782537e-10	2.2198226357e-14	2.20044510791e-13	2.26814408977e-18	1.66885961656e-08
0.0514	1.79076746251e-14	9.60005322453e-10	2.23719876282e-14	2.21766945814e-13	2.28589855666e-18	1.681915402e-08
0.0516	1.81175091183e-14	9.71253018868e-10	2.25464263185e-14	2.23496095746e-13	2.30372224154e-18	1.69502199781e-08
0.0518	1.83289762618e-14	9.82588210507e-10	2.27215424279e-14	2.25231960585e-13	2.32161514441e-18	1.7081794033e-08
0.052	1.85420823801e-14	9.94011236091e-10	2.28973359561e-14	2.26974540328e-13	2.33957726525e-18	1.72138761776e-08
0.0522	1.8756833798e-14	1.00552243434e-09	2.30738069032e-14	2.28723834974e-13	2.35760860407e-18	1.73464664052e-08
0.0524	1.89732368399e-14	1.01712214396e-09	2.32509552689e-14	2.30479844521e-13	2.37570916087e-18	1.74795647086e-08
0.0526	1.91912978306e-14	1.02881070368e-09	2.34287810533e-14	2.32242568968e-13	2.39387893565e-18	1.7613171081e-08
0.0528	1.94110230946e-14	1.04058845219e-09	2.36072842561e-14	2.34012008312e-13	2.41211792841e-18	1.77472855155e-08
0.053	1.96324189563e-14	1.05245572821e-09	2.37864648774e-14	2.35788162552e-13	2.43042613913e-18	1.78819080052e-08
0.0532	1.98554917405e-14	1.06441287044e-09	2.3966322917e-14	2.37571031685e-13	2.44880356783e-18	1.8017038543e-08
0.0534	2.00802477714e-14	1.07646021757e-09	2.41468583748e-14	2.39360615711e-13	2.4672502145e-18	1.8152677122e-08
0.0536	2.03066933737e-14	1.08859810831e-09	2.43280712507e-14	2.41156914626e-13	2.48576607914e-18	1.82888237354e-08
0.0538	2.05348348716e-14	1.10082688134e-09	2.45099615447e-14	2.4295992843e-13	2.50435116174e-18	1.84254783761e-08
0.054	2.07646785897e-14	1.11314687535e-09	2.46925292565e-14	2.4476965712e-13	2.52300546231e-18	1.85626410373e-08
0.0542	2.09962308524e-14	1.12555842904e-09	2.48757743862e-14	2.46586100694e-13	2.54172898084e-18	1.8700311712e-08
0.0544	2.12294979839e-14	1.13806188109e-09	2.50596969336e-14	2.48409259151e-13	2.56052171734e-18	1.88384903932e-08
0.0546	2.14644863085e-14	1.15065757017e-09	2.52442968986e-14	2.50239132489e-13	2.57938367179e-18	1.89771770741e-08
0.0548	2.17012021507e-14	1.16334583496e-09	2.54295742812e-14	2.52075720706e-13	2.5983148442e-18	1.91163717476e-08
0.055	2.19396518347e-14	1.17612701415e-09	2.56155290811e-14	2.539190238e-13	2.61731523457e-18	1.9256074407e-08
0.0552	2.21798416847e-14	1.18900144639e-09	2.58021612984e-14	2.55769041769e-13	2.6363848429e-18	1.93962850451e-08
0.0554	2.2421778025e-14	1.20196947035e-09	2.59894709329e-14	2.57625774612e-13	2.65552366918e-18	1.95370036551e-08
0.0556	2.26654671797e-14	1.21503142471e-09	2.61774579845e-14	2.59489222326e-13	2.67473171341e-18	1.96782302301e-08
0.0558	2.2910915473e-14	1.22818764813e-09	2.63661224532e-14	2.6135938491e-13	2.69400897559e-18	1.98199647631e-08
0.056	2.31581292291e-14	1.24143847925e-09	2.65554643388e-14	2.63236262362e-13	2.71335545572e-18	1.99622072472e-08
0.0562	2.34071147721e-14	1.25478425674e-09	2.67454836412e-14	2.6511985468e-13	2.7327711538e-18	2.01049576755e-08
0.0564	2.3657878426e-14	1.26822531925e-09	2.69361803603e-14	2.67010161862e-13	2.75225606982e-18	2.02482160409e-08
0.0566	2.3910426515e-14	1.28176200543e-09	2.71275544961e-14	2.68907183906e-13	2.77181020379e-18	2.03919823366e-08
0.0568	2.41647653631e-14	1.29539465392e-09	2.73196060483e-14	2.70810920811e-13	2.7914335557e-18	2.05362565557e-08
0.057	2.44209012942e-14	1.30912360337e-09	2.75123350171e-14	2.72721372575e-13	2.81112612555e-18	2.06810386912e-08
0.0572	2.46788406325e-14	1.32294919242e-09	2.77057414021e-14	2.74638539195e-13	2.83088791334e-18	2.08263287361e-08
0.0574	2.49385897017e-14	1.3368717597e-09	2.78998252034e-14	2.76562420671e-13	2.85071891907e-18	2.09721266836e-08
0.0576	2.52001548259e-14	1.35089164384e-09	2.80945864208e-14	2.78493016999e-13	2.87061914273e-18	2.11184325266e-08
0.0578	2.5463542329e-14	1.36500918348e-09	2.82900250543e-14	2.80430328179e-13	2.89058858433e-18	2.12652462584e-08
0.058	2.57287585348e-14	1.37922471724e-09	2.84861411037e-14	2.82374354208e-13	2.91062724386e-18	2.14125678718e-08
0.0582	2.59958097673e-14	1.39353858376e-09	2.86829345689e-14	2.84325095085e-13	2.93073512132e-18	2.15603973601e-08
0.0584	2.62647023501e-14	1.40795112163e-09	2.88804054499e-14	2.86282550807e-13	2.95091221671e-18	2.17087347162e-08
0.0586	2.65354426072e-14	1.4224626695e-09	2.90785537465e-14	2.88246721374e-13	2.97115853002e-18	2.18575799333e-08
0.0588	2.68080368623e-14	1.43707356596e-09	2.92773794586e-14	2.90217606782e-13	2.99147406127e-18	2.20069330043e-08
0.059	2.70824914391e-14	1.45178414964e-09	2.94768825862e-14	2.9219520703e-13	3.01185881044e-18	2.21567939224e-08
0.0592	2.73588126614e-14	1.46659475913e-09	2.96770631292e-14	2.94179522117e-13	3.03231277753e-18	2.23071626806e-08
0.0594	2.76370068529e-14	1.48150573305e-09	2.98779210873e-14	2.96170552041e-13	3.05283596254e-18	2.24580392721e-08
0.0596	2.79170803372e-14	1.49651741e-09	3.00794564607e-14	2.98168296799e-13	3.07342836547e-18	2.26094236897e-08
0.0598	2.8199039438e-14	1.51163012857e-09	3.0281669249e-14	3.0017275639e-13	3.09408998632e-18	2.27613159267e-08
0.06	2.84828904788e-14	1.52684422736e-09	3.04845594523e-14	3.02183930811e-13	3.11482082509e-18	2.29137159761e-08
0.0602	2.87686397834e-14	1.54216004496e-09	3.06881270705e-14	3.04201820062e-13	3.13562088177e-18	2.30666238309e-08
0.0604	2.90562936751e-14	1.55757791997e-09	3.08923721034e-14	3.0622642414e-13	3.15649015636e-18	2.32200394842e-08
0.0606	2.93458584776e-14	1.57309819096e-09	3.10972945509e-14	3.08257743044e-13	3.17742864886e-18	2.33739629292e-08
0.0608	2.96373405145e-14	1.58872119653e-09	3.1302894413e-14	3.10295776771e-13	3.19843635928e-18	2.35283941587e-08
0.061	2.9930746109e-14	1.60444727524e-09	3.15091716896e-14	3.1234052532e-13	3.2195132876e-18	2.3683333166e-08
0.0612	3.02260815848e-14	1.62027676569e-09	3.17161263805e-14	3.14391988688e-13	3.24065943383e-18	2.38387799441e-08
0.0614	3.05233532653e-14	1.63621000643e-09	3.19237584856e-14	3.16450166875e-13	3.26187479796e-18	2.3994734486e-08
0.0616	3.08225674737e-14	1.65224733605e-09	3.21320680049e-14	3.18515059878e-13	3.28315938e-18	2.41511967849e-08
0.0618	3.11237305336e-14	1.66838909311e-09	3.23410549383e-14	3.20586667695e-13	3.30451317994e-18	2.43081668337e-08
0.062	3.14268487683e-14	1.68463561617e-09	3.25507192856e-14	3.22664990325e-13	3.32593619778e-18	2.44656446255e-08
0.0622	3.17319285011e-14	1.7009872438e-09	3.27610610468e-14	3.24750027765e-13	3.34742843351e-18	2.46236301535e-08
0.0624	3.20389760553e-14	1.71744431454e-09	3.29720802217e-14	3.26841780014e-13	3.36898988715e-18	2.47821234107e-08
0.0626	3.23479977542e-14	1.73400716697e-09	3.31837768103e-14	3.2894024707e-13	3.39062055868e-18	2.49411243901e-08
0.0628	3.26589999209e-14	1.75067613962e-09	3.33961508124e-14	3.31045428932e-13	3.4123204481e-18	2.51006330848e-08
0.063	3.29719888788e-14	1.76745157105e-09	3.3609202228e-14	3.33157325596e-13	3.43408955541e-18	2.52606494879e-08
0.0632	3.3286970951e-14	1.7843337998e-09	3.3822931057e-14	3.35275937062e-13	3.45592788062e-18	2.54211735924e-08
0.0634	3.36039524607e-14	1.80132316442e-09	3.40373372992e-14	3.37401263327e-13	3.47783542371e-18	2.55822053915e-08
0.0636	3.39229397311e-14	1.81842000344e-09	3.42524209546e-14	3.3953330439e-13	3.49981218469e-18	2.57437448782e-08
0.0638	3.42439390851e-14	1.8356246554e-09	3.44681820231e-14	3.41672060249e-13	3.52185816356e-18	2.59057920454e-08
0.064	3.4566956846e-14	1.85293745883e-09	3.46846205045e-14	3.43817530902e-13	3.5439733603e-18	2.60683468865e-08
0.0642	3.48919993368e-14	1.87035875226e-09	3.49017363988e-14	3.45969716347e-13	3.56615777494e-18	2.62314093942e-08
0.0644	3.52190728804e-14	1.88788887422e-09	3.51195297059e-14	3.48128616583e-13	3.58841140745e-18	2.63949795619e-08
0.0646	3.55481838e-14	1.90552816323e-09	3.53380004256e-14	3.50294231607e-13	3.61073425784e-18	2.65590573824e-08
0.0648	3.58793384185e-14	1.92327695781e-09	3.55571485579e-14	3.52466561417e-13	3.6331263261e-18	2.6723642849e-08
0.065	3.62125430589e-14	1.94113559648e-09	3.57769741026e-14	3.54645606012e-13	3.65558761225e-18	2.68887359546e-08
0.0652	3.6547804044e-14	1.95910441775e-09	3.59974770597e-14	3.56831365391e-13	3.67811811626e-18	2.70543366923e-08
0.0654	3.68851276968e-14	1.97718376014e-09	3.62186574291e-14	3.5902383955e-13	3.70071783815e-18	2.72204450552e-08
0.0656	3.72245203401e-14	1.99537396214e-09	3.64405152107e-14	3.61223028489e-13	3.72338677791e-18	2.73870610363e-08
0.0658	3.75659882969e-14	2.01367536227e-09	3.66630504044e-14	3.63428932205e-13	3.74612493554e-18	2.75541846288e-08
0.066	3.79095378898e-14	2.03208829903e-09	3.688626301e-14	3.65641550696e-13	3.76893231104e-18	2.77218158257e-08
0.0662	3.82551754418e-14	2.05061311091e-09	3.71101530275e-14	3.67860883961e-13	3.7918089044e-18	2.788995462e-08
0.0664	3.86029072756e-14	2.06925013641e-09	3.73347204568e-14	3.70086931998e-13	3.81475471562e-18	2.80586010049e-08
0.0666	3.89527397138e-14	2.08799971402e-09	3.75599652977e-14	3.72319694806e-13	3.83776974471e-18	2.82277549733e-08
0.0668	3.93046790794e-14	2.10686218223e-09	3.77858875502e-14	3.74559172381e-13	3.86085399166e-18	2.83974165184e-08
0.067	3.96587316948e-14	2.12583787953e-09	3.80124872142e-14	3.76805364722e-13	3.88400745647e-18	2.85675856332e-08
0.0672	4.00149038828e-14	2.14492714439e-09	3.82397642896e-14	3.79058271828e-13	3.90723013913e-18	2.87382623109e-08
0.0674	4.03732019661e-14	2.1641303153e-09	3.84677187763e-14	3.81317893697e-13	3.93052203966e-18	2.89094465444e-08
0.0676	4.07336322672e-14	2.18344773073e-09	3.86963506742e-14	3.83584230327e-13	3.95388315803e-18	2.90811383268e-08
0.0678	4.10962011087e-14	2.20287972916e-09	3.89256599831e-14	3.85857281715e-13	3.97731349426e-18	2.92533376512e-08
0.068	4.14609148132e-14	2.22242664906e-09	3.9155646703e-14	3.8813704786e-13	4.00081304834e-18	2.94260445107e-08
0.0682	4.18277797031e-14	2.24208882889e-09	3.93863108338e-14	3.90423528761e-13	4.02438182027e-18	2.95992588984e-08
0.0684	4.21968021011e-14	2.26186660711e-09	3.96176523754e-14	3.92716724415e-13	4.04801981005e-18	2.97729808072e-08
0.0686	4.25679883296e-14	2.28176032219e-09	3.98496713277e-14	3.95016634821e-13	4.07172701767e-18	2.99472102303e-08
0.0688	4.2941344711e-14	2.30177031258e-09	4.00823676905e-14	3.97323259976e-13	4.09550344314e-18	3.01219471608e-08
0.069	4.33168775677e-14	2.32189691675e-09	4.03157414639e-14	3.99636599879e-13	4.11934908645e-18	3.02971915917e-08
0.0692	4.36945932222e-14	2.34214047313e-09	4.05497926476e-14	4.01956654528e-13	4.1432639476e-18	3.04729435161e-08
0.0694	4.40744979968e-14	2.36250132017e-09	4.07845212417e-14	4.04283423921e-13	4.1672480266e-18	3.0649202927e-08
0.0696	4.44565982139e-14	2.38297979633e-09	4.10199272459e-14	4.06616908057e-13	4.19130132343e-18	3.08259698175e-08
0.0698	4.48409001958e-14	2.40357624004e-09	4.12560106602e-14	4.08957106933e-13	4.21542383809e-18	3.10032441807e-08
0.07	4.52274102648e-14	2.42429098975e-09	4.14927714845e-14	4.11304020548e-13	4.23961557059e-18	3.11810260097e-08
0.0702	4.56161347431e-14	2.44512438388e-09	4.17302097187e-14	4.13657648899e-13	4.26387652093e-18	3.13593152975e-08
0.0704	4.60070799529e-14	2.46607676086e-09	4.19683253627e-14	4.16017991986e-13	4.28820668909e-18	3.15381120372e-08
0.0706	4.64002522166e-14	2.48714845914e-09	4.22071184164e-14	4.18385049805e-13	4.31260607509e-18	3.17174162219e-08
0.0708	4.67956578563e-14	2.50833981713e-09	4.24465888797e-14	4.20758822356e-13	4.33707467891e-18	3.18972278446e-08
0.071	4.71933031941e-14	2.52965117326e-09	4.26867367525e-14	4.23139309636e-13	4.36161250056e-18	3.20775468984e-08
0.0712	4.75931945521e-14	2.55108286594e-09	4.29275620347e-14	4.25526511643e-13	4.38621954004e-18	3.22583733764e-08
0.0714	4.79953382525e-14	2.57263523359e-09	4.31690647262e-14	4.27920428376e-13	4.41089579734e-18	3.24397072716e-08
0.0716	4.83997406174e-14	2.59430861463e-09	4.34112448269e-14	4.30321059834e-13	4.43564127246e-18	3.26215485771e-08
0.0718	4.88064079688e-14	2.61610334746e-09	4.36541023367e-14	4.32728406013e-13	4.4604559654e-18	3.2803897286e-08
0.072	4.92153466288e-14	2.6380197705e-09	4.38976372555e-14	4.35142466912e-13	4.48533987616e-18	3.29867533914e-08
0.0722	4.96265629193e-14	2.66005822215e-09	4.41418495832e-14	4.37563242529e-13	4.51029300474e-18	3.31701168863e-08
0.0724	5.00400631622e-14	2.6822190408e-09	4.43867393197e-14	4.39990732863e-13	4.53531535113e-18	3.33539877637e-08
0.0726	5.04558536797e-14	2.70450256485e-09	4.46323064649e-14	4.42424937912e-13	4.56040691533e-18	3.35383660169e-08
0.0728	5.08739407935e-14	2.72690913271e-09	4.48785510188e-14	4.44865857673e-13	4.58556769735e-18	3.37232516387e-08
0.073	5.12943308256e-14	2.74943908275e-09	4.51254729811e-14	4.47313492146e-13	4.61079769718e-18	3.39086446224e-08
0.0732	5.17170300979e-14	2.77209275338e-09	4.53730723518e-14	4.49767841327e-13	4.63609691481e-18	3.40945449609e-08
0.0734	5.21420449321e-14	2.79487048296e-09	4.56213491309e-14	4.52228905215e-13	4.66146535026e-18	3.42809526474e-08
0.0736	5.25693816501e-14	2.81777260989e-09	4.58703033181e-14	4.54696683809e-13	4.68690300351e-18	3.44678676748e-08
0.0738	5.29990465738e-14	2.84079947255e-09	4.61199349135e-14	4.57171177107e-13	4.71240987456e-18	3.46552900364e-08
0.074	5.34310460247e-14	2.86395140931e-09	4.63702439169e-14	4.59652385106e-13	4.73798596341e-18	3.48432197251e-08
0.0742	5.38653863248e-14	2.88722875853e-09	4.66212303282e-14	4.62140307805e-13	4.76363127007e-18	3.5031656734e-08
0.0744	5.43020737956e-14	2.9106318586e-09	4.68728941473e-14	4.64634945202e-13	4.78934579452e-18	3.52206010563e-08
0.0746	5.4741114759e-14	2.93416104788e-09	4.71252353741e-14	4.67136297295e-13	4.81512953677e-18	3.54100526848e-08
0.0748	5.51825155364e-14	2.95781666472e-09	4.73782540086e-14	4.69644364082e-13	4.84098249682e-18	3.56000116128e-08
0.075	5.56262824497e-14	2.9815990475e-09	4.76319500506e-14	4.72159145562e-13	4.86690467466e-18	3.57904778334e-08
0.0752	5.60724218203e-14	3.00550853456e-09	4.78863234999e-14	4.74680641732e-13	4.8928960703e-18	3.59814513394e-08
0.0754	5.65209399698e-14	3.02954546427e-09	4.81413743566e-14	4.77208852591e-13	4.91895668372e-18	3.61729321242e-08
0.0756	5.69718432199e-14	3.05371017496e-09	4.83971026206e-14	4.79743778137e-13	4.94508651493e-18	3.63649201806e-08
0.0758	5.7425137892e-14	3.07800300499e-09	4.86535082916e-14	4.82285418369e-13	4.97128556394e-18	3.65574155018e-08
0.076	5.78808303075e-14	3.10242429271e-09	4.89105913697e-14	4.84833773283e-13	4.99755383072e-18	3.67504180809e-08
0.0762	5.83389267881e-14	3.12697437644e-09	4.91683518547e-14	4.87388842879e-13	5.02389131529e-18	3.69439279109e-08
0.0764	5.87994336551e-14	3.15165359454e-09	4.94267897465e-14	4.89950627154e-13	5.05029801765e-18	3.71379449849e-08
0.0766	5.926235723e-14	3.17646228534e-09	4.9685905045e-14	4.92519126107e-13	5.07677393778e-18	3.7332469296e-08
0.0768	5.97277038341e-14	3.20140078716e-09	4.99456977502e-14	4.95094339735e-13	5.1033190757e-18	3.75275008372e-08
0.077	6.01954797888e-14	3.22646943834e-09	5.02061678619e-14	4.97676268038e-13	5.12993343139e-18	3.77230396017e-08
0.0772	6.06656914155e-14	3.25166857719e-09	5.046731538e-14	5.00264911013e-13	5.15661700486e-18	3.79190855824e-08
0.0774	6.11383450355e-14	3.27699854206e-09	5.07291403045e-14	5.02860268658e-13	5.1833697961e-18	3.81156387724e-08
0.0776	6.16134469699e-14	3.30245967124e-09	5.09916426352e-14	5.05462340971e-13	5.21019180512e-18	3.83126991649e-08
0.0778	6.20910035402e-14	3.32805230306e-09	5.1254822372e-14	5.08071127952e-13	5.2370830319e-18	3.85102667529e-08
0.078	6.25710210676e-14	3.35377677583e-09	5.15186795148e-14	5.10686629596e-13	5.26404347646e-18	3.87083415295e-08
0.0782	6.30535058731e-14	3.37963342786e-09	5.17832140636e-14	5.13308845904e-13	5.29107313878e-18	3.89069234877e-08
0.0784	6.35384642782e-14	3.40562259746e-09	5.20484260182e-14	5.15937776873e-13	5.31817201887e-18	3.91060126206e-08
0.0786	6.40259026038e-14	3.43174462293e-09	5.23143153786e-14	5.18573422501e-13	5.34534011673e-18	3.93056089213e-08
0.0788	6.45158271711e-14	3.45799984257e-09	5.25808821445e-14	5.21215782786e-13	5.37257743235e-18	3.95057123828e-08
0.079	6.50082443012e-14	3.48438859468e-09	5.28481263161e-14	5.23864857727e-13	5.39988396573e-18	3.97063229983e-08
0.0792	6.55031603152e-14	3.51091121754e-09	5.3116047893e-14	5.26520647322e-13	5.42725971687e-18	3.99074407607e-08
0.0794	6.60005815341e-14	3.53756804946e-09	5.33846468753e-14	5.29183151568e-13	5.45470468577e-18	4.01090656633e-08
0.0796	6.6500514279e-14	3.56435942872e-09	5.36539232629e-14	5.31852370464e-13	5.48221887242e-18	4.0311197699e-08
0.0798	6.70029648708e-14	3.5912856936e-09	5.39238770555e-14	5.34528304009e-13	5.50980227683e-18	4.05138368609e-08
0.08	6.75079396306e-14	3.61834718238e-09	5.41945082533e-14	5.372109522e-13	5.53745489899e-18	4.0716983142e-08
0.0802	6.80154448792e-14	3.64554423335e-09	5.44658168559e-14	5.39900315035e-13	5.56517673891e-18	4.09206365356e-08
0.0804	6.85254869375e-14	3.67287718478e-09	5.47378028634e-14	5.42596392512e-13	5.59296779657e-18	4.11247970345e-08
0.0806	6.90380721266e-14	3.70034637494e-09	5.50104662757e-14	5.45299184631e-13	5.62082807199e-18	4.1329464632e-08
0.0808	6.95532067672e-14	3.72795214209e-09	5.52838070926e-14	5.48008691388e-13	5.64875756515e-18	4.15346393211e-08
0.081	7.00708971801e-14	3.75569482451e-09	5.5557825314e-14	5.50724912783e-13	5.67675627605e-18	4.17403210948e-08
0.0812	7.05911496862e-14	3.78357476045e-09	5.58325209399e-14	5.53447848812e-13	5.7048242047e-18	4.19465099462e-08
0.0814	7.11139706063e-14	3.81159228819e-09	5.61078939702e-14	5.56177499475e-13	5.73296135109e-18	4.21532058684e-08
0.0816	7.16393662611e-14	3.83974774596e-09	5.63839444046e-14	5.5891386477e-13	5.76116771522e-18	4.23604088545e-08
0.0818	7.21673429713e-14	3.86804147203e-09	5.66606722433e-14	5.61656944694e-13	5.78944329709e-18	4.25681188975e-08
0.082	7.26979070577e-14	3.89647380464e-09	5.6938077486e-14	5.64406739246e-13	5.8177880967e-18	4.27763359905e-08
0.0822	7.32310648409e-14	3.92504508205e-09	5.72161601326e-14	5.67163248423e-13	5.84620211404e-18	4.29850601266e-08
0.0824	7.37668226416e-14	3.95375564249e-09	5.74949201831e-14	5.69926472225e-13	5.87468534911e-18	4.31942912989e-08
0.0826	7.43051867803e-14	3.9826058242e-09	5.77743576374e-14	5.7269641065e-13	5.90323780192e-18	4.34040295004e-08
0.0828	7.48461635778e-14	4.01159596543e-09	5.80544724953e-14	5.75473063694e-13	5.93185947246e-18	4.36142747242e-08
0.083	7.53897593546e-14	4.04072640441e-09	5.83352647567e-14	5.78256431358e-13	5.96055036072e-18	4.38250269633e-08
0.0832	7.59359804311e-14	4.06999747936e-09	5.86167344216e-14	5.81046513638e-13	5.98931046672e-18	4.4036286211e-08
0.0834	7.6484833128e-14	4.09940952852e-09	5.88988814899e-14	5.83843310533e-13	6.01813979044e-18	4.42480524601e-08
0.0836	7.70363237658e-14	4.12896289011e-09	5.91817059615e-14	5.8664682204e-13	6.04703833188e-18	4.44603257039e-08
0.0838	7.75904586648e-14	4.15865790235e-09	5.94652078362e-14	5.8945704816e-13	6.07600609105e-18	4.46731059353e-08
0.084	7.81472441456e-14	4.18849490346e-09	5.97493871139e-14	5.92273988888e-13	6.10504306794e-18	4.48863931474e-08
0.0842	7.87066865285e-14	4.21847423166e-09	6.00342437946e-14	5.95097644224e-13	6.13414926254e-18	4.51001873334e-08
0.0844	7.92687921339e-14	4.24859622516e-09	6.03197778782e-14	5.97928014165e-13	6.16332467486e-18	4.53144884862e-08
0.0846	7.98335672822e-14	4.27886122216e-09	6.06059893646e-14	6.00765098711e-13	6.1925693049e-18	4.55292965991e-08
0.0848	8.04010182938e-14	4.30926956088e-09	6.08928782536e-14	6.03608897858e-13	6.22188315266e-18	4.57446116649e-08
0.085	8.09711514889e-14	4.33982157952e-09	6.11804445452e-14	6.06459411606e-13	6.25126621812e-18	4.59604336769e-08
0.0852	8.15439731878e-14	4.37051761626e-09	6.14686882392e-14	6.09316639951e-13	6.2807185013e-18	4.6176762628e-08
0.0854	8.21194897108e-14	4.40135800932e-09	6.17576093356e-14	6.12180582893e-13	6.31024000219e-18	4.63935985114e-08
0.0856	8.2697707378e-14	4.43234309689e-09	6.20472078343e-14	6.1505124043e-13	6.33983072078e-18	4.66109413202e-08
0.0858	8.32786325098e-14	4.46347321715e-09	6.23374837351e-14	6.17928612559e-13	6.36949065708e-18	4.68287910473e-08
0.086	8.38622714262e-14	4.49474870829e-09	6.26284370381e-14	6.2081269928e-13	6.39921981108e-18	4.70471476859e-08
0.0862	8.44486304475e-14	4.5261699085e-09	6.2920067743e-14	6.23703500589e-13	6.42901818279e-18	4.72660112291e-08
0.0864	8.50377158937e-14	4.55773715596e-09	6.32123758497e-14	6.26601016486e-13	6.4588857722e-18	4.74853816699e-08
0.0866	8.56295340849e-14	4.58945078884e-09	6.35053613583e-14	6.29505246967e-13	6.48882257931e-18	4.77052590014e-08
0.0868	8.62240913413e-14	4.62131114532e-09	6.37990242685e-14	6.32416192033e-13	6.51882860411e-18	4.79256432167e-08
0.087	8.68213939828e-14	4.65331856357e-09	6.40933645803e-14	6.3533385168e-13	6.54890384661e-18	4.81465343088e-08
0.0872	8.74214483295e-14	4.68547338176e-09	6.43883822935e-14	6.38258225906e-13	6.57904830681e-18	4.83679322709e-08
0.0874	8.80242607013e-14	4.71777593805e-09	6.46840774082e-14	6.41189314711e-13	6.6092619847e-18	4.85898370959e-08
0.0876	8.86298374182e-14	4.75022657061e-09	6.49804499241e-14	6.44127118092e-13	6.63954488028e-18	4.88122487771e-08
0.0878	8.92381848002e-14	4.78282561759e-09	6.52774998412e-14	6.47071636047e-13	6.66989699355e-18	4.90351673074e-08
0.088	8.98493091672e-14	4.81557341716e-09	6.55752271594e-14	6.50022868574e-13	6.70031832451e-18	4.92585926799e-08
0.0882	9.0463216839e-14	4.84847030745e-09	6.58736318785e-14	6.52980815672e-13	6.73080887316e-18	4.94825248877e-08
0.0884	9.10799141355e-14	4.88151662663e-09	6.61727139986e-14	6.55945477339e-13	6.76136863949e-18	4.97069639238e-08
0.0886	9.16994073766e-14	4.91471271283e-09	6.64724735194e-14	6.58916853573e-13	6.7919976235e-18	4.99319097815e-08
0.0888	9.2321702882e-14	4.94805890421e-09	6.67729104409e-14	6.61894944371e-13	6.8226958252e-18	5.01573624536e-08
0.089	9.29468069715e-14	4.98155553889e-09	6.7074024763e-14	6.64879749733e-13	6.85346324457e-18	5.03833219333e-08
0.0892	9.35747259649e-14	5.01520295502e-09	6.73758164856e-14	6.67871269656e-13	6.88429988162e-18	5.06097882137e-08
0.0894	9.42054661819e-14	5.04900149074e-09	6.76782856085e-14	6.70869504139e-13	6.91520573635e-18	5.08367612879e-08
0.0896	9.48390339422e-14	5.08295148417e-09	6.79814321318e-14	6.73874453179e-13	6.94618080876e-18	5.10642411489e-08
0.0898	9.54754355655e-14	5.11705327343e-09	6.82852560553e-14	6.76886116775e-13	6.97722509884e-18	5.12922277898e-08
0.09	9.61146773713e-14	5.15130719666e-09	6.85897573788e-14	6.79904494925e-13	7.00833860659e-18	5.15207212036e-08
0.0902	9.67567656795e-14	5.18571359197e-09	6.88949361023e-14	6.82929587627e-13	7.03952133201e-18	5.17497213835e-08
0.0904	9.74017068094e-14	5.22027279749e-09	6.92007922257e-14	6.85961394879e-13	7.0707732751e-18	5.19792283225e-08
0.0906	9.80495070807e-14	5.25498515132e-09	6.95073257489e-14	6.8899991668e-13	7.10209443585e-18	5.22092420138e-08
0.0908	9.8700172813e-14	5.28985099158e-09	6.98145366718e-14	6.92045153027e-13	7.13348481428e-18	5.24397624503e-08
0.091	9.93537103257e-14	5.32487065638e-09	7.01224249943e-14	6.95097103919e-13	7.16494441036e-18	5.26707896251e-08
0.0912	1.00010125938e-13	5.36004448382e-09	7.04309907163e-14	6.98155769354e-13	7.19647322411e-18	5.29023235314e-08
0.0914	1.0066942597e-13	5.39537281201e-09	7.07402338377e-14	7.0122114933e-13	7.22807125552e-18	5.31343641622e-08
0.0916	1.01331616741e-13	5.43085597903e-09	7.10501543584e-14	7.04293243845e-13	7.25973850458e-18	5.33669115105e-08
0.0918	1.0199670457e-13	5.466494323e-09	7.13607522783e-14	7.07372052897e-13	7.29147497131e-18	5.35999655695e-08
0.092	1.02664695777e-13	5.502288182e-09	7.16720275973e-14	7.10457576485e-13	7.32328065569e-18	5.38335263323e-08
0.0922	1.03335596681e-13	5.53823789413e-09	7.19839803153e-14	7.13549814607e-13	7.35515555772e-18	5.40675937918e-08
0.0924	1.04009413601e-13	5.57434379746e-09	7.22966104322e-14	7.1664876726e-13	7.3870996774e-18	5.43021679412e-08
0.0926	1.04686152856e-13	5.61060623008e-09	7.26099179479e-14	7.19754434443e-13	7.41911301474e-18	5.45372487736e-08
0.0928	1.05365820767e-13	5.64702553008e-09	7.29239028623e-14	7.22866816154e-13	7.45119556972e-18	5.4772836282e-08
0.093	1.06048423652e-13	5.68360203553e-09	7.32385651753e-14	7.25985912392e-13	7.48334734236e-18	5.50089304596e-08
0.0932	1.06733967829e-13	5.7203360845e-09	7.35539048868e-14	7.29111723153e-13	7.51556833263e-18	5.52455312993e-08
0.0934	1.0742245962e-13	5.75722801506e-09	7.38699219967e-14	7.32244248438e-13	7.54785854056e-18	5.54826387942e-08
0.0936	1.08113905342e-13	5.79427816528e-09	7.41866165049e-14	7.35383488243e-13	7.58021796612e-18	5.57202529375e-08
0.0938	1.08808311315e-13	5.83148687324e-09	7.45039884113e-14	7.38529442567e-13	7.61264660933e-18	5.59583737223e-08
0.094	1.09505683858e-13	5.86885447697e-09	7.48220377158e-14	7.41682111408e-13	7.64514447017e-18	5.61970011415e-08
0.0942	1.1020602929e-13	5.90638131456e-09	7.51407644184e-14	7.44841494764e-13	7.67771154865e-18	5.64361351883e-08
0.0944	1.10909353931e-13	5.94406772405e-09	7.54601685188e-14	7.48007592633e-13	7.71034784477e-18	5.66757758557e-08
0.0946	1.11615664098e-13	5.98191404349e-09	7.57802500171e-14	7.51180405014e-13	7.74305335853e-18	5.69159231369e-08
0.0948	1.12324966112e-13	6.01992061093e-09	7.61010089131e-14	7.54359931905e-13	7.77582808991e-18	5.71565770248e-08
0.095	1.13037266291e-13	6.05808776442e-09	7.64224452067e-14	7.57546173303e-13	7.80867203893e-18	5.73977375126e-08
0.0952	1.13752570953e-13	6.09641584199e-09	7.67445588978e-14	7.60739129207e-13	7.84158520557e-18	5.76394045934e-08
0.0954	1.14470886419e-13	6.1349051817e-09	7.70673499863e-14	7.63938799616e-13	7.87456758985e-18	5.78815782602e-08
0.0956	1.15192219007e-13	6.17355612158e-09	7.73908184722e-14	7.67145184526e-13	7.90761919175e-18	5.81242585061e-08
0.0958	1.15916575036e-13	6.21236899965e-09	7.77149643552e-14	7.70358283937e-13	7.94074001127e-18	5.83674453242e-08
0.096	1.16643960824e-13	6.25134415395e-09	7.80397876354e-14	7.73578097847e-13	7.97393004842e-18	5.86111387076e-08
0.0962	1.17374382691e-13	6.29048192251e-09	7.83652883126e-14	7.76804626253e-13	8.00718930319e-18	5.88553386493e-08
0.0964	1.18107846956e-13	6.32978264334e-09	7.86914663867e-14	7.80037869154e-13	8.04051777558e-18	5.91000451424e-08
0.0966	1.18844359936e-13	6.36924665448e-09	7.90183218577e-14	7.83277826548e-13	8.07391546558e-18	5.934525818e-08
0.0968	1.19583927951e-13	6.40887429393e-09	7.93458547253e-14	7.86524498433e-13	8.10738237321e-18	5.95909777552e-08
0.097	1.2032655732e-13	6.44866589972e-09	7.96740649896e-14	7.89777884807e-13	8.14091849844e-18	5.9837203861e-08
0.0972	1.21072254361e-13	6.48862180985e-09	8.00029526504e-14	7.93037985669e-13	8.1745238413e-18	6.00839364906e-08
0.0974	1.21821025393e-13	6.52874236232e-09	8.03325177077e-14	7.96304801017e-13	8.20819840176e-18	6.03311756369e-08
0.0976	1.22572876734e-13	6.56902789516e-09	8.06627601612e-14	7.99578330848e-13	8.24194217983e-18	6.05789212931e-08
0.0978	1.23327814704e-13	6.60947874635e-09	8.0993680011e-14	8.02858575161e-13	8.27575517551e-18	6.08271734523e-08
0.098	1.2408584562e-13	6.6500952539e-09	8.13252772569e-14	8.06145533954e-13	8.3096373888e-18	6.10759321075e-08
0.0982	1.24846975802e-13	6.6908777558e-09	8.16575518989e-14	8.09439207226e-13	8.34358881969e-18	6.13251972519e-08
0.0984	1.25611211567e-13	6.73182659004e-09	8.19905039368e-14	8.12739594974e-13	8.37760946819e-18	6.15749688784e-08
0.0986	1.26378559235e-13	6.77294209461e-09	8.23241333705e-14	8.16046697196e-13	8.41169933428e-18	6.18252469802e-08
0.0988	1.27149025124e-13	6.81422460751e-09	8.26584401999e-14	8.19360513891e-13	8.44585841798e-18	6.20760315503e-08
0.099	1.27922615552e-13	6.8556744667e-09	8.2993424425e-14	8.22681045057e-13	8.48008671928e-18	6.23273225819e-08
0.0992	1.28699336838e-13	6.89729201018e-09	8.33290860456e-14	8.26008290692e-13	8.51438423817e-18	6.2579120068e-08
0.0994	1.29479195299e-13	6.93907757591e-09	8.36654250617e-14	8.29342250794e-13	8.54875097466e-18	6.28314240016e-08
0.0996	1.30262197256e-13	6.98103150188e-09	8.4002441473e-14	8.32682925362e-13	8.58318692874e-18	6.3084234376e-08
0.0998	1.31048349025e-13	7.02315412605e-09	8.43401352797e-14	8.36030314393e-13	8.61769210041e-18	6.3337551184e-08
0.1	1.31837656925e-13	7.06544578638e-09	8.46785064814e-14	8.39384417885e-13	8.65226648968e-18	6.35913744189e-08
