0	0.0	0.0	0.0	0.0	0.0	0.0
0.0002	1.79392801555e-21	9.62013129972e-17	5.75827846735e-19	5.70807515065e-18	5.88356425284e-23	4.33403269453e-13
0.0004	1.43514091164e-20	7.69608719375e-16	2.30331127469e-18	2.28322985095e-17	2.35342568267e-22	1.73360519777e-12
0.0006	4.84359551159e-20	2.59742340487e-15	5.1824501155e-18	5.13726669369e-17	5.29520774445e-22	3.90059396497e-12
0.0008	1.14811032803e-19	6.15684120147e-15	9.21324420079e-18	9.13291772931e-17	9.41370258292e-22	6.93435775118e-12
0.001	2.24240063945e-19	1.20250525874e-14	1.43956933622e-17	1.42701826439e-16	1.47089101704e-21	1.08348847366e-11
0.0012	3.87486425281e-19	2.07792426872e-14	2.07297974313e-17	2.05490611234e-16	2.11808304791e-21	1.56021631017e-11
0.0014	6.15313448533e-19	3.29965912718e-14	2.82155562398e-17	2.79695528539e-16	2.88294634815e-21	2.12361810267e-11
0.0016	9.18484420393e-19	4.92542727584e-14	3.68529696193e-17	3.65316575214e-16	3.76548091497e-21	2.77369266924e-11
0.0018	1.30776258253e-18	7.01294562106e-14	4.66420374015e-17	4.6235374812e-16	4.76568674561e-21	3.51043882793e-11
0.002	1.7939111316e-18	9.61993053385e-14	5.75827594179e-17	5.70807044116e-16	5.88356383729e-21	4.33385539682e-11
0.0022	2.38769321923e-18	1.28040978499e-13	6.96751355001e-17	6.90676460064e-16	7.11911218726e-21	5.243941194e-11
0.0024	3.09987195201e-18	1.66231628694e-13	8.29191654799e-17	8.21961992824e-16	8.47233179273e-21	6.24069503757e-11
0.0026	3.94121039153e-18	2.11348403574e-13	9.73148491889e-17	9.64663639255e-16	9.94322265093e-21	7.32411574563e-11
0.0028	4.92247155435e-18	2.63968445435e-13	1.12862186459e-16	1.11878139622e-15	1.15317847591e-20	8.49420213632e-11
0.003	6.05441841199e-18	3.24668891219e-13	1.29561177121e-16	1.28431526058e-15	1.32380181145e-20	9.75095302775e-11
0.0032	7.34781389098e-18	3.94026872515e-13	1.47411821007e-16	1.46126522919e-15	1.50619227143e-20	1.10943672381e-10
0.0034	8.81342087279e-18	4.72619515561e-13	1.66414117949e-16	1.64963129891e-15	1.70034985557e-20	1.25244435854e-10
0.0036	1.04620021939e-17	5.61023941237e-13	1.86568067778e-16	1.84941346661e-15	1.9062745636e-20	1.4041180888e-10
0.0038	1.23043206458e-17	6.59817265074e-13	2.07873670326e-16	2.06061172914e-15	2.12396639525e-20	1.5644577964e-10
0.004	1.43511389748e-17	7.69576597247e-13	2.30330925424e-16	2.28322608336e-15	2.35342535023e-20	1.73346336315e-10
0.0042	1.66132198824e-17	8.90879042579e-13	2.53939832905e-16	2.51725652614e-15	2.59465142827e-20	1.91113467087e-10
0.0044	1.91013260249e-17	1.02430170054e-12	2.787003926e-16	2.76270305434e-15	2.84764462908e-20	2.0974716014e-10
0.0046	2.18262200137e-17	1.17042166525e-12	3.0461260434e-16	3.01956566481e-15	3.1124049524e-20	2.29247403654e-10
0.0048	2.47986644152e-17	1.32981602546e-12	3.31676467957e-16	3.28784435441e-15	3.38893239795e-20	2.49614185812e-10
0.005	2.80294217507e-17	1.50306186459e-12	3.59891983283e-16	3.56753912002e-15	3.67722696544e-20	2.70847494797e-10
0.0052	3.15292544964e-17	1.6907362607e-12	3.89259150149e-16	3.85864995848e-15	3.97728865461e-20	2.92947318791e-10
0.0054	3.53089250836e-17	1.89341628649e-12	4.19777968387e-16	4.16117686665e-15	4.28911746518e-20	3.15913645976e-10
0.0056	3.93791958986e-17	2.11167900931e-12	4.51448437828e-16	4.4751198414e-15	4.61271339686e-20	3.39746464535e-10
0.0058	4.37508292825e-17	2.34610149115e-12	4.84270558305e-16	4.8004788796e-15	4.94807644938e-20	3.64445762652e-10
0.006	4.84345875318e-17	2.59726078867e-12	5.18244329649e-16	5.13725397808e-15	5.29520662247e-20	3.90011528508e-10
0.0062	5.34412328974e-17	2.86573395316e-12	5.53369751691e-16	5.48544513373e-15	5.65410391584e-20	4.16443750288e-10
0.0064	5.87815275855e-17	3.15209803055e-12	5.89646824264e-16	5.8450523434e-15	6.02476832922e-20	4.43742416174e-10
0.0066	6.44662337574e-17	3.45693006143e-12	6.27075547198e-16	6.21607560394e-15	6.40719986234e-20	4.71907514349e-10
0.0068	7.05061135292e-17	3.78080708104e-12	6.65655920325e-16	6.59851491223e-15	6.80139851491e-20	5.00939032997e-10
0.007	7.69119289719e-17	4.12430611925e-12	7.05387943477e-16	6.99237026511e-15	7.20736428666e-20	5.30836960301e-10
0.0072	8.36944421116e-17	4.48800420059e-12	7.46271616486e-16	7.39764165945e-15	7.62509717732e-20	5.61601284444e-10
0.0074	9.08644149295e-17	4.87247834425e-12	7.88306939184e-16	7.81432909212e-15	8.05459718659e-20	5.93231993612e-10
0.0076	9.84326093615e-17	5.27830556403e-12	8.31493911401e-16	8.24243255996e-15	8.49586431422e-20	6.25729075986e-10
0.0078	1.06409787299e-16	5.70606286842e-12	8.7583253297e-16	8.68195205985e-15	8.94889855992e-20	6.59092519752e-10
0.008	1.14806710587e-16	6.15632726052e-12	9.21322803722e-16	9.13288758864e-15	9.41369992341e-20	6.93322313092e-10
0.0082	1.23634141028e-16	6.62967573811e-12	9.67964723488e-16	9.59523914319e-15	9.89026840441e-20	7.28418444192e-10
0.0084	1.32902840376e-16	7.12668529359e-12	1.0157582921e-15	1.00690067204e-14	1.03786040027e-19	7.64380901236e-10
0.0086	1.42623570344e-16	7.64793291403e-12	1.06470350939e-15	1.0554190317e-14	1.08787067179e-19	8.01209672406e-10
0.0088	1.52807092597e-16	8.19399558113e-12	1.11480037519e-15	1.105078993e-14	1.13905765498e-19	8.3890474589e-10
0.009	1.63464168756e-16	8.76545027124e-12	1.16604888934e-15	1.15588055562e-14	1.19142134981e-19	8.77466109869e-10
0.0092	1.74605560396e-16	9.36287395537e-12	1.21844905165e-15	1.20782371925e-14	1.24496175625e-19	9.1689375253e-10
0.0094	1.8624202905e-16	9.98684359917e-12	1.27200086197e-15	1.26090848357e-14	1.29967887428e-19	9.57187662058e-10
0.0096	1.98384336202e-16	1.06379361629e-11	1.32670432013e-15	1.31513484826e-14	1.35557270387e-19	9.98347826636e-10
0.0098	2.11043243293e-16	1.13167286016e-11	1.38255942595e-15	1.37050281303e-14	1.41264324498e-19	1.04037423445e-09
0.01	2.24229511719e-16	1.20237978648e-11	1.43956617927e-15	1.42701237754e-14	1.4708904976e-19	1.08326687368e-09
0.0102	2.37953902832e-16	1.27597208967e-11	1.49772457993e-15	1.48466354149e-14	1.5303144617e-19	1.12702573253e-09
0.0104	2.52227177936e-16	1.35250746362e-11	1.55703462774e-15	1.54345630456e-14	1.59091513724e-19	1.17165079916e-09
0.0106	2.67060098293e-16	1.43204360169e-11	1.61749632255e-15	1.60339066644e-14	1.6526925242e-19	1.21714206177e-09
0.0108	2.82463425118e-16	1.5146381967e-11	1.67910966419e-15	1.66446662681e-14	1.71564662255e-19	1.26349950854e-09
0.011	2.98447919582e-16	1.60034894092e-11	1.74187465249e-15	1.72668418537e-14	1.77977743226e-19	1.31072312766e-09
0.0112	3.15024342811e-16	1.68923352611e-11	1.80579128727e-15	1.79004334179e-14	1.84508495331e-19	1.35881290731e-09
0.0114	3.32203455886e-16	1.78134964348e-11	1.87085956837e-15	1.85454409577e-14	1.91156918567e-19	1.40776883568e-09
0.0116	3.49996019841e-16	1.87675498371e-11	1.93707949563e-15	1.92018644698e-14	1.97923012931e-19	1.45759090096e-09
0.0118	3.68412795668e-16	1.97550723693e-11	2.00445106887e-15	1.98697039512e-14	2.04806778421e-19	1.50827909133e-09
0.012	3.87464544313e-16	2.07766409276e-11	2.07297428793e-15	2.05489593987e-14	2.11808215033e-19	1.55983339498e-09
0.0122	4.07162026676e-16	2.18328324026e-11	2.14264915263e-15	2.12396308092e-14	2.18927322764e-19	1.61225380009e-09
0.0124	4.27516003612e-16	2.29242236798e-11	2.21347566282e-15	2.19417181795e-14	2.26164101613e-19	1.66554029485e-09
0.0126	4.48537235932e-16	2.40513916392e-11	2.28545381831e-15	2.26552215064e-14	2.33518551576e-19	1.71969286744e-09
0.0128	4.70236484403e-16	2.52149131553e-11	2.35858361895e-15	2.3380140787e-14	2.4099067265e-19	1.77471150606e-09
0.013	4.92624509743e-16	2.64153650976e-11	2.43286506456e-15	2.41164760179e-14	2.48580464833e-19	1.83059619889e-09
0.0132	5.1571207263e-16	2.765332433e-11	2.50829815497e-15	2.48642271961e-14	2.56287928122e-19	1.88734693412e-09
0.0134	5.39509933693e-16	2.89293677111e-11	2.58488289003e-15	2.56233943185e-14	2.64113062514e-19	1.94496369993e-09
0.0136	5.64028853518e-16	3.02440720941e-11	2.66261926955e-15	2.63939773818e-14	2.72055868006e-19	2.00344648451e-09
0.0138	5.89279592645e-16	3.1598014327e-11	2.74150729337e-15	2.7175976383e-14	2.80116344596e-19	2.06279527605e-09
0.014	6.1527291157e-16	3.29917712523e-11	2.82154696133e-15	2.79693913189e-14	2.88294492281e-19	2.12301006273e-09
0.0142	6.42019570744e-16	3.44259197072e-11	2.90273827324e-15	2.87742221864e-14	2.96590311058e-19	2.18409083275e-09
0.0144	6.69530330571e-16	3.59010365236e-11	2.98508122896e-15	2.95904689823e-14	3.05003800924e-19	2.24603757428e-09
0.0146	6.97815951412e-16	3.74176985279e-11	3.0685758283e-15	3.04181317035e-14	3.13534961877e-19	2.30885027553e-09
0.0148	7.26887193583e-16	3.89764825413e-11	3.1532220711e-15	3.12572103469e-14	3.22183793913e-19	2.37252892466e-09
0.015	7.56754817354e-16	4.05779653796e-11	3.23901995718e-15	3.21077049093e-14	3.30950297031e-19	2.43707350988e-09
0.0152	7.87429582951e-16	4.22227238533e-11	3.3259694864e-15	3.29696153875e-14	3.39834471226e-19	2.50248401937e-09
0.0154	8.18922250553e-16	4.39113347673e-11	3.41407065856e-15	3.38429417785e-14	3.48836316498e-19	2.56876044132e-09
0.0156	8.51243580296e-16	4.56443749216e-11	3.50332347351e-15	3.47276840791e-14	3.57955832841e-19	2.63590276392e-09
0.0158	8.84404332271e-16	4.74224211104e-11	3.59372793108e-15	3.56238422861e-14	3.67193020255e-19	2.70391097534e-09
0.016	9.18415266522e-16	4.92460501228e-11	3.68528403109e-15	3.65314163965e-14	3.76547878736e-19	2.7727850638e-09
0.0162	9.53287143051e-16	5.11158387425e-11	3.77799177338e-15	3.7450406407e-14	3.86020408281e-19	2.84252501746e-09
0.0164	9.89030721812e-16	5.30323637477e-11	3.87185115779e-15	3.83808123146e-14	3.95610608887e-19	2.91313082452e-09
0.0166	1.02565676271e-15	5.49962019116e-11	3.96686218414e-15	3.93226341161e-14	4.05318480553e-19	2.98460247318e-09
0.0168	1.06317602563e-15	5.70079300017e-11	4.06302485226e-15	4.02758718083e-14	4.15144023274e-19	3.0569399516e-09
0.017	1.10159927037e-15	5.90681247803e-11	4.16033916199e-15	4.12405253881e-14	4.25087237049e-19	3.130143248e-09
0.0172	1.14093725671e-15	6.11773630044e-11	4.25880511316e-15	4.22165948524e-14	4.35148121874e-19	3.20421235055e-09
0.0174	1.18120074438e-15	6.33362214255e-11	4.3584227056e-15	4.32040801981e-14	4.45326677748e-19	3.27914724744e-09
0.0176	1.22240049308e-15	6.55452767898e-11	4.45919193914e-15	4.4202981422e-14	4.55622904666e-19	3.35494792687e-09
0.0178	1.26454726243e-15	6.78051058382e-11	4.56111281361e-15	4.52132985209e-14	4.66036802626e-19	3.43161437702e-09
0.018	1.30765181204e-15	7.01162853062e-11	4.66418532885e-15	4.62350314917e-14	4.76568371625e-19	3.50914658608e-09
0.0182	1.35172490145e-15	7.24793919241e-11	4.76840948469e-15	4.72681803313e-14	4.87217611662e-19	3.58754454224e-09
0.0184	1.39677729018e-15	7.48950024166e-11	4.87378528095e-15	4.83127450366e-14	4.97984522732e-19	3.66680823369e-09
0.0186	1.44281973767e-15	7.73636935033e-11	4.98031271747e-15	4.93687256044e-14	5.08869104833e-19	3.74693764863e-09
0.0188	1.48986300334e-15	7.98860418981e-11	5.08799179408e-15	5.04361220315e-14	5.19871357963e-19	3.82793277523e-09
0.019	1.53791784658e-15	8.246262431e-11	5.19682251062e-15	5.15149343149e-14	5.30991282118e-19	3.9097936017e-09
0.0192	1.58699502669e-15	8.50940174422e-11	5.30680486691e-15	5.26051624513e-14	5.42228877296e-19	3.99252011621e-09
0.0194	1.63710530296e-15	8.7780797993e-11	5.41793886278e-15	5.37068064377e-14	5.53584143494e-19	4.07611230696e-09
0.0196	1.68825943462e-15	9.05235426549e-11	5.53022449808e-15	5.48198662708e-14	5.65057080709e-19	4.16057016215e-09
0.0198	1.74046818087e-15	9.33228281154e-11	5.64366177262e-15	5.59443419477e-14	5.76647688939e-19	4.24589366995e-09
0.02	1.79374230086e-15	9.61792310565e-11	5.75825068624e-15	5.7080233465e-14	5.8835596818e-19	4.33208281857e-09
0.0202	1.84809255367e-15	9.90933281549e-11	5.87399123878e-15	5.82275408198e-14	6.00181918431e-19	4.41913759619e-09
0.0204	1.90352969836e-15	1.02065696082e-10	5.99088343006e-15	5.93862640088e-14	6.12125539687e-19	4.507057991e-09
0.0206	1.96006449395e-15	1.05096911503e-10	6.10892725992e-15	6.05564030289e-14	6.24186831947e-19	4.59584399119e-09
0.0208	2.01770769941e-15	1.0818755108e-10	6.22812272818e-15	6.1737957877e-14	6.36365795208e-19	4.68549558496e-09
0.021	2.07647007364e-15	1.11338191467e-10	6.34846983469e-15	6.29309285499e-14	6.48662429466e-19	4.7760127605e-09
0.0212	2.13636237553e-15	1.14549409314e-10	6.46996857926e-15	6.41353150444e-14	6.6107673472e-19	4.86739550599e-09
0.0214	2.1973953639e-15	1.17821781266e-10	6.59261896174e-15	6.53511173576e-14	6.73608710966e-19	4.95964380962e-09
0.0216	2.25957979754e-15	1.21155883962e-10	6.71642098195e-15	6.65783354861e-14	6.86258358201e-19	5.0527576596e-09
0.0218	2.32292643519e-15	1.24552294037e-10	6.84137463972e-15	6.78169694269e-14	6.99025676423e-19	5.1467370441e-09
0.022	2.38744603555e-15	1.28011588117e-10	6.9674799349e-15	6.90670191768e-14	7.1191066563e-19	5.24158195133e-09
0.0222	2.45314935726e-15	1.31534342827e-10	7.0947368673e-15	7.03284847328e-14	7.24913325817e-19	5.33729236947e-09
0.0224	2.52004715894e-15	1.35121134785e-10	7.22314543676e-15	7.16013660915e-14	7.38033656983e-19	5.43386828672e-09
0.0226	2.58815019913e-15	1.38772540603e-10	7.35270564312e-15	7.288566325e-14	7.51271659125e-19	5.53130969126e-09
0.0228	2.65746923635e-15	1.42489136887e-10	7.4834174862e-15	7.41813762051e-14	7.64627332239e-19	5.62961657129e-09
0.023	2.72801502908e-15	1.4627150024e-10	7.61528096583e-15	7.54885049536e-14	7.78100676324e-19	5.728788915e-09
0.0232	2.79979833574e-15	1.50120207259e-10	7.74829608185e-15	7.68070494923e-14	7.91691691376e-19	5.82882671058e-09
0.0234	2.87282991471e-15	1.54035834533e-10	7.88246283409e-15	7.81370098182e-14	8.05400377393e-19	5.92972994623e-09
0.0236	2.94712052433e-15	1.5801895865e-10	8.01778122238e-15	7.94783859282e-14	8.19226734372e-19	6.03149861014e-09
0.0238	3.02268092287e-15	1.62070156188e-10	8.15425124655e-15	8.0831177819e-14	8.3317076231e-19	6.1341326905e-09
0.024	3.0995218686e-15	1.66190003724e-10	8.29187290644e-15	8.21953854875e-14	8.47232461204e-19	6.23763217549e-09
0.0242	3.1776541197e-15	1.70379077827e-10	8.43064620187e-15	8.35710089307e-14	8.61411831051e-19	6.34199705333e-09
0.0244	3.25708843434e-15	1.74637955062e-10	8.57057113268e-15	8.49580481452e-14	8.7570887185e-19	6.44722731219e-09
0.0246	3.33783557062e-15	1.78967211986e-10	8.7116476987e-15	8.63565031281e-14	8.90123583596e-19	6.55332294027e-09
0.0248	3.41990628661e-15	1.83367425154e-10	8.85387589975e-15	8.77663738762e-14	9.04655966288e-19	6.66028392577e-09
0.025	3.50331134032e-15	1.87839171114e-10	8.99725573568e-15	8.91876603863e-14	9.19306019922e-19	6.76811025688e-09
0.0252	3.58806148974e-15	1.9238302641e-10	9.14178720631e-15	9.06203626553e-14	9.34073744495e-19	6.87680192178e-09
0.0254	3.67416749279e-15	1.96999567577e-10	9.28747031148e-15	9.20644806801e-14	9.48959140006e-19	6.98635890868e-09
0.0256	3.76164010735e-15	2.0168937115e-10	9.43430505101e-15	9.35200144575e-14	9.63962206451e-19	7.09678120577e-09
0.0258	3.85049009128e-15	2.06453013654e-10	9.58229142475e-15	9.49869639843e-14	9.79082943827e-19	7.20806880123e-09
0.026	3.94072820235e-15	2.11291071611e-10	9.73142943251e-15	9.64653292575e-14	9.94321352132e-19	7.32022168327e-09
0.0262	4.03236519833e-15	2.16204121537e-10	9.88171907413e-15	9.79551102739e-14	1.00967743136e-18	7.43323984008e-09
0.0264	4.12541183691e-15	2.21192739943e-10	1.00331603494e-14	9.94563070303e-14	1.02515118152e-18	7.54712325985e-09
0.0266	4.21987887575e-15	2.26257503335e-10	1.01857532583e-14	1.00968919524e-13	1.04074260259e-18	7.66187193078e-09
0.0268	4.31577707248e-15	2.31398988213e-10	1.03394978005e-14	1.02492947751e-13	1.05645169458e-18	7.77748584106e-09
0.027	4.41311718465e-15	2.3661777107e-10	1.04943939759e-14	1.04028391709e-13	1.07227845749e-18	7.89396497888e-09
0.0272	4.5119099698e-15	2.41914428398e-10	1.06504417843e-14	1.05575251394e-13	1.08822289131e-18	8.01130933244e-09
0.0274	4.61216618541e-15	2.47289536679e-10	1.08076412255e-14	1.07133526803e-13	1.10428499603e-18	8.12951888993e-09
0.0276	4.7138965889e-15	2.52743672393e-10	1.09659922995e-14	1.08703217934e-13	1.12046477167e-18	8.24859363955e-09
0.0278	4.81711193767e-15	2.58277412013e-10	1.11254950059e-14	1.10284324783e-13	1.13676221821e-18	8.36853356949e-09
0.028	4.92182298906e-15	2.63891332007e-10	1.12861493447e-14	1.11876847347e-13	1.15317733564e-18	8.48933866795e-09
0.0282	5.02804050038e-15	2.69586008837e-10	1.14479553157e-14	1.13480785623e-13	1.16971012398e-18	8.61100892312e-09
0.0284	5.13577522887e-15	2.75362018961e-10	1.16109129187e-14	1.15096139607e-13	1.18636058321e-18	8.73354432319e-09
0.0286	5.24503793175e-15	2.81219938831e-10	1.17750221535e-14	1.16722909297e-13	1.20312871334e-18	8.85694485637e-09
0.0288	5.35583936618e-15	2.87160344894e-10	1.194028302e-14	1.18361094689e-13	1.22001451435e-18	8.98121051085e-09
0.029	5.46819028929e-15	2.9318381359e-10	1.2106695518e-14	1.20010695781e-13	1.23701798625e-18	9.10634127482e-09
0.0292	5.58210145814e-15	2.99290921356e-10	1.22742596474e-14	1.21671712568e-13	1.25413912904e-18	9.23233713647e-09
0.0294	5.69758362976e-15	3.05482244622e-10	1.24429754079e-14	1.23344145049e-13	1.27137794271e-18	9.35919808401e-09
0.0296	5.81464756114e-15	3.11758359813e-10	1.26128427994e-14	1.25027993219e-13	1.28873442725e-18	9.48692410562e-09
0.0298	5.93330400923e-15	3.1811984335e-10	1.27838618217e-14	1.26723257076e-13	1.30620858267e-18	9.61551518952e-09
0.03	6.0535637309e-15	3.24567271646e-10	1.29560324747e-14	1.28429936617e-13	1.32380040897e-18	9.74497132388e-09
0.0302	6.17543748302e-15	3.31101221112e-10	1.31293547582e-14	1.30148031838e-13	1.34150990613e-18	9.8752924969e-09
0.0304	6.29893602239e-15	3.3772226815e-10	1.33038286721e-14	1.31877542736e-13	1.35933707417e-18	1.00064786968e-08
0.0306	6.42407010577e-15	3.44430989159e-10	1.3479454216e-14	1.33618469309e-13	1.37728191307e-18	1.01385299117e-08
0.0308	6.55085048986e-15	3.51227960533e-10	1.365623139e-14	1.35370811552e-13	1.39534442283e-18	1.02714461299e-08
0.031	6.67928793135e-15	3.58113758659e-10	1.38341601938e-14	1.37134569463e-13	1.41352460345e-18	1.04052273396e-08
0.0312	6.80939318686e-15	3.65088959919e-10	1.40132406272e-14	1.38909743039e-13	1.43182245492e-18	1.05398735289e-08
0.0314	6.94117701296e-15	3.72154140691e-10	1.41934726902e-14	1.40696332277e-13	1.45023797725e-18	1.0675384686e-08
0.0316	7.07465016619e-15	3.79309877347e-10	1.43748563824e-14	1.42494337173e-13	1.46877117043e-18	1.08117607992e-08
0.0318	7.20982340304e-15	3.86556746252e-10	1.45573917038e-14	1.44303757724e-13	1.48742203446e-18	1.09490018566e-08
0.032	7.34670747996e-15	3.93895323767e-10	1.47410786542e-14	1.46124593927e-13	1.50619056934e-18	1.10871078465e-08
0.0322	7.48531315334e-15	4.0132618625e-10	1.49259172333e-14	1.4795684578e-13	1.52507677506e-18	1.1226078757e-08
0.0324	7.62565117954e-15	4.08849910049e-10	1.51119074412e-14	1.49800513278e-13	1.54408065161e-18	1.13659145763e-08
0.0326	7.76773231486e-15	4.16467071509e-10	1.52990492774e-14	1.51655596419e-13	1.56320219901e-18	1.15066152926e-08
0.0328	7.91156731558e-15	4.24178246971e-10	1.5487342742e-14	1.53522095199e-13	1.58244141724e-18	1.16481808942e-08
0.033	8.05716693791e-15	4.31984012769e-10	1.56767878348e-14	1.55400009616e-13	1.6017983063e-18	1.17906113692e-08
0.0332	8.20454193802e-15	4.39884945231e-10	1.58673845555e-14	1.57289339667e-13	1.62127286619e-18	1.19339067058e-08
0.0334	8.35370307205e-15	4.47881620681e-10	1.6059132904e-14	1.59190085347e-13	1.6408650969e-18	1.20780668922e-08
0.0336	8.50466109608e-15	4.55974615438e-10	1.62520328801e-14	1.61102246655e-13	1.66057499844e-18	1.22230919166e-08
0.0338	8.65742676615e-15	4.64164505814e-10	1.64460844837e-14	1.63025823586e-13	1.6804025708e-18	1.23689817672e-08
0.034	8.81201083826e-15	4.72451868117e-10	1.66412877146e-14	1.64960816139e-13	1.70034781398e-18	1.25157364323e-08
0.0342	8.96842406835e-15	4.80837278649e-10	1.68376425726e-14	1.66907224308e-13	1.72041072797e-18	1.26633558999e-08
0.0344	9.12667721232e-15	4.89321313706e-10	1.70351490576e-14	1.68865048093e-13	1.74059131278e-18	1.28118401584e-08
0.0346	9.28678102605e-15	4.97904549581e-10	1.72338071694e-14	1.70834287488e-13	1.76088956839e-18	1.29611891959e-08
0.0348	9.44874626533e-15	5.0658756256e-10	1.74336169078e-14	1.72814942492e-13	1.78130549481e-18	1.31114030005e-08
0.035	9.61258368595e-15	5.15370928923e-10	1.76345782726e-14	1.74807013101e-13	1.80183909204e-18	1.32624815606e-08
0.0352	9.77830404362e-15	5.24255224945e-10	1.78366912638e-14	1.76810499312e-13	1.82249036006e-18	1.34144248642e-08
0.0354	9.94591809402e-15	5.33241026897e-10	1.8039955881e-14	1.78825401121e-13	1.84325929889e-18	1.35672328997e-08
0.0356	1.01154365928e-14	5.42328911044e-10	1.82443721242e-14	1.80851718526e-13	1.86414590851e-18	1.37209056551e-08
0.0358	1.02868702955e-14	5.51519453645e-10	1.84499399932e-14	1.82889451524e-13	1.88515018892e-18	1.38754431188e-08
0.036	1.04602299578e-14	5.60813230953e-10	1.86566594878e-14	1.84938600111e-13	1.90627214012e-18	1.40308452788e-08
0.0362	1.0635526335e-14	5.70210819219e-10	1.88645306078e-14	1.86999164284e-13	1.92751176211e-18	1.41871121235e-08
0.0364	1.08127701827e-14	5.79712794684e-10	1.90735533531e-14	1.89071144041e-13	1.94886905489e-18	1.43442436409e-08
0.0366	1.09919722563e-14	5.89319733588e-10	1.92837277235e-14	1.91154539377e-13	1.97034401844e-18	1.45022398193e-08
0.0368	1.11731433111e-14	5.99032212162e-10	1.94950537189e-14	1.9324935029e-13	1.99193665278e-18	1.46611006469e-08
0.037	1.13562941024e-14	6.08850806635e-10	1.9707531339e-14	1.95355576777e-13	2.01364695789e-18	1.48208261119e-08
0.0372	1.15414353856e-14	6.18776093227e-10	1.99211605837e-14	1.97473218834e-13	2.03547493378e-18	1.49814162025e-08
0.0374	1.17285779158e-14	6.28808648156e-10	2.01359414529e-14	1.99602276459e-13	2.05742058043e-18	1.51428709069e-08
0.0376	1.19177324483e-14	6.38949047633e-10	2.03518739463e-14	2.01742749648e-13	2.07948389786e-18	1.53051902133e-08
0.0378	1.21089097381e-14	6.49197867864e-10	2.05689580638e-14	2.03894638398e-13	2.10166488605e-18	1.54683741099e-08
0.038	1.23021205404e-14	6.59555685049e-10	2.07871938052e-14	2.06057942706e-13	2.123963545e-18	1.56324225848e-08
0.0382	1.24973756103e-14	6.70023075384e-10	2.10065811704e-14	2.08232662569e-13	2.14637987471e-18	1.57973356264e-08
0.0384	1.26946857026e-14	6.80600615058e-10	2.12271201592e-14	2.10418797983e-13	2.16891387518e-18	1.59631132227e-08
0.0386	1.28940615725e-14	6.91288880256e-10	2.14488107714e-14	2.12616348946e-13	2.1915655464e-18	1.6129755362e-08
0.0388	1.30955139747e-14	7.02088447158e-10	2.16716530069e-14	2.14825315454e-13	2.21433488837e-18	1.62972620325e-08
0.039	1.32990536642e-14	7.12999891936e-10	2.18956468655e-14	2.17045697505e-13	2.2372219011e-18	1.64656332224e-08
0.0392	1.35046913959e-14	7.2402379076e-10	2.21207923469e-14	2.19277495095e-13	2.26022658456e-18	1.66348689199e-08
0.0394	1.37124379243e-14	7.35160719793e-10	2.23470894512e-14	2.21520708221e-13	2.28334893877e-18	1.68049691132e-08
0.0396	1.39223040044e-14	7.46411255192e-10	2.2574538178e-14	2.23775336879e-13	2.30658896372e-18	1.69759337905e-08
0.0398	1.41343003908e-14	7.5777597311e-10	2.28031385272e-14	2.26041381068e-13	2.32994665941e-18	1.714776294e-08
0.04	1.43484378381e-14	7.69255449694e-10	2.30328904986e-14	2.28318840783e-13	2.35342202584e-18	1.73204565499e-08
0.0402	1.4564727101e-14	7.80850261086e-10	2.32637940922e-14	2.30607716021e-13	2.37701506299e-18	1.74940146084e-08
0.0404	1.4783178934e-14	7.92560983421e-10	2.34958493076e-14	2.3290800678e-13	2.40072577088e-18	1.76684371037e-08
0.0406	1.50038040916e-14	8.04388192832e-10	2.37290561448e-14	2.35219713055e-13	2.42455414949e-18	1.7843724024e-08
0.0408	1.52266133282e-14	8.16332465444e-10	2.39634146036e-14	2.37542834845e-13	2.44850019882e-18	1.80198753575e-08
0.041	1.54516173983e-14	8.28394377377e-10	2.41989246837e-14	2.39877372146e-13	2.47256391888e-18	1.81968910923e-08
0.0412	1.56788270563e-14	8.40574504747e-10	2.44355863851e-14	2.42223324954e-13	2.49674530965e-18	1.83747712168e-08
0.0414	1.59082530565e-14	8.52873423662e-10	2.46733997076e-14	2.44580693267e-13	2.52104437114e-18	1.85535157191e-08
0.0416	1.61399061531e-14	8.65291710227e-10	2.49123646509e-14	2.46949477081e-13	2.54546110334e-18	1.87331245875e-08
0.0418	1.63737971005e-14	8.77829940542e-10	2.5152481215e-14	2.49329676394e-13	2.56999550625e-18	1.891359781e-08
0.042	1.66099366528e-14	8.90488690699e-10	2.53937493996e-14	2.51721291202e-13	2.59464757987e-18	1.90949353749e-08
0.0422	1.68483355641e-14	9.03268536788e-10	2.56361692047e-14	2.54124321502e-13	2.61941732419e-18	1.92771372705e-08
0.0424	1.70890045886e-14	9.1617005489e-10	2.58797406299e-14	2.56538767291e-13	2.64430473921e-18	1.94602034849e-08
0.0426	1.73319544804e-14	9.29193821084e-10	2.61244636752e-14	2.58964628565e-13	2.66930982493e-18	1.96441340063e-08
0.0428	1.75771959933e-14	9.42340411442e-10	2.63703383404e-14	2.61401905323e-13	2.69443258135e-18	1.98289288229e-08
0.043	1.78247398815e-14	9.55610402031e-10	2.66173646254e-14	2.63850597559e-13	2.71967300846e-18	2.0014587923e-08
0.0432	1.80745968988e-14	9.69004368911e-10	2.68655425298e-14	2.66310705272e-13	2.74503110626e-18	2.02011112947e-08
0.0434	1.83267777991e-14	9.82522888141e-10	2.71148720537e-14	2.68782228459e-13	2.77050687475e-18	2.03884989262e-08
0.0436	1.85812933363e-14	9.96166535769e-10	2.73653531967e-14	2.71265167115e-13	2.79610031393e-18	2.05767508057e-08
0.0438	1.88381542641e-14	1.00993588784e-09	2.76169859588e-14	2.73759521238e-13	2.82181142378e-18	2.07658669215e-08
0.044	1.90973713363e-14	1.0238315204e-09	2.78697703398e-14	2.76265290825e-13	2.84764020432e-18	2.09558472618e-08
0.0442	1.93589553065e-14	1.03785400948e-09	2.81237063395e-14	2.78782475872e-13	2.87358665553e-18	2.11466918147e-08
0.0444	1.96229169285e-14	1.0520039311e-09	2.83787939578e-14	2.81311076378e-13	2.89965077741e-18	2.13384005684e-08
0.0446	1.98892669558e-14	1.0662818613e-09	2.86350331944e-14	2.83851092337e-13	2.92583256997e-18	2.15309735112e-08
0.0448	2.0158016142e-14	1.0806883761e-09	2.88924240492e-14	2.86402523748e-13	2.95213203319e-18	2.17244106312e-08
0.045	2.04291752407e-14	1.09522405149e-09	2.9150966522e-14	2.88965370606e-13	2.97854916708e-18	2.19187119167e-08
0.0452	2.07027550053e-14	1.1098894635e-09	2.94106606127e-14	2.9153963291e-13	3.00508397164e-18	2.21138773559e-08
0.0454	2.09787661891e-14	1.12468518813e-09	2.96715063211e-14	2.94125310655e-13	3.03173644685e-18	2.2309906937e-08
0.0456	2.12572195458e-14	1.13961180137e-09	2.99335036471e-14	2.9672240384e-13	3.05850659272e-18	2.25068006481e-08
0.0458	2.15381258284e-14	1.15466987922e-09	3.01966525904e-14	2.99330912459e-13	3.08539440924e-18	2.27045584775e-08
0.046	2.18214957904e-14	1.16985999766e-09	3.04609531509e-14	3.01950836511e-13	3.11239989642e-18	2.29031804133e-08
0.0462	2.2107340185e-14	1.18518273267e-09	3.07264053284e-14	3.04582175993e-13	3.13952305424e-18	2.31026664439e-08
0.0464	2.23956697654e-14	1.20063866023e-09	3.09930091228e-14	3.072249309e-13	3.16676388271e-18	2.33030165574e-08
0.0466	2.26864952848e-14	1.21622835631e-09	3.12607645338e-14	3.0987910123e-13	3.19412238183e-18	2.35042307419e-08
0.0468	2.29798274962e-14	1.23195239688e-09	3.15296715614e-14	3.1254468698e-13	3.22159855158e-18	2.37063089858e-08
0.047	2.32756771528e-14	1.24781135789e-09	3.17997302053e-14	3.15221688147e-13	3.24919239197e-18	2.39092512771e-08
0.0472	2.35740550075e-14	1.26380581531e-09	3.20709404655e-14	3.17910104728e-13	3.276903903e-18	2.41130576042e-08
0.0474	2.38749718134e-14	1.27993634507e-09	3.23433023416e-14	3.20609936718e-13	3.30473308466e-18	2.43177279552e-08
0.0476	2.41784383234e-14	1.29620352312e-09	3.26168158336e-14	3.23321184117e-13	3.33267993695e-18	2.45232623183e-08
0.0478	2.44844652904e-14	1.31260792541e-09	3.28914809412e-14	3.26043846919e-13	3.36074445986e-18	2.47296606817e-08
0.048	2.47930634672e-14	1.32915012786e-09	3.31672976644e-14	3.28777925122e-13	3.3889266534e-18	2.49369230337e-08
0.0482	2.51042436066e-14	1.34583070641e-09	3.34442660029e-14	3.31523418723e-13	3.41722651756e-18	2.51450493624e-08
0.0484	2.54180164613e-14	1.36265023697e-09	3.37223859566e-14	3.34280327719e-13	3.44564405234e-18	2.5354039656e-08
0.0486	2.57343927842e-14	1.37960929546e-09	3.40016575253e-14	3.37048652106e-13	3.47417925773e-18	2.55638939028e-08
0.0488	2.60533833277e-14	1.3967084578e-09	3.42820807088e-14	3.39828391882e-13	3.50283213374e-18	2.57746120909e-08
0.049	2.63749988447e-14	1.41394829989e-09	3.4563655507e-14	3.42619547043e-13	3.53160268035e-18	2.59861942086e-08
0.0492	2.66992500876e-14	1.43132939763e-09	3.48463819196e-14	3.45422117586e-13	3.56049089758e-18	2.61986402441e-08
0.0494	2.70261478089e-14	1.44885232691e-09	3.51302599467e-14	3.48236103508e-13	3.58949678541e-18	2.64119501856e-08
0.0496	2.73557027613e-14	1.46651766364e-09	3.54152895878e-14	3.51061504806e-13	3.61862034384e-18	2.66261240212e-08
0.0498	2.7687925697e-14	1.48432598369e-09	3.5701470843e-14	3.53898321477e-13	3.64786157287e-18	2.68411617392e-08
0.05	2.80228273685e-14	1.50227786294e-09	3.5988803712e-14	3.56746553517e-13	3.67722047249e-18	2.70570633278e-08
0.0502	2.83604185281e-14	1.52037387727e-09	3.62772881947e-14	3.59606200924e-13	3.70669704271e-18	2.72738287752e-08
0.0504	2.87007099281e-14	1.53861460255e-09	3.65669242908e-14	3.62477263694e-13	3.73629128352e-18	2.74914580696e-08
0.0506	2.90437123209e-14	1.55700061463e-09	3.68577120003e-14	3.65359741824e-13	3.76600319492e-18	2.77099511993e-08
0.0508	2.93894364586e-14	1.57553248939e-09	3.71496513229e-14	3.68253635312e-13	3.7958327769e-18	2.79293081523e-08
0.051	2.97378930934e-14	1.59421080267e-09	3.74427422585e-14	3.71158944153e-13	3.82578002946e-18	2.8149528917e-08
0.0512	3.00890929773e-14	1.61303613031e-09	3.77369848069e-14	3.74075668345e-13	3.85584495261e-18	2.83706134815e-08
0.0514	3.04430468626e-14	1.63200904817e-09	3.8032378968e-14	3.77003807884e-13	3.88602754633e-18	2.8592561834e-08
0.0516	3.07997655012e-14	1.65113013208e-09	3.83289247415e-14	3.79943362768e-13	3.91632781062e-18	2.88153739628e-08
0.0518	3.11592596451e-14	1.67039995786e-09	3.86266221274e-14	3.82894332994e-13	3.94674574549e-18	2.90390498561e-08
0.052	3.15215400462e-14	1.68981910136e-09	3.89254711254e-14	3.85856718557e-13	3.97728135092e-18	2.9263589502e-08
0.0522	3.18866174566e-14	1.70938813838e-09	3.92254717354e-14	3.88830519456e-13	4.00793462692e-18	2.94889928888e-08
0.0524	3.22545026279e-14	1.72910764474e-09	3.95266239571e-14	3.91815735687e-13	4.03870557349e-18	2.97152600046e-08
0.0526	3.2625206312e-14	1.74897819626e-09	3.98289277905e-14	3.94812367246e-13	4.06959419061e-18	2.99423908378e-08
0.0528	3.29987392608e-14	1.76900036873e-09	4.01323832354e-14	3.97820414131e-13	4.10060047829e-18	3.01703853764e-08
0.053	3.33751122258e-14	1.78917473796e-09	4.04369902916e-14	4.00839876338e-13	4.13172443653e-18	3.03992436088e-08
0.0532	3.37543359588e-14	1.80950187975e-09	4.07427489589e-14	4.03870753865e-13	4.16296606531e-18	3.0628965523e-08
0.0534	3.41364212114e-14	1.82998236987e-09	4.10496592372e-14	4.06913046708e-13	4.19432536465e-18	3.08595511074e-08
0.0536	3.45213787352e-14	1.85061678412e-09	4.13577211263e-14	4.09966754864e-13	4.22580233453e-18	3.10910003501e-08
0.0538	3.49092192818e-14	1.87140569827e-09	4.1666934626e-14	4.1303187833e-13	4.25739697496e-18	3.13233132394e-08
0.054	3.52999536026e-14	1.8923496881e-09	4.19772997361e-14	4.16108417103e-13	4.28910928593e-18	3.15564897634e-08
0.0542	3.5693592449e-14	1.91344932937e-09	4.22888164566e-14	4.1919637118e-13	4.32093926743e-18	3.17905299103e-08
0.0544	3.60901465726e-14	1.93470519785e-09	4.26014847871e-14	4.22295740557e-13	4.35288691947e-18	3.20254336684e-08
0.0546	3.64896267245e-14	1.95611786929e-09	4.29153047277e-14	4.25406525231e-13	4.38495224204e-18	3.22612010259e-08
0.0548	3.68920436563e-14	1.97768791944e-09	4.3230276278e-14	4.285287252e-13	4.41713523515e-18	3.2497831971e-08
0.055	3.7297408119e-14	1.99941592405e-09	4.35463994379e-14	4.3166234046e-13	4.44943589877e-18	3.27353264918e-08
0.0552	3.7705730864e-14	2.02130245886e-09	4.38636742073e-14	4.34807371007e-13	4.48185423293e-18	3.29736845767e-08
0.0554	3.81170226425e-14	2.0433480996e-09	4.41821005859e-14	4.3796381684e-13	4.5143902376e-18	3.32129062137e-08
0.0556	3.85312942055e-14	2.06555342201e-09	4.45016785737e-14	4.41131677954e-13	4.5470439128e-18	3.34529913912e-08
0.0558	3.89485563041e-14	2.08791900182e-09	4.48224081704e-14	4.44310954347e-13	4.5798152585e-18	3.36939400973e-08
0.056	3.93688196895e-14	2.11044541473e-09	4.51442893759e-14	4.47501646015e-13	4.61270427473e-18	3.39357523203e-08
0.0562	3.97920951126e-14	2.13313323646e-09	4.546732219e-14	4.50703752956e-13	4.64571096146e-18	3.41784280483e-08
0.0564	4.02183933243e-14	2.15598304273e-09	4.57915066125e-14	4.53917275165e-13	4.6788353187e-18	3.44219672696e-08
0.0566	4.06477250756e-14	2.17899540923e-09	4.61168426433e-14	4.57142212641e-13	4.71207734644e-18	3.46663699723e-08
0.0568	4.10801011173e-14	2.20217091167e-09	4.64433302822e-14	4.60378565379e-13	4.74543704469e-18	3.49116361447e-08
0.057	4.15155322002e-14	2.22551012573e-09	4.6770969529e-14	4.63626333377e-13	4.77891441344e-18	3.5157765775e-08
0.0572	4.19540290752e-14	2.24901362711e-09	4.70997603836e-14	4.66885516632e-13	4.81250945268e-18	3.54047588514e-08
0.0574	4.23956024929e-14	2.27268199148e-09	4.74297028458e-14	4.7015611514e-13	4.84622216241e-18	3.56526153621e-08
0.0576	4.28402632041e-14	2.29651579453e-09	4.77607969154e-14	4.73438128898e-13	4.88005254264e-18	3.59013352953e-08
0.0578	4.32880219593e-14	2.32051561192e-09	4.80930425923e-14	4.76731557904e-13	4.91400059336e-18	3.61509186392e-08
0.058	4.37388895092e-14	2.34468201932e-09	4.84264398763e-14	4.80036402154e-13	4.94806631456e-18	3.64013653821e-08
0.0582	4.41928766044e-14	2.36901559238e-09	4.87609887672e-14	4.83352661644e-13	4.98224970624e-18	3.66526755122e-08
0.0584	4.46499939952e-14	2.39351690678e-09	4.90966892648e-14	4.86680336372e-13	5.0165507684e-18	3.69048490176e-08
0.0586	4.51102524323e-14	2.41818653815e-09	4.94335413691e-14	4.90019426335e-13	5.05096950104e-18	3.71578858866e-08
0.0588	4.55736626659e-14	2.44302506214e-09	4.97715450797e-14	4.93369931529e-13	5.08550590416e-18	3.74117861073e-08
0.059	4.60402354465e-14	2.46803305438e-09	5.01107003966e-14	4.96731851952e-13	5.12015997774e-18	3.76665496681e-08
0.0592	4.65099815245e-14	2.49321109053e-09	5.04510073196e-14	5.00105187599e-13	5.1549317218e-18	3.79221765571e-08
0.0594	4.698291165e-14	2.51855974619e-09	5.07924658485e-14	5.03489938469e-13	5.18982113632e-18	3.81786667625e-08
0.0596	4.74590365733e-14	2.54407959699e-09	5.11350759831e-14	5.06886104558e-13	5.2248282213e-18	3.84360202725e-08
0.0598	4.79383670446e-14	2.56977121856e-09	5.14788377233e-14	5.10293685862e-13	5.25995297674e-18	3.86942370754e-08
0.06	4.8420913814e-14	2.59563518651e-09	5.1823751069e-14	5.13712682379e-13	5.29519540265e-18	3.89533171593e-08
0.0602	4.89066876317e-14	2.62167207643e-09	5.21698160198e-14	5.17143094106e-13	5.330555499e-18	3.92132605125e-08
0.0604	4.93956992477e-14	2.64788246394e-09	5.25170325757e-14	5.20584921038e-13	5.36603326581e-18	3.94740671232e-08
0.0606	4.9887959412e-14	2.67426692463e-09	5.28654007366e-14	5.24038163174e-13	5.40162870307e-18	3.97357369796e-08
0.0608	5.03834788746e-14	2.70082603409e-09	5.32149205021e-14	5.27502820511e-13	5.43734181077e-18	3.99982700699e-08
0.061	5.08822683853e-14	2.72756036791e-09	5.35655918723e-14	5.30978893044e-13	5.47317258892e-18	4.02616663822e-08
0.0612	5.13843386942e-14	2.75447050167e-09	5.39174148468e-14	5.3446638077e-13	5.50912103751e-18	4.0525925905e-08
0.0614	5.18897005509e-14	2.78155701094e-09	5.42703894256e-14	5.37965283688e-13	5.54518715654e-18	4.07910486262e-08
0.0616	5.23983647054e-14	2.80882047129e-09	5.46245156084e-14	5.41475601793e-13	5.581370946e-18	4.10570345343e-08
0.0618	5.29103419072e-14	2.83626145829e-09	5.49797933951e-14	5.44997335082e-13	5.6176724059e-18	4.13238836172e-08
0.062	5.34256429062e-14	2.86388054749e-09	5.53362227855e-14	5.48530483552e-13	5.65409153622e-18	4.15915958634e-08
0.0622	5.39442784519e-14	2.89167831445e-09	5.56938037795e-14	5.52075047201e-13	5.69062833698e-18	4.1860171261e-08
0.0624	5.4466259294e-14	2.91965533472e-09	5.60525363769e-14	5.55631026024e-13	5.72728280815e-18	4.21296097981e-08
0.0626	5.49915961821e-14	2.94781218384e-09	5.64124205775e-14	5.5919842002e-13	5.76405494975e-18	4.23999114631e-08
0.0628	5.55202998656e-14	2.97614943735e-09	5.67734563812e-14	5.62777229184e-13	5.80094476177e-18	4.26710762442e-08
0.063	5.6052381094e-14	3.00466767078e-09	5.71356437877e-14	5.66367453513e-13	5.8379522442e-18	4.29431041294e-08
0.0632	5.65878506168e-14	3.03336745966e-09	5.74989827969e-14	5.69969093005e-13	5.87507739705e-18	4.32159951072e-08
0.0634	5.71267191833e-14	3.06224937951e-09	5.78634734087e-14	5.73582147656e-13	5.91232022031e-18	4.34897491656e-08
0.0636	5.76689975428e-14	3.09131400584e-09	5.82291156229e-14	5.77206617463e-13	5.94968071397e-18	4.37643662929e-08
0.0638	5.82146964447e-14	3.12056191417e-09	5.85959094393e-14	5.80842502424e-13	5.98715887804e-18	4.40398464773e-08
0.064	5.87638266382e-14	3.14999368e-09	5.89638548577e-14	5.84489802534e-13	6.02475471252e-18	4.4316189707e-08
0.0642	5.93163988725e-14	3.17960987884e-09	5.9332951878e-14	5.8814851779e-13	6.06246821739e-18	4.45933959702e-08
0.0644	5.98724238967e-14	3.20941108617e-09	5.97032004999e-14	5.91818648191e-13	6.10029939266e-18	4.48714652552e-08
0.0646	6.04319124601e-14	3.23939787749e-09	6.00746007235e-14	5.95500193731e-13	6.13824823832e-18	4.51503975501e-08
0.0648	6.09948753115e-14	3.26957082828e-09	6.04471525484e-14	5.99193154409e-13	6.17631475438e-18	4.54301928433e-08
0.065	6.15613232001e-14	3.29993051402e-09	6.08208559745e-14	6.02897530221e-13	6.21449894082e-18	4.57108511228e-08
0.0652	6.21312668748e-14	3.33047751018e-09	6.11957110016e-14	6.06613321164e-13	6.25280079765e-18	4.59923723769e-08
0.0654	6.27047170845e-14	3.36121239224e-09	6.15717176296e-14	6.10340527235e-13	6.29122032486e-18	4.62747565938e-08
0.0656	6.32816845782e-14	3.39213573565e-09	6.19488758582e-14	6.14079148431e-13	6.32975752245e-18	4.65580037618e-08
0.0658	6.38621801047e-14	3.42324811587e-09	6.23271856874e-14	6.17829184748e-13	6.36841239042e-18	4.6842113869e-08
0.066	6.44462144127e-14	3.45455010835e-09	6.2706647117e-14	6.21590636183e-13	6.40718492876e-18	4.71270869037e-08
0.0662	6.50337982511e-14	3.48604228855e-09	6.30872601467e-14	6.25363502734e-13	6.44607513748e-18	4.7412922854e-08
0.0664	6.56249423685e-14	3.5177252319e-09	6.34690247765e-14	6.29147784397e-13	6.48508301656e-18	4.76996217083e-08
0.0666	6.62196575135e-14	3.54959951384e-09	6.38519410061e-14	6.32943481169e-13	6.52420856601e-18	4.79871834546e-08
0.0668	6.68179544349e-14	3.5816657098e-09	6.42360088354e-14	6.36750593047e-13	6.56345178582e-18	4.82756080813e-08
0.067	6.74198438812e-14	3.6139243952e-09	6.46212282642e-14	6.40569120028e-13	6.602812676e-18	4.85648955765e-08
0.0672	6.80253366008e-14	3.64637614547e-09	6.50075992924e-14	6.44399062108e-13	6.64229123653e-18	4.88550459285e-08
0.0674	6.86344433424e-14	3.67902153601e-09	6.53951219197e-14	6.48240419285e-13	6.68188746742e-18	4.91460591254e-08
0.0676	6.92471748542e-14	3.71186114225e-09	6.57837961461e-14	6.52093191555e-13	6.72160136866e-18	4.94379351556e-08
0.0678	6.98635418848e-14	3.74489553958e-09	6.61736219712e-14	6.55957378915e-13	6.76143294024e-18	4.97306740071e-08
0.068	7.04835551824e-14	3.7781253034e-09	6.65645993951e-14	6.59832981363e-13	6.80138218218e-18	5.00242756682e-08
0.0682	7.11072254953e-14	3.81155100911e-09	6.69567284175e-14	6.63719998894e-13	6.84144909446e-18	5.03187401272e-08
0.0684	7.17345635719e-14	3.84517323209e-09	6.73500090382e-14	6.67618431506e-13	6.88163367708e-18	5.06140673723e-08
0.0686	7.23655801603e-14	3.87899254772e-09	6.7744441257e-14	6.71528279195e-13	6.92193593004e-18	5.09102573916e-08
0.0688	7.30002860087e-14	3.91300953139e-09	6.81400250739e-14	6.75449541959e-13	6.96235585334e-18	5.12073101734e-08
0.069	7.36386918651e-14	3.94722475847e-09	6.85367604886e-14	6.79382219794e-13	7.00289344697e-18	5.15052257059e-08
0.0692	7.42808084778e-14	3.98163880431e-09	6.8934647501e-14	6.83326312698e-13	7.04354871093e-18	5.18040039773e-08
0.0694	7.49266465946e-14	4.01625224429e-09	6.93336861108e-14	6.87281820667e-13	7.08432164521e-18	5.21036449759e-08
0.0696	7.55762169637e-14	4.05106565376e-09	6.9733876318e-14	6.91248743697e-13	7.12521224982e-18	5.24041486898e-08
0.0698	7.62295303329e-14	4.08607960807e-09	7.01352181224e-14	6.95227081786e-13	7.16622052476e-18	5.27055151072e-08
0.07	7.68865974501e-14	4.12129468257e-09	7.05377115237e-14	6.99216834931e-13	7.20734647001e-18	5.30077442165e-08
0.0702	7.75474290632e-14	4.15671145259e-09	7.09413565218e-14	7.03218003129e-13	7.24859008558e-18	5.33108360058e-08
0.0704	7.821203592e-14	4.19233049347e-09	7.13461531166e-14	7.07230586375e-13	7.28995137146e-18	5.36147904633e-08
0.0706	7.88804287682e-14	4.22815238054e-09	7.17521013079e-14	7.11254584669e-13	7.33143032765e-18	5.39196075772e-08
0.0708	7.95526183557e-14	4.26417768912e-09	7.21592010955e-14	7.15289998005e-13	7.37302695415e-18	5.42252873358e-08
0.071	8.02286154299e-14	4.30040699453e-09	7.25674524793e-14	7.19336826381e-13	7.41474125096e-18	5.45318297272e-08
0.0712	8.09084307386e-14	4.33684087209e-09	7.2976855459e-14	7.23395069794e-13	7.45657321807e-18	5.48392347398e-08
0.0714	8.15920750293e-14	4.3734798971e-09	7.33874100345e-14	7.2746472824e-13	7.49852285548e-18	5.51475023617e-08
0.0716	8.22795590496e-14	4.41032464487e-09	7.37991162057e-14	7.31545801717e-13	7.54059016318e-18	5.54566325811e-08
0.0718	8.2970893547e-14	4.44737569069e-09	7.42119739724e-14	7.35638290222e-13	7.58277514118e-18	5.57666253862e-08
0.072	8.36660892689e-14	4.48463360985e-09	7.46259833343e-14	7.3974219375e-13	7.62507778947e-18	5.60774807653e-08
0.0722	8.43651569627e-14	4.52209897765e-09	7.50411442914e-14	7.438575123e-13	7.66749810805e-18	5.63891987066e-08
0.0724	8.50681073758e-14	4.55977236935e-09	7.54574568435e-14	7.47984245868e-13	7.71003609692e-18	5.67017791983e-08
0.0726	8.57749512555e-14	4.59765436025e-09	7.58749209904e-14	7.5212239445e-13	7.75269175607e-18	5.70152222286e-08
0.0728	8.6485699349e-14	4.6357455256e-09	7.62935367319e-14	7.56271958045e-13	7.7954650855e-18	5.73295277858e-08
0.073	8.72003624036e-14	4.67404644068e-09	7.67133040678e-14	7.60432936647e-13	7.8383560852e-18	5.7644695858e-08
0.0732	8.79189511664e-14	4.71255768074e-09	7.71342229981e-14	7.64605330256e-13	7.88136475518e-18	5.79607264335e-08
0.0734	8.86414763846e-14	4.75127982104e-09	7.75562935225e-14	7.68789138866e-13	7.92449109544e-18	5.82776195005e-08
0.0736	8.93679488052e-14	4.79021343682e-09	7.79795156408e-14	7.72984362476e-13	7.96773510596e-18	5.85953750472e-08
0.0738	9.00983791754e-14	4.82935910334e-09	7.8403889353e-14	7.77191001081e-13	8.01109678675e-18	5.89139930619e-08
0.074	9.0832778242e-14	4.86871739582e-09	7.88294146587e-14	7.8140905468e-13	8.0545761378e-18	5.92334735327e-08
0.0742	9.15711567521e-14	4.90828888951e-09	7.92560915579e-14	7.85638523268e-13	8.09817315912e-18	5.95538164479e-08
0.0744	9.23135254526e-14	4.94807415962e-09	7.96839200504e-14	7.89879406843e-13	8.14188785069e-18	5.98750217956e-08
0.0746	9.30598950903e-14	4.98807378139e-09	8.0112900136e-14	7.94131705401e-13	8.18572021252e-18	6.01970895642e-08
0.0748	9.3810276412e-14	5.02828833003e-09	8.05430318146e-14	7.9839541894e-13	8.2296702446e-18	6.05200197418e-08
0.075	9.45646801645e-14	5.06871838075e-09	8.09743150859e-14	8.02670547455e-13	8.27373794693e-18	6.08438123167e-08
0.0752	9.53231170945e-14	5.10936450876e-09	8.14067499499e-14	8.06957090945e-13	8.3179233195e-18	6.11684672771e-08
0.0754	9.60855979487e-14	5.15022728925e-09	8.18403364063e-14	8.11255049405e-13	8.36222636233e-18	6.14939846111e-08
0.0756	9.68521334738e-14	5.19130729743e-09	8.2275074455e-14	8.15564422834e-13	8.40664707539e-18	6.1820364307e-08
0.0758	9.76227344163e-14	5.23260510849e-09	8.27109640957e-14	8.19885211227e-13	8.45118545869e-18	6.21476063531e-08
0.076	9.83974115228e-14	5.2741212976e-09	8.31480053285e-14	8.24217414581e-13	8.49584151223e-18	6.24757107376e-08
0.0762	9.91761755398e-14	5.31585643996e-09	8.35861981529e-14	8.28561032894e-13	8.540615236e-18	6.28046774486e-08
0.0764	9.99590372137e-14	5.35781111072e-09	8.4025542569e-14	8.32916066161e-13	8.58550663e-18	6.31345064744e-08
0.0766	1.00746007291e-13	5.39998588507e-09	8.44660385766e-14	8.37282514381e-13	8.63051569423e-18	6.34651978032e-08
0.0768	1.01537096518e-13	5.44238133817e-09	8.49076861753e-14	8.4166037755e-13	8.67564242869e-18	6.37967514233e-08
0.077	1.02332315641e-13	5.48499804517e-09	8.53504853652e-14	8.46049655665e-13	8.72088683336e-18	6.41291673228e-08
0.0772	1.03131675406e-13	5.52783658123e-09	8.5794436146e-14	8.50450348722e-13	8.76624890826e-18	6.44624454901e-08
0.0774	1.0393518656e-13	5.5708975215e-09	8.62395385176e-14	8.54862456718e-13	8.81172865337e-18	6.47965859132e-08
0.0776	1.04742859849e-13	5.61418144111e-09	8.66857924798e-14	8.59285979651e-13	8.8573260687e-18	6.51315885804e-08
0.0778	1.05554706018e-13	5.6576889152e-09	8.71331980323e-14	8.63720917518e-13	8.90304115424e-18	6.546745348e-08
0.078	1.06370735815e-13	5.70142051892e-09	8.75817551752e-14	8.68167270314e-13	8.94887390998e-18	6.58041806001e-08
0.0782	1.07190959984e-13	5.74537682737e-09	8.80314639081e-14	8.72625038037e-13	8.99482433593e-18	6.6141769929e-08
0.0784	1.08015389273e-13	5.78955841569e-09	8.8482324231e-14	8.77094220684e-13	9.04089243209e-18	6.6480221455e-08
0.0786	1.08844034426e-13	5.83396585898e-09	8.89343361435e-14	8.81574818252e-13	9.08707819844e-18	6.68195351662e-08
0.0788	1.09676906191e-13	5.87859973237e-09	8.93874996457e-14	8.86066830737e-13	9.13338163499e-18	6.71597110508e-08
0.079	1.10514015312e-13	5.92346061095e-09	8.98418147373e-14	8.90570258136e-13	9.17980274174e-18	6.75007490971e-08
0.0792	1.11355372536e-13	5.96854906982e-09	9.02972814181e-14	8.95085100447e-13	9.22634151868e-18	6.78426492933e-08
0.0794	1.12200988608e-13	6.01386568408e-09	9.0753899688e-14	8.99611357666e-13	9.2729979658e-18	6.81854116276e-08
0.0796	1.13050874274e-13	6.05941102882e-09	9.12116695469e-14	9.04149029789e-13	9.31977208312e-18	6.85290360882e-08
0.0798	1.1390504028e-13	6.10518567912e-09	9.16705909944e-14	9.08698116815e-13	9.36666387061e-18	6.88735226635e-08
0.08	1.14763497372e-13	6.15119021005e-09	9.21306640305e-14	9.13258618739e-13	9.41367332829e-18	6.92188713415e-08
0.0802	1.15626256295e-13	6.1974251967e-09	9.25918886551e-14	9.17830535559e-13	9.46080045614e-18	6.95650821105e-08
0.0804	1.16493327794e-13	6.24389121412e-09	9.30542648678e-14	9.22413867271e-13	9.50804525417e-18	6.99121549587e-08
0.0806	1.17364722615e-13	6.29058883739e-09	9.35177926687e-14	9.27008613872e-13	9.55540772238e-18	7.02600898744e-08
0.0808	1.18240451504e-13	6.33751864155e-09	9.39824720574e-14	9.3161477536e-13	9.60288786075e-18	7.06088868458e-08
0.081	1.19120525206e-13	6.38468120167e-09	9.44483030338e-14	9.3623235173e-13	9.65048566929e-18	7.09585458611e-08
0.0812	1.20004954467e-13	6.43207709277e-09	9.49152855978e-14	9.40861342981e-13	9.69820114799e-18	7.13090669085e-08
0.0814	1.20893750031e-13	6.47970688992e-09	9.53834197493e-14	9.45501749108e-13	9.74603429685e-18	7.16604499763e-08
0.0816	1.21786922644e-13	6.52757116813e-09	9.58527054879e-14	9.50153570108e-13	9.79398511587e-18	7.20126950526e-08
0.0818	1.22684483051e-13	6.57567050245e-09	9.63231428136e-14	9.54816805979e-13	9.84205360505e-18	7.23658021257e-08
0.082	1.23586441998e-13	6.62400546789e-09	9.67947317261e-14	9.59491456718e-13	9.89023976438e-18	7.27197711839e-08
0.0822	1.2449281023e-13	6.67257663948e-09	9.72674722254e-14	9.6417752232e-13	9.93854359386e-18	7.30746022152e-08
0.0824	1.25403598491e-13	6.72138459223e-09	9.77413643113e-14	9.68875002783e-13	9.98696509349e-18	7.34302952081e-08
0.0826	1.26318817527e-13	6.77042990114e-09	9.82164079835e-14	9.73583898105e-13	1.00355042633e-17	7.37868501506e-08
0.0828	1.27238478082e-13	6.81971314123e-09	9.8692603242e-14	9.78304208281e-13	1.00841611032e-17	7.41442670311e-08
0.083	1.28162590903e-13	6.86923488749e-09	9.91699500864e-14	9.83035933308e-13	1.01329356132e-17	7.45025458377e-08
0.0832	1.29091166733e-13	6.91899571491e-09	9.96484485168e-14	9.87779073184e-13	1.01818277934e-17	7.48616865586e-08
0.0834	1.30024216318e-13	6.96899619848e-09	1.00128098533e-13	9.92533627905e-13	1.02308376437e-17	7.52216891822e-08
0.0836	1.30961750402e-13	7.01923691318e-09	1.00608900134e-13	9.97299597469e-13	1.02799651642e-17	7.55825536965e-08
0.0838	1.3190377973e-13	7.069718434e-09	1.01090853321e-13	1.00207698187e-12	1.03292103548e-17	7.59442800899e-08
0.084	1.32850315047e-13	7.12044133589e-09	1.01573958094e-13	1.00686578111e-12	1.03785732155e-17	7.63068683506e-08
0.0842	1.33801367098e-13	7.17140619383e-09	1.02058214451e-13	1.01166599518e-12	1.04280537463e-17	7.66703184667e-08
0.0844	1.34756946628e-13	7.22261358277e-09	1.02543622393e-13	1.01647762408e-12	1.04776519473e-17	7.70346304266e-08
0.0846	1.3571706438e-13	7.27406407768e-09	1.0303018192e-13	1.02130066781e-12	1.05273678183e-17	7.73998042184e-08
0.0848	1.36681731099e-13	7.3257582535e-09	1.03517893031e-13	1.02613512636e-12	1.05772013595e-17	7.77658398303e-08
0.085	1.37650957531e-13	7.37769668518e-09	1.04006755727e-13	1.03098099973e-12	1.06271525708e-17	7.81327372507e-08
0.0852	1.38624754419e-13	7.42987994765e-09	1.04496770007e-13	1.03583828792e-12	1.06772214522e-17	7.85004964676e-08
0.0854	1.39603132508e-13	7.48230861585e-09	1.04987935871e-13	1.04070699092e-12	1.07274080037e-17	7.88691174694e-08
0.0856	1.40586102543e-13	7.53498326471e-09	1.05480253318e-13	1.04558710873e-12	1.07777122253e-17	7.92386002443e-08
0.0858	1.41573675267e-13	7.58790446916e-09	1.0597372235e-13	1.05047864135e-12	1.0828134117e-17	7.96089447804e-08
0.086	1.42565861425e-13	7.6410728041e-09	1.06468342965e-13	1.05538158878e-12	1.08786736788e-17	7.99801510661e-08
0.0862	1.43562671761e-13	7.69448884446e-09	1.06964115163e-13	1.060295951e-12	1.09293309107e-17	8.03522190895e-08
0.0864	1.44564117019e-13	7.74815316513e-09	1.07461038945e-13	1.06522172803e-12	1.09801058127e-17	8.07251488389e-08
0.0866	1.45570207944e-13	7.80206634103e-09	1.07959114309e-13	1.07015891984e-12	1.10309983848e-17	8.10989403024e-08
0.0868	1.4658095528e-13	7.85622894705e-09	1.08458341256e-13	1.07510752646e-12	1.1082008627e-17	8.14735934684e-08
0.087	1.47596369771e-13	7.91064155807e-09	1.08958719786e-13	1.08006754786e-12	1.11331365392e-17	8.1849108325e-08
0.0872	1.4861646216e-13	7.96530474899e-09	1.09460249899e-13	1.08503898404e-12	1.11843821216e-17	8.22254848605e-08
0.0874	1.49641243192e-13	8.02021909469e-09	1.09962931594e-13	1.09002183501e-12	1.1235745374e-17	8.26027230631e-08
0.0876	1.50670723611e-13	8.07538517004e-09	1.10466764871e-13	1.09501610076e-12	1.12872262965e-17	8.2980822921e-08
0.0878	1.5170491416e-13	8.13080354991e-09	1.1097174973e-13	1.10002178128e-12	1.1338824889e-17	8.33597844225e-08
0.088	1.52743825584e-13	8.18647480916e-09	1.11477886171e-13	1.10503887658e-12	1.13905411517e-17	8.37396075558e-08
0.0882	1.53787468626e-13	8.24239952267e-09	1.11985174193e-13	1.11006738664e-12	1.14423750844e-17	8.4120292309e-08
0.0884	1.5483585403e-13	8.29857826527e-09	1.12493613798e-13	1.11510731148e-12	1.14943266871e-17	8.45018386705e-08
0.0886	1.5588899254e-13	8.35501161181e-09	1.13003204983e-13	1.12015865107e-12	1.154639596e-17	8.48842466285e-08
0.0888	1.56946894899e-13	8.41170013715e-09	1.1351394775e-13	1.12522140543e-12	1.15985829028e-17	8.52675161711e-08
0.089	1.58009571852e-13	8.46864441612e-09	1.14025842097e-13	1.13029557455e-12	1.16508875158e-17	8.56516472867e-08
0.0892	1.5907703414e-13	8.52584502354e-09	1.14538888025e-13	1.13538115842e-12	1.17033097988e-17	8.60366399634e-08
0.0894	1.60149292509e-13	8.58330253426e-09	1.15053085535e-13	1.14047815704e-12	1.17558497518e-17	8.64224941894e-08
0.0896	1.61226357702e-13	8.64101752308e-09	1.15568434624e-13	1.1455865704e-12	1.18085073749e-17	8.68092099531e-08
0.0898	1.62308240461e-13	8.69899056483e-09	1.16084935294e-13	1.15070639852e-12	1.1861282668e-17	8.71967872426e-08
0.09	1.63394951531e-13	8.75722223432e-09	1.16602587544e-13	1.15583764137e-12	1.19141756312e-17	8.75852260462e-08
0.0902	1.64486501655e-13	8.81571310635e-09	1.17121391374e-13	1.16098029897e-12	1.19671862644e-17	8.7974526352e-08
0.0904	1.65582901576e-13	8.87446375573e-09	1.17641346784e-13	1.16613437129e-12	1.20203145677e-17	8.83646881483e-08
0.0906	1.66684162037e-13	8.93347475724e-09	1.18162453773e-13	1.17129985836e-12	1.2073560541e-17	8.87557114234e-08
0.0908	1.67790293782e-13	8.99274668569e-09	1.18684712342e-13	1.17647676015e-12	1.21269241843e-17	8.91475961655e-08
0.091	1.68901307554e-13	9.05228011584e-09	1.1920812249e-13	1.18166507666e-12	1.21804054976e-17	8.95403423627e-08
0.0912	1.70017214095e-13	9.11207562249e-09	1.19732684218e-13	1.1868648079e-12	1.2234004481e-17	8.99339500034e-08
0.0914	1.7113802415e-13	9.17213378041e-09	1.20258397524e-13	1.19207595386e-12	1.22877211344e-17	9.03284190757e-08
0.0916	1.7226374846e-13	9.23245516436e-09	1.20785262409e-13	1.19729851454e-12	1.23415554578e-17	9.07237495679e-08
0.0918	1.7339439777e-13	9.29304034911e-09	1.21313278873e-13	1.20253248993e-12	1.23955074512e-17	9.11199414682e-08
0.092	1.74529982821e-13	9.35388990941e-09	1.21842446915e-13	1.20777788002e-12	1.24495771147e-17	9.15169947649e-08
0.0922	1.75670514357e-13	9.41500442002e-09	1.22372766536e-13	1.21303468483e-12	1.25037644481e-17	9.19149094461e-08
0.0924	1.76816003121e-13	9.47638445568e-09	1.22904237735e-13	1.21830290434e-12	1.25580694516e-17	9.23136855001e-08
0.0926	1.77966459856e-13	9.53803059114e-09	1.23436860511e-13	1.22358253855e-12	1.26124921251e-17	9.27133229151e-08
0.0928	1.79121895304e-13	9.59994340114e-09	1.23970634866e-13	1.22887358746e-12	1.26670324685e-17	9.31138216794e-08
0.093	1.80282320208e-13	9.6621234604e-09	1.24505560798e-13	1.23417605107e-12	1.2721690482e-17	9.35151817812e-08
0.0932	1.8144774531e-13	9.72457134364e-09	1.25041638307e-13	1.23948992936e-12	1.27764661655e-17	9.39174032087e-08
0.0934	1.82618181354e-13	9.7872876256e-09	1.25578867394e-13	1.24481522234e-12	1.28313595189e-17	9.43204859502e-08
0.0936	1.83793639082e-13	9.85027288098e-09	1.26117248058e-13	1.25015193001e-12	1.28863705424e-17	9.47244299938e-08
0.0938	1.84974129236e-13	9.9135276845e-09	1.26656780299e-13	1.25550005236e-12	1.29414992359e-17	9.51292353279e-08
0.094	1.86159662559e-13	9.97705261086e-09	1.27197464117e-13	1.26085958939e-12	1.29967455993e-17	9.55349019405e-08
0.0942	1.87350249794e-13	1.00408482348e-08	1.27739299511e-13	1.2662305411e-12	1.30521096327e-17	9.59414298201e-08
0.0944	1.88545901682e-13	1.01049151309e-08	1.28282286482e-13	1.27161290748e-12	1.31075913361e-17	9.63488189547e-08
0.0946	1.89746628967e-13	1.01692538739e-08	1.28826425029e-13	1.27700668852e-12	1.31631907095e-17	9.67570693327e-08
0.0948	1.9095244239e-13	1.02338650386e-08	1.29371715152e-13	1.28241188424e-12	1.32189077528e-17	9.71661809422e-08
0.095	1.92163352694e-13	1.02987491995e-08	1.29918156851e-13	1.28782849462e-12	1.32747424662e-17	9.75761537715e-08
0.0952	1.93379370621e-13	1.03639069314e-08	1.30465750126e-13	1.29325651965e-12	1.33306948495e-17	9.79869878088e-08
0.0954	1.94600506913e-13	1.04293388089e-08	1.31014494977e-13	1.29869595935e-12	1.33867649027e-17	9.83986830424e-08
0.0956	1.95826772312e-13	1.04950454067e-08	1.31564391403e-13	1.30414681369e-12	1.3442952626e-17	9.88112394604e-08
0.0958	1.97058177561e-13	1.05610272994e-08	1.32115439404e-13	1.30960908269e-12	1.34992580192e-17	9.92246570512e-08
0.096	1.98294733401e-13	1.06272850617e-08	1.3266763898e-13	1.31508276634e-12	1.35556810823e-17	9.96389358029e-08
0.0962	1.99536450575e-13	1.06938192683e-08	1.33220990131e-13	1.32056786463e-12	1.36122218154e-17	1.00054075704e-07
0.0964	2.00783339824e-13	1.07606304937e-08	1.33775492857e-13	1.32606437756e-12	1.36688802185e-17	1.00470076742e-07
0.0966	2.02035411891e-13	1.08277193126e-08	1.34331147158e-13	1.33157230513e-12	1.37256562915e-17	1.00886938906e-07
0.0968	2.03292677517e-13	1.08950862997e-08	1.34887953033e-13	1.33709164734e-12	1.37825500345e-17	1.01304662184e-07
0.097	2.04555147444e-13	1.09627320295e-08	1.35445910482e-13	1.34262240417e-12	1.38395614474e-17	1.01723246564e-07
0.0972	2.05822832413e-13	1.10306570767e-08	1.36005019506e-13	1.34816457564e-12	1.38966905302e-17	1.02142692034e-07
0.0974	2.07095743167e-13	1.1098862016e-08	1.36565280103e-13	1.35371816173e-12	1.3953937283e-17	1.02562998583e-07
0.0976	2.08373890448e-13	1.11673474218e-08	1.37126692274e-13	1.35928316244e-12	1.40113017057e-17	1.02984166198e-07
0.0978	2.09657284996e-13	1.12361138688e-08	1.37689256019e-13	1.36485957777e-12	1.40687837984e-17	1.03406194869e-07
0.098	2.10945937554e-13	1.13051619316e-08	1.38252971337e-13	1.37044740772e-12	1.4126383561e-17	1.03829084583e-07
0.0982	2.12239858863e-13	1.13744921849e-08	1.38817838228e-13	1.37604665228e-12	1.41841009935e-17	1.04252835328e-07
0.0984	2.13539059664e-13	1.14441052031e-08	1.39383856693e-13	1.38165731146e-12	1.42419360959e-17	1.04677447093e-07
0.0986	2.148435507e-13	1.15140015608e-08	1.3995102673e-13	1.38727938523e-12	1.42998888683e-17	1.05102919866e-07
0.0988	2.1615334271e-13	1.15841818328e-08	1.4051934834e-13	1.39291287362e-12	1.43579593106e-17	1.05529253636e-07
0.099	2.17468446438e-13	1.16546465934e-08	1.41088821523e-13	1.3985577766e-12	1.44161474228e-17	1.05956448389e-07
0.0992	2.18788872624e-13	1.17253964173e-08	1.41659446278e-13	1.40421409418e-12	1.44744532049e-17	1.06384504116e-07
0.0994	2.20114632009e-13	1.17964318791e-08	1.42231222605e-13	1.40988182635e-12	1.45328766569e-17	1.06813420803e-07
0.0996	2.21445735335e-13	1.18677535532e-08	1.42804150504e-13	1.41556097311e-12	1.45914177789e-17	1.07243198439e-07
0.0998	2.22782193343e-13	1.19393620143e-08	1.43378229975e-13	1.42125153447e-12	1.46500765707e-17	1.07673837013e-07
0.1	2.24124016773e-13	1.20112578369e-08	1.43953461018e-13	1.4269535104e-12	1.47088530325e-17	1.08105336512e-07
