       0	        0	        0	        0	        0	        0	        0	 
  0.0002	 4.13506e+06	  967.216	  967.216	  71135.6	  967.216	  967.216	 
  0.0004	 1.57335e+07	  14639.2	  14639.2	   539529	  14639.2	  14639.2	 
  0.0006	 3.3674e+07	  70105.7	  70105.7	 1.72634e+06	  70105.7	  70105.7	 
  0.0008	 5.69452e+07	   209595	   209595	 3.87954e+06	   209595	   209595	 
   0.001	 8.46374e+07	   484054	   484054	 7.18369e+06	   484054	   484054	 
  0.0012	 1.15934e+08	   949492	   949492	 1.17687e+07	   949492	   949492	 
  0.0014	 1.50103e+08	 1.66399e+06	 1.66399e+06	 1.77177e+07	 1.66399e+06	 1.66399e+06	 
  0.0016	 1.86491e+08	 2.68529e+06	 2.68529e+06	 2.50738e+07	 2.68529e+06	 2.68529e+06	 
  0.0018	 2.24517e+08	 4.06887e+06	 4.06887e+06	 3.38467e+07	 4.06887e+06	 4.06887e+06	 
   0.002	 2.63663e+08	 5.86646e+06	 5.86646e+06	 4.40176e+07	 5.86646e+06	 5.86646e+06	 
  0.0022	 3.03473e+08	 8.12493e+06	 8.12493e+06	 5.55446e+07	 8.12493e+06	 8.12493e+06	 
  0.0024	 3.43544e+08	 1.08854e+07	 1.08854e+07	 6.83667e+07	 1.08854e+07	 1.08854e+07	 
  0.0026	 3.83523e+08	 1.4183e+07	 1.4183e+07	 8.24079e+07	 1.4183e+07	 1.4183e+07	 
  0.0028	 4.23103e+08	 1.80459e+07	 1.80459e+07	 9.75799e+07	 1.80459e+07	 1.80459e+07	 
   0.003	 4.62017e+08	 2.24959e+07	 2.24959e+07	 1.13786e+08	 2.24959e+07	 2.24959e+07	 
  0.0032	 5.00035e+08	 2.75481e+07	 2.75481e+07	 1.30922e+08	 2.75481e+07	 2.75481e+07	 
  0.0034	 5.36962e+08	 3.32108e+07	 3.32108e+07	 1.4888e+08	 3.32108e+07	 3.32108e+07	 
  0.0036	 5.72633e+08	 3.94863e+07	 3.94863e+07	 1.6755e+08	 3.94863e+07	 3.94863e+07	 
  0.0038	 6.06909e+08	 4.63707e+07	 4.63707e+07	 1.86821e+08	 4.63707e+07	 4.63707e+07	 
   0.004	 6.39678e+08	 5.38544e+07	 5.38544e+07	 2.06582e+08	 5.38544e+07	 5.38544e+07	 
  0.0042	 6.7085e+08	 6.19229e+07	 6.19229e+07	 2.26724e+08	 6.19229e+07	 6.19229e+07	 
  0.0044	 7.00354e+08	 7.05565e+07	 7.05565e+07	 2.47141e+08	 7.05565e+07	 7.05565e+07	 
  0.0046	 7.28137e+08	 7.97316e+07	 7.97316e+07	 2.67731e+08	 7.97316e+07	 7.97316e+07	 
  0.0048	 7.54163e+08	 8.94204e+07	 8.94204e+07	 2.88394e+08	 8.94204e+07	 8.94204e+07	 
   0.005	 7.78409e+08	 9.95919e+07	 9.95919e+07	 3.09037e+08	 9.95919e+07	 9.95919e+07	 
  0.0052	 8.00866e+08	 1.10212e+08	 1.10212e+08	 3.2957e+08	 1.10212e+08	 1.10212e+08	 
  0.0054	 8.21535e+08	 1.21245e+08	 1.21245e+08	 3.4991e+08	 1.21245e+08	 1.21245e+08	 
  0.0056	 8.40427e+08	 1.32652e+08	 1.32652e+08	 3.69979e+08	 1.32652e+08	 1.32652e+08	 
  0.0058	 8.57561e+08	 1.44393e+08	 1.44393e+08	 3.89704e+08	 1.44393e+08	 1.44393e+08	 
   0.006	 8.72965e+08	 1.56427e+08	 1.56427e+08	 4.09018e+08	 1.56427e+08	 1.56427e+08	 
  0.0062	 8.86672e+08	 1.68712e+08	 1.68712e+08	 4.2786e+08	 1.68712e+08	 1.68712e+08	 
  0.0064	 8.98721e+08	 1.81206e+08	 1.81206e+08	 4.46173e+08	 1.81206e+08	 1.81206e+08	 
  0.0066	 9.09155e+08	 1.93865e+08	 1.93865e+08	 4.63909e+08	 1.93865e+08	 1.93865e+08	 
  0.0068	 9.18022e+08	 2.06649e+08	 2.06649e+08	 4.81023e+08	 2.06649e+08	 2.06649e+08	 
   0.007	 9.25373e+08	 2.19514e+08	 2.19514e+08	 4.97474e+08	 2.19514e+08	 2.19514e+08	 
  0.0072	 9.3126e+08	 2.32419e+08	 2.32419e+08	 5.1323e+08	 2.32419e+08	 2.32419e+08	 
  0.0074	 9.35739e+08	 2.45325e+08	 2.45325e+08	 5.28259e+08	 2.45325e+08	 2.45325e+08	 
  0.0076	 9.38866e+08	 2.58191e+08	 2.58191e+08	 5.42538e+08	 2.58191e+08	 2.58191e+08	 
  0.0078	 9.407e+08	 2.7098e+08	 2.7098e+08	 5.56046e+08	 2.7098e+08	 2.7098e+08	 
   0.008	 9.41298e+08	 2.83656e+08	 2.83656e+08	 5.68767e+08	 2.83656e+08	 2.83656e+08	 
  0.0082	 9.40719e+08	 2.96183e+08	 2.96183e+08	 5.80689e+08	 2.96183e+08	 2.96183e+08	 
  0.0084	 9.39023e+08	 3.08528e+08	 3.08528e+08	 5.91804e+08	 3.08528e+08	 3.08528e+08	 
  0.0086	 9.36267e+08	 3.20659e+08	 3.20659e+08	 6.02106e+08	 3.20659e+08	 3.20659e+08	 
  0.0088	 9.3251e+08	 3.32547e+08	 3.32547e+08	 6.11594e+08	 3.32547e+08	 3.32547e+08	 
   0.009	 9.27809e+08	 3.44164e+08	 3.44164e+08	 6.2027e+08	 3.44164e+08	 3.44164e+08	 
  0.0092	 9.2222e+08	 3.55483e+08	 3.55483e+08	 6.28136e+08	 3.55483e+08	 3.55483e+08	 
  0.0094	 9.15798e+08	 3.66481e+08	 3.66481e+08	 6.35202e+08	 3.66481e+08	 3.66481e+08	 
  0.0096	 9.08598e+08	 3.77135e+08	 3.77135e+08	 6.41475e+08	 3.77135e+08	 3.77135e+08	 
  0.0098	 9.00672e+08	 3.87426e+08	 3.87426e+08	 6.46966e+08	 3.87426e+08	 3.87426e+08	 
    0.01	 8.92072e+08	 3.97336e+08	 3.97336e+08	 6.5169e+08	 3.97336e+08	 3.97336e+08	 
  0.0102	 8.82847e+08	 4.06847e+08	 4.06847e+08	 6.55661e+08	 4.06847e+08	 4.06847e+08	 
  0.0104	 8.73046e+08	 4.15945e+08	 4.15945e+08	 6.58895e+08	 4.15945e+08	 4.15945e+08	 
  0.0106	 8.62715e+08	 4.24618e+08	 4.24618e+08	 6.61411e+08	 4.24618e+08	 4.24618e+08	 
  0.0108	 8.519e+08	 4.32855e+08	 4.32855e+08	 6.63228e+08	 4.32855e+08	 4.32855e+08	 
   0.011	 8.40643e+08	 4.40647e+08	 4.40647e+08	 6.64366e+08	 4.40647e+08	 4.40647e+08	 
  0.0112	 8.28987e+08	 4.47986e+08	 4.47986e+08	 6.64846e+08	 4.47986e+08	 4.47986e+08	 
  0.0114	 8.16971e+08	 4.54867e+08	 4.54867e+08	 6.6469e+08	 4.54867e+08	 4.54867e+08	 
  0.0116	 8.04633e+08	 4.61285e+08	 4.61285e+08	 6.6392e+08	 4.61285e+08	 4.61285e+08	 
  0.0118	 7.92011e+08	 4.67238e+08	 4.67238e+08	 6.62561e+08	 4.67238e+08	 4.67238e+08	 
   0.012	 7.79139e+08	 4.72724e+08	 4.72724e+08	 6.60634e+08	 4.72724e+08	 4.72724e+08	 
  0.0122	 7.66051e+08	 4.77743e+08	 4.77743e+08	 6.58164e+08	 4.77743e+08	 4.77743e+08	 
  0.0124	 7.52777e+08	 4.82297e+08	 4.82297e+08	 6.55175e+08	 4.82297e+08	 4.82297e+08	 
  0.0126	 7.39349e+08	 4.86388e+08	 4.86388e+08	 6.51691e+08	 4.86388e+08	 4.86388e+08	 
  0.0128	 7.25794e+08	 4.90019e+08	 4.90019e+08	 6.47736e+08	 4.90019e+08	 4.90019e+08	 
   0.013	 7.1214e+08	 4.93195e+08	 4.93195e+08	 6.43333e+08	 4.93195e+08	 4.93195e+08	 
  0.0132	 6.98413e+08	 4.95922e+08	 4.95922e+08	 6.38506e+08	 4.95922e+08	 4.95922e+08	 
  0.0134	 6.84635e+08	 4.98207e+08	 4.98207e+08	 6.33279e+08	 4.98207e+08	 4.98207e+08	 
  0.0136	 6.7083e+08	 5.00056e+08	 5.00056e+08	 6.27675e+08	 5.00056e+08	 5.00056e+08	 
  0.0138	 6.57019e+08	 5.01478e+08	 5.01478e+08	 6.21718e+08	 5.01478e+08	 5.01478e+08	 
   0.014	 6.43223e+08	 5.02482e+08	 5.02482e+08	 6.15429e+08	 5.02482e+08	 5.02482e+08	 
  0.0142	 6.29459e+08	 5.03076e+08	 5.03076e+08	 6.0883e+08	 5.03076e+08	 5.03076e+08	 
  0.0144	 6.15745e+08	 5.03272e+08	 5.03272e+08	 6.01944e+08	 5.03272e+08	 5.03272e+08	 
  0.0146	 6.02098e+08	 5.0308e+08	 5.0308e+08	 5.94792e+08	 5.0308e+08	 5.0308e+08	 
  0.0148	 5.88532e+08	 5.0251e+08	 5.0251e+08	 5.87394e+08	 5.0251e+08	 5.0251e+08	 
   0.015	 5.75061e+08	 5.01575e+08	 5.01575e+08	 5.7977e+08	 5.01575e+08	 5.01575e+08	 
  0.0152	 5.617e+08	 5.00285e+08	 5.00285e+08	 5.7194e+08	 5.00285e+08	 5.00285e+08	 
  0.0154	 5.48458e+08	 4.98653e+08	 4.98653e+08	 5.63922e+08	 4.98653e+08	 4.98653e+08	 
  0.0156	 5.35349e+08	 4.96691e+08	 4.96691e+08	 5.55736e+08	 4.96691e+08	 4.96691e+08	 
  0.0158	 5.22381e+08	 4.94412e+08	 4.94412e+08	 5.47398e+08	 4.94412e+08	 4.94412e+08	 
   0.016	 5.09563e+08	 4.91828e+08	 4.91828e+08	 5.38927e+08	 4.91828e+08	 4.91828e+08	 
  0.0162	 4.96905e+08	 4.88952e+08	 4.88952e+08	 5.30338e+08	 4.88952e+08	 4.88952e+08	 
  0.0164	 4.84414e+08	 4.85796e+08	 4.85796e+08	 5.21647e+08	 4.85796e+08	 4.85796e+08	 
  0.0166	 4.72096e+08	 4.82373e+08	 4.82373e+08	 5.1287e+08	 4.82373e+08	 4.82373e+08	 
  0.0168	 4.59958e+08	 4.78697e+08	 4.78697e+08	 5.04021e+08	 4.78697e+08	 4.78697e+08	 
   0.017	 4.48004e+08	 4.74779e+08	 4.74779e+08	 4.95114e+08	 4.74779e+08	 4.74779e+08	 
  0.0172	 4.36241e+08	 4.70633e+08	 4.70633e+08	 4.86162e+08	 4.70633e+08	 4.70633e+08	 
  0.0174	 4.24672e+08	 4.66271e+08	 4.66271e+08	 4.77179e+08	 4.66271e+08	 4.66271e+08	 
  0.0176	 4.133e+08	 4.61705e+08	 4.61705e+08	 4.68176e+08	 4.61705e+08	 4.61705e+08	 
  0.0178	 4.02129e+08	 4.56947e+08	 4.56947e+08	 4.59165e+08	 4.56947e+08	 4.56947e+08	 
   0.018	 3.91161e+08	 4.52011e+08	 4.52011e+08	 4.50157e+08	 4.52011e+08	 4.52011e+08	 
  0.0182	 3.80399e+08	 4.46906e+08	 4.46906e+08	 4.41162e+08	 4.46906e+08	 4.46906e+08	 
  0.0184	 3.69843e+08	 4.41647e+08	 4.41647e+08	 4.3219e+08	 4.41647e+08	 4.41647e+08	 
  0.0186	 3.59495e+08	 4.36242e+08	 4.36242e+08	 4.23251e+08	 4.36242e+08	 4.36242e+08	 
  0.0188	 3.49356e+08	 4.30705e+08	 4.30705e+08	 4.14353e+08	 4.30705e+08	 4.30705e+08	 
   0.019	 3.39425e+08	 4.25046e+08	 4.25046e+08	 4.05504e+08	 4.25046e+08	 4.25046e+08	 
  0.0192	 3.29705e+08	 4.19275e+08	 4.19275e+08	 3.96712e+08	 4.19275e+08	 4.19275e+08	 
  0.0194	 3.20193e+08	 4.13403e+08	 4.13403e+08	 3.87985e+08	 4.13403e+08	 4.13403e+08	 
  0.0196	 3.10889e+08	 4.07439e+08	 4.07439e+08	 3.79328e+08	 4.07439e+08	 4.07439e+08	 
  0.0198	 3.01793e+08	 4.01395e+08	 4.01395e+08	 3.70749e+08	 4.01395e+08	 4.01395e+08	 
    0.02	 2.92903e+08	 3.95279e+08	 3.95279e+08	 3.62253e+08	 3.95279e+08	 3.95279e+08	 
  0.0202	 2.84218e+08	 3.89101e+08	 3.89101e+08	 3.53846e+08	 3.89101e+08	 3.89101e+08	 
  0.0204	 2.75737e+08	 3.82868e+08	 3.82868e+08	 3.45532e+08	 3.82868e+08	 3.82868e+08	 
  0.0206	 2.67457e+08	 3.76591e+08	 3.76591e+08	 3.37316e+08	 3.76591e+08	 3.76591e+08	 
  0.0208	 2.59377e+08	 3.70278e+08	 3.70278e+08	 3.29202e+08	 3.70278e+08	 3.70278e+08	 
   0.021	 2.51495e+08	 3.63935e+08	 3.63935e+08	 3.21195e+08	 3.63935e+08	 3.63935e+08	 
  0.0212	 2.43807e+08	 3.57571e+08	 3.57571e+08	 3.13297e+08	 3.57571e+08	 3.57571e+08	 
  0.0214	 2.36313e+08	 3.51194e+08	 3.51194e+08	 3.05511e+08	 3.51194e+08	 3.51194e+08	 
  0.0216	 2.29009e+08	 3.44809e+08	 3.44809e+08	 2.97841e+08	 3.44809e+08	 3.44809e+08	 
  0.0218	 2.21893e+08	 3.38425e+08	 3.38425e+08	 2.90289e+08	 3.38425e+08	 3.38425e+08	 
   0.022	 2.14962e+08	 3.32047e+08	 3.32047e+08	 2.82857e+08	 3.32047e+08	 3.32047e+08	 
  0.0222	 2.08213e+08	 3.25682e+08	 3.25682e+08	 2.75547e+08	 3.25682e+08	 3.25682e+08	 
  0.0224	 2.01643e+08	 3.19335e+08	 3.19335e+08	 2.6836e+08	 3.19335e+08	 3.19335e+08	 
  0.0226	 1.95249e+08	 3.13012e+08	 3.13012e+08	 2.61298e+08	 3.13012e+08	 3.13012e+08	 
  0.0228	 1.89028e+08	 3.06718e+08	 3.06718e+08	 2.54363e+08	 3.06718e+08	 3.06718e+08	 
   0.023	 1.82978e+08	 3.00458e+08	 3.00458e+08	 2.47554e+08	 3.00458e+08	 3.00458e+08	 
  0.0232	 1.77094e+08	 2.94236e+08	 2.94236e+08	 2.40873e+08	 2.94236e+08	 2.94236e+08	 
  0.0234	 1.71374e+08	 2.88058e+08	 2.88058e+08	 2.3432e+08	 2.88058e+08	 2.88058e+08	 
  0.0236	 1.65815e+08	 2.81927e+08	 2.81927e+08	 2.27895e+08	 2.81927e+08	 2.81927e+08	 
  0.0238	 1.60412e+08	 2.75848e+08	 2.75848e+08	 2.21599e+08	 2.75848e+08	 2.75848e+08	 
   0.024	 1.55164e+08	 2.69823e+08	 2.69823e+08	 2.15431e+08	 2.69823e+08	 2.69823e+08	 
  0.0242	 1.50067e+08	 2.63857e+08	 2.63857e+08	 2.09391e+08	 2.63857e+08	 2.63857e+08	 
  0.0244	 1.45117e+08	 2.57952e+08	 2.57952e+08	 2.03479e+08	 2.57952e+08	 2.57952e+08	 
  0.0246	 1.40312e+08	 2.52111e+08	 2.52111e+08	 1.97694e+08	 2.52111e+08	 2.52111e+08	 
  0.0248	 1.35648e+08	 2.46338e+08	 2.46338e+08	 1.92035e+08	 2.46338e+08	 2.46338e+08	 
   0.025	 1.31122e+08	 2.40634e+08	 2.40634e+08	 1.86502e+08	 2.40634e+08	 2.40634e+08	 
  0.0252	 1.26731e+08	 2.35002e+08	 2.35002e+08	 1.81093e+08	 2.35002e+08	 2.35002e+08	 
  0.0254	 1.22471e+08	 2.29444e+08	 2.29444e+08	 1.75808e+08	 2.29444e+08	 2.29444e+08	 
  0.0256	 1.1834e+08	 2.23962e+08	 2.23962e+08	 1.70646e+08	 2.23962e+08	 2.23962e+08	 
  0.0258	 1.14334e+08	 2.18558e+08	 2.18558e+08	 1.65605e+08	 2.18558e+08	 2.18558e+08	 
   0.026	 1.10451e+08	 2.13232e+08	 2.13232e+08	 1.60684e+08	 2.13232e+08	 2.13232e+08	 
  0.0262	 1.06687e+08	 2.07988e+08	 2.07988e+08	 1.55881e+08	 2.07988e+08	 2.07988e+08	 
  0.0264	 1.03039e+08	 2.02825e+08	 2.02825e+08	 1.51195e+08	 2.02825e+08	 2.02825e+08	 
  0.0266	 9.95041e+07	 1.97744e+08	 1.97744e+08	 1.46625e+08	 1.97744e+08	 1.97744e+08	 
  0.0268	 9.60799e+07	 1.92748e+08	 1.92748e+08	 1.42169e+08	 1.92748e+08	 1.92748e+08	 
   0.027	 9.27632e+07	 1.87835e+08	 1.87835e+08	 1.37826e+08	 1.87835e+08	 1.87835e+08	 
  0.0272	 8.95512e+07	 1.83008e+08	 1.83008e+08	 1.33593e+08	 1.83008e+08	 1.83008e+08	 
  0.0274	 8.6441e+07	 1.78266e+08	 1.78266e+08	 1.29469e+08	 1.78266e+08	 1.78266e+08	 
  0.0276	 8.343e+07	 1.73611e+08	 1.73611e+08	 1.25453e+08	 1.73611e+08	 1.73611e+08	 
  0.0278	 8.05154e+07	 1.69041e+08	 1.69041e+08	 1.21541e+08	 1.69041e+08	 1.69041e+08	 
   0.028	 7.76946e+07	 1.64557e+08	 1.64557e+08	 1.17734e+08	 1.64557e+08	 1.64557e+08	 
  0.0282	 7.49649e+07	 1.6016e+08	 1.6016e+08	 1.14028e+08	 1.6016e+08	 1.6016e+08	 
  0.0284	 7.23239e+07	 1.55849e+08	 1.55849e+08	 1.10423e+08	 1.55849e+08	 1.55849e+08	 
  0.0286	 6.9769e+07	 1.51624e+08	 1.51624e+08	 1.06915e+08	 1.51624e+08	 1.51624e+08	 
  0.0288	 6.72978e+07	 1.47484e+08	 1.47484e+08	 1.03504e+08	 1.47484e+08	 1.47484e+08	 
   0.029	 6.49078e+07	 1.4343e+08	 1.4343e+08	 1.00187e+08	 1.4343e+08	 1.4343e+08	 
  0.0292	 6.25968e+07	 1.39461e+08	 1.39461e+08	 9.69621e+07	 1.39461e+08	 1.39461e+08	 
  0.0294	 6.03624e+07	 1.35576e+08	 1.35576e+08	 9.38281e+07	 1.35576e+08	 1.35576e+08	 
  0.0296	 5.82023e+07	 1.31775e+08	 1.31775e+08	 9.07828e+07	 1.31775e+08	 1.31775e+08	 
  0.0298	 5.61144e+07	 1.28057e+08	 1.28057e+08	 8.78244e+07	 1.28057e+08	 1.28057e+08	 
    0.03	 5.40966e+07	 1.24421e+08	 1.24421e+08	 8.49508e+07	 1.24421e+08	 1.24421e+08	 
  0.0302	 5.21467e+07	 1.20868e+08	 1.20868e+08	 8.21603e+07	 1.20868e+08	 1.20868e+08	 
  0.0304	 5.02626e+07	 1.17395e+08	 1.17395e+08	 7.94511e+07	 1.17395e+08	 1.17395e+08	 
  0.0306	 4.84424e+07	 1.14002e+08	 1.14002e+08	 7.68212e+07	 1.14002e+08	 1.14002e+08	 
  0.0308	 4.66842e+07	 1.10689e+08	 1.10689e+08	 7.42688e+07	 1.10689e+08	 1.10689e+08	 
   0.031	 4.4986e+07	 1.07453e+08	 1.07453e+08	 7.17922e+07	 1.07453e+08	 1.07453e+08	 
  0.0312	 4.33459e+07	 1.04295e+08	 1.04295e+08	 6.93894e+07	 1.04295e+08	 1.04295e+08	 
  0.0314	 4.17622e+07	 1.01213e+08	 1.01213e+08	 6.70589e+07	 1.01213e+08	 1.01213e+08	 
  0.0316	 4.02331e+07	 9.82062e+07	 9.82062e+07	 6.47987e+07	 9.82062e+07	 9.82062e+07	 
  0.0318	 3.87569e+07	 9.52734e+07	 9.52734e+07	 6.26071e+07	 9.52734e+07	 9.52734e+07	 
   0.032	 3.73319e+07	 9.24135e+07	 9.24135e+07	 6.04825e+07	 9.24135e+07	 9.24135e+07	 
  0.0322	 3.59565e+07	 8.96255e+07	 8.96255e+07	 5.84232e+07	 8.96255e+07	 8.96255e+07	 
  0.0324	 3.46291e+07	 8.69082e+07	 8.69082e+07	 5.64274e+07	 8.69082e+07	 8.69082e+07	 
  0.0326	 3.33481e+07	 8.42604e+07	 8.42604e+07	 5.44936e+07	 8.42604e+07	 8.42604e+07	 
  0.0328	 3.21121e+07	 8.1681e+07	 8.1681e+07	 5.26202e+07	 8.1681e+07	 8.1681e+07	 
   0.033	 3.09196e+07	 7.91688e+07	 7.91688e+07	 5.08054e+07	 7.91688e+07	 7.91688e+07	 
  0.0332	 2.97693e+07	 7.67226e+07	 7.67226e+07	 4.90479e+07	 7.67226e+07	 7.67226e+07	 
  0.0334	 2.86596e+07	 7.43411e+07	 7.43411e+07	 4.7346e+07	 7.43411e+07	 7.43411e+07	 
  0.0336	 2.75893e+07	 7.20233e+07	 7.20233e+07	 4.56982e+07	 7.20233e+07	 7.20233e+07	 
  0.0338	 2.65571e+07	 6.97678e+07	 6.97678e+07	 4.41031e+07	 6.97678e+07	 6.97678e+07	 
   0.034	 2.55618e+07	 6.75735e+07	 6.75735e+07	 4.25592e+07	 6.75735e+07	 6.75735e+07	 
  0.0342	 2.4602e+07	 6.54392e+07	 6.54392e+07	 4.1065e+07	 6.54392e+07	 6.54392e+07	 
  0.0344	 2.36767e+07	 6.33636e+07	 6.33636e+07	 3.96193e+07	 6.33636e+07	 6.33636e+07	 
  0.0346	 2.27846e+07	 6.13455e+07	 6.13455e+07	 3.82206e+07	 6.13455e+07	 6.13455e+07	 
  0.0348	 2.19246e+07	 5.93838e+07	 5.93838e+07	 3.68676e+07	 5.93838e+07	 5.93838e+07	 
   0.035	 2.10958e+07	 5.74772e+07	 5.74772e+07	 3.55589e+07	 5.74772e+07	 5.74772e+07	 
  0.0352	 2.02969e+07	 5.56246e+07	 5.56246e+07	 3.42934e+07	 5.56246e+07	 5.56246e+07	 
  0.0354	 1.9527e+07	 5.38247e+07	 5.38247e+07	 3.30696e+07	 5.38247e+07	 5.38247e+07	 
  0.0356	 1.87852e+07	 5.20764e+07	 5.20764e+07	 3.18865e+07	 5.20764e+07	 5.20764e+07	 
  0.0358	 1.80703e+07	 5.03786e+07	 5.03786e+07	 3.07428e+07	 5.03786e+07	 5.03786e+07	 
   0.036	 1.73816e+07	 4.873e+07	 4.873e+07	 2.96374e+07	 4.873e+07	 4.873e+07	 
  0.0362	 1.67181e+07	 4.71295e+07	 4.71295e+07	 2.85691e+07	 4.71295e+07	 4.71295e+07	 
  0.0364	 1.6079e+07	 4.55761e+07	 4.55761e+07	 2.75367e+07	 4.55761e+07	 4.55761e+07	 
  0.0366	 1.54634e+07	 4.40685e+07	 4.40685e+07	 2.65393e+07	 4.40685e+07	 4.40685e+07	 
  0.0368	 1.48704e+07	 4.26057e+07	 4.26057e+07	 2.55756e+07	 4.26057e+07	 4.26057e+07	 
   0.037	 1.42993e+07	 4.11866e+07	 4.11866e+07	 2.46448e+07	 4.11866e+07	 4.11866e+07	 
  0.0372	 1.37494e+07	 3.98101e+07	 3.98101e+07	 2.37458e+07	 3.98101e+07	 3.98101e+07	 
  0.0374	 1.32198e+07	 3.84751e+07	 3.84751e+07	 2.28776e+07	 3.84751e+07	 3.84751e+07	 
  0.0376	 1.27099e+07	 3.71807e+07	 3.71807e+07	 2.20393e+07	 3.71807e+07	 3.71807e+07	 
  0.0378	 1.2219e+07	 3.59258e+07	 3.59258e+07	 2.12298e+07	 3.59258e+07	 3.59258e+07	 
   0.038	 1.17464e+07	 3.47093e+07	 3.47093e+07	 2.04484e+07	 3.47093e+07	 3.47093e+07	 
  0.0382	 1.12915e+07	 3.35303e+07	 3.35303e+07	 1.96941e+07	 3.35303e+07	 3.35303e+07	 
  0.0384	 1.08535e+07	 3.23878e+07	 3.23878e+07	 1.89661e+07	 3.23878e+07	 3.23878e+07	 
  0.0386	 1.0432e+07	 3.12808e+07	 3.12808e+07	 1.82635e+07	 3.12808e+07	 3.12808e+07	 
  0.0388	 1.00264e+07	 3.02085e+07	 3.02085e+07	 1.75855e+07	 3.02085e+07	 3.02085e+07	 
   0.039	 9.63594e+06	 2.91697e+07	 2.91697e+07	 1.69313e+07	 2.91697e+07	 2.91697e+07	 
  0.0392	 9.26024e+06	 2.81638e+07	 2.81638e+07	 1.63002e+07	 2.81638e+07	 2.81638e+07	 
  0.0394	 8.89873e+06	 2.71897e+07	 2.71897e+07	 1.56914e+07	 2.71897e+07	 2.71897e+07	 
  0.0396	 8.55088e+06	 2.62466e+07	 2.62466e+07	 1.51041e+07	 2.62466e+07	 2.62466e+07	 
  0.0398	 8.21622e+06	 2.53336e+07	 2.53336e+07	 1.45377e+07	 2.53336e+07	 2.53336e+07	 
    0.04	 7.89426e+06	 2.44499e+07	 2.44499e+07	 1.39915e+07	 2.44499e+07	 2.44499e+07	 
  0.0402	 7.58453e+06	 2.35946e+07	 2.35946e+07	 1.34648e+07	 2.35946e+07	 2.35946e+07	 
  0.0404	 7.28659e+06	 2.27671e+07	 2.27671e+07	 1.2957e+07	 2.27671e+07	 2.27671e+07	 
  0.0406	 7.00002e+06	 2.19664e+07	 2.19664e+07	 1.24674e+07	 2.19664e+07	 2.19664e+07	 
  0.0408	 6.72439e+06	 2.11918e+07	 2.11918e+07	 1.19954e+07	 2.11918e+07	 2.11918e+07	 
   0.041	 6.4593e+06	 2.04425e+07	 2.04425e+07	 1.15405e+07	 2.04425e+07	 2.04425e+07	 
  0.0412	 6.20436e+06	 1.97179e+07	 1.97179e+07	 1.1102e+07	 1.97179e+07	 1.97179e+07	 
  0.0414	 5.95921e+06	 1.90172e+07	 1.90172e+07	 1.06795e+07	 1.90172e+07	 1.90172e+07	 
  0.0416	 5.72348e+06	 1.83396e+07	 1.83396e+07	 1.02723e+07	 1.83396e+07	 1.83396e+07	 
  0.0418	 5.49682e+06	 1.76846e+07	 1.76846e+07	 9.8799e+06	 1.76846e+07	 1.76846e+07	 
   0.042	 5.27889e+06	 1.70514e+07	 1.70514e+07	 9.50188e+06	 1.70514e+07	 1.70514e+07	 
  0.0422	 5.06937e+06	 1.64393e+07	 1.64393e+07	 9.13769e+06	 1.64393e+07	 1.64393e+07	 
  0.0424	 4.86795e+06	 1.58479e+07	 1.58479e+07	 8.78687e+06	 1.58479e+07	 1.58479e+07	 
  0.0426	 4.67433e+06	 1.52763e+07	 1.52763e+07	 8.44896e+06	 1.52763e+07	 1.52763e+07	 
  0.0428	 4.4882e+06	 1.4724e+07	 1.4724e+07	 8.1235e+06	 1.4724e+07	 1.4724e+07	 
   0.043	 4.30931e+06	 1.41905e+07	 1.41905e+07	 7.81007e+06	 1.41905e+07	 1.41905e+07	 
  0.0432	 4.13736e+06	 1.36752e+07	 1.36752e+07	 7.50825e+06	 1.36752e+07	 1.36752e+07	 
  0.0434	 3.9721e+06	 1.31774e+07	 1.31774e+07	 7.21762e+06	 1.31774e+07	 1.31774e+07	 
  0.0436	 3.81328e+06	 1.26966e+07	 1.26966e+07	 6.9378e+06	 1.26966e+07	 1.26966e+07	 
  0.0438	 3.66066e+06	 1.22324e+07	 1.22324e+07	 6.66841e+06	 1.22324e+07	 1.22324e+07	 
   0.044	 3.514e+06	 1.17841e+07	 1.17841e+07	 6.40908e+06	 1.17841e+07	 1.17841e+07	 
  0.0442	 3.37308e+06	 1.13514e+07	 1.13514e+07	 6.15945e+06	 1.13514e+07	 1.13514e+07	 
  0.0444	 3.23767e+06	 1.09336e+07	 1.09336e+07	 5.91918e+06	 1.09336e+07	 1.09336e+07	 
  0.0446	 3.10758e+06	 1.05304e+07	 1.05304e+07	 5.68794e+06	 1.05304e+07	 1.05304e+07	 
  0.0448	 2.98259e+06	 1.01412e+07	 1.01412e+07	 5.4654e+06	 1.01412e+07	 1.01412e+07	 
   0.045	 2.86252e+06	 9.76562e+06	 9.76562e+06	 5.25126e+06	 9.76562e+06	 9.76562e+06	 
  0.0452	 2.74717e+06	 9.40321e+06	 9.40321e+06	 5.0452e+06	 9.40321e+06	 9.40321e+06	 
  0.0454	 2.63636e+06	 9.05354e+06	 9.05354e+06	 4.84695e+06	 9.05354e+06	 9.05354e+06	 
  0.0456	 2.52993e+06	 8.71619e+06	 8.71619e+06	 4.65622e+06	 8.71619e+06	 8.71619e+06	 
  0.0458	 2.4277e+06	 8.39077e+06	 8.39077e+06	 4.47273e+06	 8.39077e+06	 8.39077e+06	 
   0.046	 2.32951e+06	 8.07689e+06	 8.07689e+06	 4.29623e+06	 8.07689e+06	 8.07689e+06	 
  0.0462	 2.23521e+06	 7.77415e+06	 7.77415e+06	 4.12646e+06	 7.77415e+06	 7.77415e+06	 
  0.0464	 2.14465e+06	 7.4822e+06	 7.4822e+06	 3.96317e+06	 7.4822e+06	 7.4822e+06	 
  0.0466	 2.05768e+06	 7.20069e+06	 7.20069e+06	 3.80614e+06	 7.20069e+06	 7.20069e+06	 
  0.0468	 1.97416e+06	 6.92925e+06	 6.92925e+06	 3.65512e+06	 6.92925e+06	 6.92925e+06	 
   0.047	 1.89396e+06	 6.66756e+06	 6.66756e+06	 3.50991e+06	 6.66756e+06	 6.66756e+06	 
  0.0472	 1.81696e+06	 6.41528e+06	 6.41528e+06	 3.37028e+06	 6.41528e+06	 6.41528e+06	 
  0.0474	 1.74302e+06	 6.17211e+06	 6.17211e+06	 3.23603e+06	 6.17211e+06	 6.17211e+06	 
  0.0476	 1.67204e+06	 5.93773e+06	 5.93773e+06	 3.10696e+06	 5.93773e+06	 5.93773e+06	 
  0.0478	 1.60388e+06	 5.71185e+06	 5.71185e+06	 2.98288e+06	 5.71185e+06	 5.71185e+06	 
   0.048	 1.53845e+06	 5.49418e+06	 5.49418e+06	 2.86361e+06	 5.49418e+06	 5.49418e+06	 
  0.0482	 1.47564e+06	 5.28444e+06	 5.28444e+06	 2.74896e+06	 5.28444e+06	 5.28444e+06	 
  0.0484	 1.41535e+06	 5.08235e+06	 5.08235e+06	 2.63877e+06	 5.08235e+06	 5.08235e+06	 
  0.0486	 1.35747e+06	 4.88766e+06	 4.88766e+06	 2.53286e+06	 4.88766e+06	 4.88766e+06	 
  0.0488	 1.30192e+06	 4.7001e+06	 4.7001e+06	 2.43109e+06	 4.7001e+06	 4.7001e+06	 
   0.049	 1.24859e+06	 4.51944e+06	 4.51944e+06	 2.33328e+06	 4.51944e+06	 4.51944e+06	 
  0.0492	 1.19741e+06	 4.34544e+06	 4.34544e+06	 2.2393e+06	 4.34544e+06	 4.34544e+06	 
  0.0494	 1.14829e+06	 4.17786e+06	 4.17786e+06	 2.14899e+06	 4.17786e+06	 4.17786e+06	 
  0.0496	 1.10115e+06	 4.01647e+06	 4.01647e+06	 2.06223e+06	 4.01647e+06	 4.01647e+06	 
  0.0498	 1.05591e+06	 3.86107e+06	 3.86107e+06	 1.97887e+06	 3.86107e+06	 3.86107e+06	 
    0.05	 1.0125e+06	 3.71145e+06	 3.71145e+06	 1.89879e+06	 3.71145e+06	 3.71145e+06	 
  0.0502	   970840	 3.56739e+06	 3.56739e+06	 1.82186e+06	 3.56739e+06	 3.56739e+06	 
  0.0504	   930865	 3.42871e+06	 3.42871e+06	 1.74797e+06	 3.42871e+06	 3.42871e+06	 
  0.0506	   892507	 3.29521e+06	 3.29521e+06	 1.67699e+06	 3.29521e+06	 3.29521e+06	 
  0.0508	   855704	 3.16671e+06	 3.16671e+06	 1.60882e+06	 3.16671e+06	 3.16671e+06	 
   0.051	   820393	 3.04303e+06	 3.04303e+06	 1.54335e+06	 3.04303e+06	 3.04303e+06	 
  0.0512	   786514	 2.92401e+06	 2.92401e+06	 1.48048e+06	 2.92401e+06	 2.92401e+06	 
  0.0514	   754012	 2.80946e+06	 2.80946e+06	 1.4201e+06	 2.80946e+06	 2.80946e+06	 
  0.0516	   722831	 2.69924e+06	 2.69924e+06	 1.36212e+06	 2.69924e+06	 2.69924e+06	 
  0.0518	   692918	 2.59319e+06	 2.59319e+06	 1.30646e+06	 2.59319e+06	 2.59319e+06	 
   0.052	   664224	 2.49116e+06	 2.49116e+06	 1.25301e+06	 2.49116e+06	 2.49116e+06	 
  0.0522	   636699	 2.393e+06	 2.393e+06	 1.20169e+06	 2.393e+06	 2.393e+06	 
  0.0524	   610297	 2.29858e+06	 2.29858e+06	 1.15242e+06	 2.29858e+06	 2.29858e+06	 
  0.0526	   584972	 2.20775e+06	 2.20775e+06	 1.10513e+06	 2.20775e+06	 2.20775e+06	 
  0.0528	   560682	 2.12038e+06	 2.12038e+06	 1.05973e+06	 2.12038e+06	 2.12038e+06	 
   0.053	   537385	 2.03636e+06	 2.03636e+06	 1.01615e+06	 2.03636e+06	 2.03636e+06	 
  0.0532	   515042	 1.95556e+06	 1.95556e+06	   974324	 1.95556e+06	 1.95556e+06	 
  0.0534	   493614	 1.87785e+06	 1.87785e+06	   934179	 1.87785e+06	 1.87785e+06	 
  0.0536	   473064	 1.80313e+06	 1.80313e+06	   895650	 1.80313e+06	 1.80313e+06	 
  0.0538	   453356	 1.73129e+06	 1.73129e+06	   858674	 1.73129e+06	 1.73129e+06	 
   0.054	   434458	 1.66222e+06	 1.66222e+06	   823191	 1.66222e+06	 1.66222e+06	 
  0.0542	   416336	 1.59582e+06	 1.59582e+06	   789141	 1.59582e+06	 1.59582e+06	 
  0.0544	   398960	 1.53198e+06	 1.53198e+06	   756469	 1.53198e+06	 1.53198e+06	 
  0.0546	   382298	 1.47062e+06	 1.47062e+06	   725120	 1.47062e+06	 1.47062e+06	 
  0.0548	   366322	 1.41165e+06	 1.41165e+06	   695042	 1.41165e+06	 1.41165e+06	 
   0.055	   351004	 1.35496e+06	 1.35496e+06	   666186	 1.35496e+06	 1.35496e+06	 
  0.0552	   336318	 1.30048e+06	 1.30048e+06	   638502	 1.30048e+06	 1.30048e+06	 
  0.0554	   322238	 1.24813e+06	 1.24813e+06	   611944	 1.24813e+06	 1.24813e+06	 
  0.0556	   308740	 1.19782e+06	 1.19782e+06	   586468	 1.19782e+06	 1.19782e+06	 
  0.0558	   295799	 1.14949e+06	 1.14949e+06	   562031	 1.14949e+06	 1.14949e+06	 
   0.056	   283393	 1.10304e+06	 1.10304e+06	   538591	 1.10304e+06	 1.10304e+06	 
  0.0562	   271501	 1.05842e+06	 1.05842e+06	   516110	 1.05842e+06	 1.05842e+06	 
  0.0564	   260101	 1.01555e+06	 1.01555e+06	   494547	 1.01555e+06	 1.01555e+06	 
  0.0566	   249174	   974367	   974367	   473868	   974367	   974367	 
  0.0568	   238699	   934808	   934808	   454037	   934808	   934808	 
   0.057	   228660	   896811	   896811	   435019	   896811	   896811	 
  0.0572	   219037	   860317	   860317	   416782	   860317	   860317	 
  0.0574	   209814	   825267	   825267	   399296	   825267	   825267	 
  0.0576	   200974	   791606	   791606	   382529	   791606	   791606	 
  0.0578	   192503	   759282	   759282	   366452	   759282	   759282	 
   0.058	   184383	   728243	   728243	   351039	   728243	   728243	 
  0.0582	   176603	   698440	   698440	   336262	   698440	   698440	 
  0.0584	   169146	   669824	   669824	   322096	   669824	   669824	 
  0.0586	   162001	   642351	   642351	   308516	   642351	   642351	 
  0.0588	   155154	   615976	   615976	   295498	   615976	   615976	 
   0.059	   148592	   590657	   590657	   283019	   590657	   590657	 
  0.0592	   142305	   566352	   566352	   271058	   566352	   566352	 
  0.0594	   136281	   543023	   543023	   259594	   543023	   543023	 
  0.0596	   130509	   520631	   520631	   248606	   520631	   520631	 
  0.0598	   124979	   499139	   499139	   238075	   499139	   499139	 
    0.06	   119680	   478514	   478514	   227983	   478514	   478514	 
  0.0602	   114603	   458720	   458720	   218311	   458720	   458720	 
  0.0604	   109740	   439726	   439726	   209042	   439726	   439726	 
  0.0606	   105080	   421500	   421500	   200161	   421500	   421500	 
  0.0608	   100616	   404012	   404012	   191650	   404012	   404012	 
   0.061	  96339.6	   387232	   387232	   183496	   387232	   387232	 
  0.0612	    92243	   371134	   371134	   175682	   371134	   371134	 
  0.0614	  88318.7	   355689	   355689	   168196	   355689	   355689	 
  0.0616	  84559.5	   340873	   340873	   161024	   340873	   340873	 
  0.0618	  80958.6	   326660	   326660	   154153	   326660	   326660	 
   0.062	  77509.5	   313027	   313027	   147570	   313027	   313027	 
  0.0622	  74205.8	   299950	   299950	   141264	   299950	   299950	 
  0.0624	  71041.4	   287408	   287408	   135224	   287408	   287408	 
  0.0626	  68010.5	   275378	   275378	   129437	   275378	   275378	 
  0.0628	  65107.6	   263842	   263842	   123895	   263842	   263842	 
   0.063	  62327.4	   252778	   252778	   118586	   252778	   252778	 
  0.0632	  59664.7	   242169	   242169	   113501	   242169	   242169	 
  0.0634	  57114.6	   231996	   231996	   108631	   231996	   231996	 
  0.0636	  54672.4	   222241	   222241	   103967	   222241	   222241	 
  0.0638	  52333.6	   212888	   212888	  99500.4	   212888	   212888	 
   0.064	  50093.8	   203920	   203920	  95222.7	   203920	   203920	 
  0.0642	    47949	   195323	   195323	  91126.2	   195323	   195323	 
  0.0644	  45895.1	   187081	   187081	  87203.4	   187081	   187081	 
  0.0646	  43928.4	   179179	   179179	    83447	   179179	   179179	 
  0.0648	  42045.1	   171605	   171605	  79850.2	   171605	   171605	 
   0.065	  40241.8	   164345	   164345	  76406.2	   164345	   164345	 
  0.0652	  38515.1	   157386	   157386	  73108.7	   157386	   157386	 
  0.0654	  36861.8	   150716	   150716	  69951.5	   150716	   150716	 
  0.0656	  35278.8	   144323	   144323	  66928.8	   144323	   144323	 
  0.0658	  33763.2	   138196	   138196	  64034.9	   138196	   138196	 
   0.066	  32312.1	   132325	   132325	  61264.5	   132325	   132325	 
  0.0662	  30922.8	   126698	   126698	  58612.2	   126698	   126698	 
  0.0664	  29592.6	   121306	   121306	  56073.3	   121306	   121306	 
  0.0666	  28319.2	   116140	   116140	  53642.9	   116140	   116140	 
  0.0668	  27100.1	   111189	   111189	  51316.5	   111189	   111189	 
   0.067	    25933	   106446	   106446	  49089.6	   106446	   106446	 
  0.0672	  24815.7	   101901	   101901	  46958.1	   101901	   101901	 
  0.0674	  23746.2	  97546.7	  97546.7	  44917.9	  97546.7	  97546.7	 
  0.0676	  22722.3	  93375.4	  93375.4	  42965.3	  93375.4	  93375.4	 
  0.0678	  21742.2	  89379.3	  89379.3	  41096.5	  89379.3	  89379.3	 
   0.068	    20804	  85551.3	  85551.3	  39307.9	  85551.3	  85551.3	 
  0.0682	    19906	  81884.3	  81884.3	  37596.2	  81884.3	  81884.3	 
  0.0684	  19046.4	  78371.9	  78371.9	  35958.1	  78371.9	  78371.9	 
  0.0686	  18223.6	  75007.5	  75007.5	  34390.5	  75007.5	  75007.5	 
  0.0688	    17436	  71785.2	  71785.2	  32890.4	  71785.2	  71785.2	 
   0.069	  16682.2	  68698.9	  68698.9	  31454.9	  68698.9	  68698.9	 
  0.0692	  15960.8	  65743.1	  65743.1	  30081.3	  65743.1	  65743.1	 
  0.0694	  15270.2	  62912.4	  62912.4	    28767	  62912.4	  62912.4	 
  0.0696	  14609.3	  60201.6	  60201.6	  27509.4	  60201.6	  60201.6	 
  0.0698	  13976.8	  57605.7	  57605.7	  26306.2	  57605.7	  57605.7	 
    0.07	  13371.5	  55119.9	  55119.9	  25154.9	  55119.9	  55119.9	 
  0.0702	  12792.1	  52739.6	  52739.6	  24053.5	  52739.6	  52739.6	 
  0.0704	  12237.7	  50460.5	  50460.5	  22999.7	  50460.5	  50460.5	 
  0.0706	  11707.1	  48278.4	  48278.4	  21991.6	  48278.4	  48278.4	 
  0.0708	  11199.3	  46189.1	  46189.1	  21027.1	  46189.1	  46189.1	 
   0.071	  10713.4	  44188.8	  44188.8	  20104.5	  44188.8	  44188.8	 
  0.0712	  10248.4	  42273.8	  42273.8	  19221.8	  42273.8	  42273.8	 
  0.0714	  9803.38	  40440.5	  40440.5	  18377.5	  40440.5	  40440.5	 
  0.0716	  9377.58	  38685.5	  38685.5	  17569.9	  38685.5	  38685.5	 
  0.0718	  8970.13	  37005.5	  37005.5	  16797.4	  37005.5	  37005.5	 
   0.072	  8580.26	  35397.4	  35397.4	  16058.4	  35397.4	  35397.4	 
  0.0722	   8207.2	  33858.1	  33858.1	  15351.6	  33858.1	  33858.1	 
  0.0724	  7850.24	  32384.8	  32384.8	  14675.6	  32384.8	  32384.8	 
  0.0726	  7508.69	  30974.6	  30974.6	  14029.1	  30974.6	  30974.6	 
  0.0728	   7181.9	  29624.9	  29624.9	  13410.7	  29624.9	  29624.9	 
   0.073	  6869.22	  28333.2	  28333.2	  12819.2	  28333.2	  28333.2	 
  0.0732	  6570.06	    27097	    27097	  12253.6	    27097	    27097	 
  0.0734	  6283.83	  25913.9	  25913.9	  11712.7	  25913.9	  25913.9	 
  0.0736	  6009.98	  24781.8	  24781.8	  11195.4	  24781.8	  24781.8	 
  0.0738	  5747.98	  23698.4	  23698.4	  10700.7	  23698.4	  23698.4	 
   0.074	  5497.33	  22661.8	  22661.8	  10227.7	  22661.8	  22661.8	 
  0.0742	  5257.52	  21669.8	  21669.8	  9775.33	  21669.8	  21669.8	 
  0.0744	  5028.11	  20720.7	  20720.7	  9342.78	  20720.7	  20720.7	 
  0.0746	  4808.63	  19812.5	  19812.5	  8929.17	  19812.5	  19812.5	 
  0.0748	  4598.67	  18943.6	  18943.6	   8533.7	  18943.6	  18943.6	 
   0.075	  4397.82	  18112.3	  18112.3	  8155.56	  18112.3	  18112.3	 
  0.0752	  4205.67	    17317	    17317	  7794.01	    17317	    17317	 
  0.0754	  4021.87	  16556.2	  16556.2	  7448.34	  16556.2	  16556.2	 
  0.0756	  3846.04	  15828.3	  15828.3	  7117.84	  15828.3	  15828.3	 
  0.0758	  3677.85	    15132	    15132	  6801.87	    15132	    15132	 
   0.076	  3516.97	  14465.9	  14465.9	  6499.78	  14465.9	  14465.9	 
  0.0762	  3363.07	  13828.8	  13828.8	  6210.99	  13828.8	  13828.8	 
  0.0764	  3215.87	  13219.4	  13219.4	   5934.9	  13219.4	  13219.4	 
  0.0766	  3075.06	  12636.4	  12636.4	  5670.97	  12636.4	  12636.4	 
  0.0768	  2940.39	  12078.9	  12078.9	  5418.67	  12078.9	  12078.9	 
   0.077	  2811.57	  11545.6	  11545.6	  5177.48	  11545.6	  11545.6	 
  0.0772	  2688.36	  11035.6	  11035.6	  4946.93	  11035.6	  11035.6	 
  0.0774	  2570.51	  10547.8	  10547.8	  4726.55	  10547.8	  10547.8	 
  0.0776	   2457.8	  10081.4	  10081.4	   4515.9	  10081.4	  10081.4	 
  0.0778	     2350	  9635.25	  9635.25	  4314.55	  9635.25	  9635.25	 
   0.078	   2246.9	  9208.64	  9208.64	   4122.1	  9208.64	  9208.64	 
  0.0782	  2148.29	  8800.69	  8800.69	  3938.15	  8800.69	  8800.69	 
  0.0784	  2053.98	  8410.59	  8410.59	  3762.34	  8410.59	  8410.59	 
  0.0786	  1963.79	  8037.57	  8037.57	  3594.31	  8037.57	  8037.57	 
  0.0788	  1877.53	   7680.9	   7680.9	  3433.71	   7680.9	   7680.9	 
   0.079	  1795.04	  7339.87	  7339.87	  3280.23	  7339.87	  7339.87	 
  0.0792	  1716.15	   7013.8	   7013.8	  3133.54	   7013.8	   7013.8	 
  0.0794	  1640.71	  6702.04	  6702.04	  2993.36	  6702.04	  6702.04	 
  0.0796	  1568.56	  6403.98	  6403.98	   2859.4	  6403.98	  6403.98	 
  0.0798	  1499.57	  6119.02	  6119.02	  2731.38	  6119.02	  6119.02	 
    0.08	  1433.59	  5846.59	  5846.59	  2609.04	  5846.59	  5846.59	 
  0.0802	   1370.5	  5586.15	  5586.15	  2492.13	  5586.15	  5586.15	 
  0.0804	  1310.17	  5337.18	  5337.18	  2380.42	  5337.18	  5337.18	 
  0.0806	  1252.48	  5099.18	  5099.18	  2273.68	  5099.18	  5099.18	 
  0.0808	  1197.32	  4871.67	  4871.67	  2171.68	  4871.67	  4871.67	 
   0.081	  1144.57	   4654.2	   4654.2	  2074.22	   4654.2	   4654.2	 
  0.0812	  1094.13	  4446.33	  4446.33	  1981.09	  4446.33	  4446.33	 
  0.0814	   1045.9	  4247.64	  4247.64	  1892.11	  4247.64	  4247.64	 
  0.0816	   999.79	  4057.73	  4057.73	   1807.1	  4057.73	  4057.73	 
  0.0818	  955.698	  3876.22	  3876.22	  1725.87	  3876.22	  3876.22	 
   0.082	  913.539	  3702.74	  3702.74	  1648.27	  3702.74	  3702.74	 
  0.0822	  873.229	  3536.94	  3536.94	  1574.13	  3536.94	  3536.94	 
  0.0824	  834.688	  3378.48	  3378.48	  1503.29	  3378.48	  3378.48	 
  0.0826	  797.839	  3227.05	  3227.05	  1435.62	  3227.05	  3227.05	 
  0.0828	  762.607	  3082.33	  3082.33	  1370.97	  3082.33	  3082.33	 
   0.083	  728.923	  2944.03	  2944.03	  1309.21	  2944.03	  2944.03	 
  0.0832	  696.719	  2811.88	  2811.88	  1250.21	  2811.88	  2811.88	 
  0.0834	  665.929	  2685.59	  2685.59	  1193.85	  2685.59	  2685.59	 
  0.0836	  636.493	  2564.92	  2564.92	  1140.01	  2564.92	  2564.92	 
  0.0838	  608.352	  2449.61	  2449.61	  1088.57	  2449.61	  2449.61	 
   0.084	  581.447	  2339.43	  2339.43	  1039.44	  2339.43	  2339.43	 
  0.0842	  555.727	  2234.16	  2234.16	  992.515	  2234.16	  2234.16	 
  0.0844	  531.138	  2133.58	  2133.58	  947.689	  2133.58	  2133.58	 
  0.0846	  507.631	  2037.47	  2037.47	  904.872	  2037.47	  2037.47	 
  0.0848	   485.16	  1945.66	  1945.66	  863.975	  1945.66	  1945.66	 
   0.085	  463.678	  1857.94	  1857.94	  824.913	  1857.94	  1857.94	 
  0.0852	  443.142	  1774.13	  1774.13	  787.604	  1774.13	  1774.13	 
  0.0854	  423.511	  1694.07	  1694.07	   751.97	  1694.07	  1694.07	 
  0.0856	  404.745	  1617.59	  1617.59	  717.936	  1617.59	  1617.59	 
  0.0858	  386.807	  1544.53	  1544.53	  685.431	  1544.53	  1544.53	 
   0.086	  369.659	  1474.73	  1474.73	  654.387	  1474.73	  1474.73	 
  0.0862	  353.268	  1408.06	  1408.06	   624.74	  1408.06	  1408.06	 
  0.0864	    337.6	  1344.37	  1344.37	  596.425	  1344.37	  1344.37	 
  0.0866	  322.624	  1283.53	  1283.53	  569.385	  1283.53	  1283.53	 
  0.0868	  308.308	  1225.43	  1225.43	  543.562	  1225.43	  1225.43	 
   0.087	  294.625	  1169.93	  1169.93	  518.902	  1169.93	  1169.93	 
  0.0872	  281.546	  1116.91	  1116.91	  495.353	  1116.91	  1116.91	 
  0.0874	  269.045	  1066.28	  1066.28	  472.865	  1066.28	  1066.28	 
  0.0876	  257.096	  1017.92	  1017.92	  451.391	  1017.92	  1017.92	 
  0.0878	  245.675	  971.738	  971.738	  430.885	  971.738	  971.738	 
   0.088	  234.759	  927.629	  927.629	  411.305	  927.629	  927.629	 
  0.0882	  224.326	  885.504	  885.504	  392.608	  885.504	  885.504	 
  0.0884	  214.354	  845.275	  845.275	  374.755	  845.275	  845.275	 
  0.0886	  204.824	  806.856	  806.856	  357.709	  806.856	  806.856	 
  0.0888	  195.715	  770.168	  770.168	  341.433	  770.168	  770.168	 
   0.089	   187.01	  735.134	  735.134	  325.892	  735.134	  735.134	 
  0.0892	  178.689	  701.679	  701.679	  311.054	  701.679	  701.679	 
  0.0894	  170.738	  669.733	  669.733	  296.887	  669.733	  669.733	 
  0.0896	  163.138	  639.228	  639.228	  283.362	  639.228	  639.228	 
  0.0898	  155.875	  610.101	  610.101	  270.448	  610.101	  610.101	 
    0.09	  148.934	   582.29	   582.29	  258.119	   582.29	   582.29	 
  0.0902	  142.301	  555.735	  555.735	  246.348	  555.735	  555.735	 
  0.0904	  135.962	  530.381	  530.381	  235.111	  530.381	  530.381	 
  0.0906	  129.904	  506.173	  506.173	  224.383	  506.173	  506.173	 
  0.0908	  124.115	  483.062	  483.062	  214.141	  483.062	  483.062	 
   0.091	  118.582	  460.996	  460.996	  204.364	  460.996	  460.996	 
  0.0912	  113.295	   439.93	   439.93	   195.03	   439.93	   439.93	 
  0.0914	  108.243	  419.818	  419.818	   186.12	  419.818	  419.818	 
  0.0916	  103.415	  400.619	  400.619	  177.615	  400.619	  400.619	 
  0.0918	  98.8014	   382.29	   382.29	  169.496	   382.29	   382.29	 
   0.092	  94.3927	  364.792	  364.792	  161.745	  364.792	  364.792	 
  0.0922	    90.18	  348.089	  348.089	  154.347	  348.089	  348.089	 
  0.0924	  86.1544	  332.145	  332.145	  147.285	  332.145	  332.145	 
  0.0926	  82.3078	  316.924	  316.924	  140.545	  316.924	  316.924	 
  0.0928	  78.6321	  302.396	  302.396	  134.111	  302.396	  302.396	 
   0.093	  75.1199	  288.528	  288.528	  127.969	  288.528	  288.528	 
  0.0932	   71.764	  275.292	  275.292	  122.107	  275.292	  275.292	 
  0.0934	  68.5573	  262.657	  262.657	  116.512	  262.657	  262.657	 
  0.0936	  65.4933	  250.598	  250.598	  111.172	  250.598	  250.598	 
  0.0938	  62.5657	  239.088	  239.088	  106.076	  239.088	  239.088	 
   0.094	  59.7684	  228.103	  228.103	  101.211	  228.103	  228.103	 
  0.0942	  57.0956	  217.618	  217.618	  96.5684	  217.618	  217.618	 
  0.0944	  54.5419	  207.612	  207.612	  92.1374	  207.612	  207.612	 
  0.0946	  52.1019	  198.062	  198.062	  87.9085	  198.062	  198.062	 
  0.0948	  49.7707	  188.948	  188.948	  83.8726	  188.948	  188.948	 
   0.095	  47.5433	  180.251	  180.251	  80.0209	  180.251	  180.251	 
  0.0952	  45.4152	   171.95	   171.95	  76.3451	   171.95	   171.95	 
  0.0954	   43.382	  164.029	  164.029	  72.8372	  164.029	  164.029	 
  0.0956	  41.4394	   156.47	   156.47	  69.4895	   156.47	   156.47	 
  0.0958	  39.5835	  149.257	  149.257	  66.2949	  149.257	  149.257	 
   0.096	  37.8104	  142.374	  142.374	  63.2462	  142.374	  142.374	 
  0.0962	  36.1164	  135.806	  135.806	   60.337	  135.806	  135.806	 
  0.0964	  34.4979	  129.538	  129.538	  57.5609	  129.538	  129.538	 
  0.0966	  32.9518	  123.558	  123.558	  54.9117	  123.558	  123.558	 
  0.0968	  31.4746	  117.852	  117.852	  52.3839	  117.852	  117.852	 
   0.097	  30.0634	  112.407	  112.407	  49.9717	  112.407	  112.407	 
  0.0972	  28.7153	  107.212	  107.212	    47.67	  107.212	  107.212	 
  0.0974	  27.4273	  102.256	  102.256	  45.4738	  102.256	  102.256	 
  0.0976	  26.1969	  97.5269	  97.5269	  43.3782	  97.5269	  97.5269	 
  0.0978	  25.0215	   93.015	   93.015	  41.3786	   93.015	   93.015	 
   0.098	  23.8987	  88.7104	  88.7104	  39.4708	  88.7104	  88.7104	 
  0.0982	   22.826	  84.6035	  84.6035	  37.6504	  84.6035	  84.6035	 
  0.0984	  21.8013	  80.6855	  80.6855	  35.9135	  80.6855	  80.6855	 
  0.0986	  20.8224	  76.9476	  76.9476	  34.2563	  76.9476	  76.9476	 
  0.0988	  19.8873	  73.3817	  73.3817	  32.6752	  73.3817	  73.3817	 
   0.099	  18.9941	  69.9799	  69.9799	  31.1667	  69.9799	  69.9799	 
  0.0992	  18.1408	  66.7347	  66.7347	  29.7275	  66.7347	  66.7347	 
  0.0994	  17.3257	   63.639	   63.639	  28.3544	   63.639	   63.639	 
  0.0996	  16.5471	  60.6859	  60.6859	  27.0443	  60.6859	  60.6859	 
  0.0998	  15.8034	  57.8689	  57.8689	  25.7945	  57.8689	  57.8689	 
     0.1	  15.0929	  55.1817	  55.1817	  24.6022	  55.1817	  55.1817	 
