       0	        0	        0	        0	        0	        0	        0	 
  0.0002	  71135.6	  4.34307	  4.34307	  1049.15	  4.34307	  4.34307	 
  0.0004	   539529	  253.188	  253.188	  19387.7	  253.188	  253.188	 
  0.0006	 1.72634e+06	  2626.98	  2626.98	   103689	  2626.98	  2626.98	 
  0.0008	 3.87954e+06	  13444.8	  13444.8	   333788	  13444.8	  13444.8	 
   0.001	 7.18369e+06	  46717.6	  46717.6	   813588	  46717.6	  46717.6	 
  0.0012	 1.17687e+07	   127067	   127067	 1.66314e+06	   127067	   127067	 
  0.0014	 1.77177e+07	   291864	   291864	 3.01107e+06	   291864	   291864	 
  0.0016	 2.50738e+07	   592376	   592376	 4.9879e+06	   592376	   592376	 
  0.0018	 3.38467e+07	 1.0939e+06	 1.0939e+06	 7.72035e+06	 1.0939e+06	 1.0939e+06	 
   0.002	 4.40176e+07	 1.87495e+06	 1.87495e+06	 1.13267e+07	 1.87495e+06	 1.87495e+06	 
  0.0022	 5.55446e+07	 3.0256e+06	 3.0256e+06	 1.59132e+07	 3.0256e+06	 3.0256e+06	 
  0.0024	 6.83667e+07	 4.64524e+06	 4.64524e+06	 2.15714e+07	 4.64524e+06	 4.64524e+06	 
  0.0026	 8.24079e+07	 6.83986e+06	 6.83986e+06	 2.83763e+07	 6.83986e+06	 6.83986e+06	 
  0.0028	 9.75799e+07	 9.71899e+06	 9.71899e+06	 3.63851e+07	 9.71899e+06	 9.71899e+06	 
   0.003	 1.13786e+08	 1.33926e+07	 1.33926e+07	 4.56369e+07	 1.33926e+07	 1.33926e+07	 
  0.0032	 1.30922e+08	 1.79682e+07	 1.79682e+07	 5.61529e+07	 1.79682e+07	 1.79682e+07	 
  0.0034	 1.4888e+08	 2.35474e+07	 2.35474e+07	 6.79363e+07	 2.35474e+07	 2.35474e+07	 
  0.0036	 1.6755e+08	 3.0224e+07	 3.0224e+07	 8.09736e+07	 3.0224e+07	 3.0224e+07	 
  0.0038	 1.86821e+08	 3.80806e+07	 3.80806e+07	 9.52356e+07	 3.80806e+07	 3.80806e+07	 
   0.004	 2.06582e+08	 4.71876e+07	 4.71876e+07	 1.10678e+08	 4.71876e+07	 4.71876e+07	 
  0.0042	 2.26724e+08	 5.76009e+07	 5.76009e+07	 1.27245e+08	 5.76009e+07	 5.76009e+07	 
  0.0044	 2.47141e+08	 6.93611e+07	 6.93611e+07	 1.44867e+08	 6.93611e+07	 6.93611e+07	 
  0.0046	 2.67731e+08	 8.24921e+07	 8.24921e+07	 1.63465e+08	 8.24921e+07	 8.24921e+07	 
  0.0048	 2.88394e+08	 9.70016e+07	 9.70016e+07	 1.82954e+08	 9.70016e+07	 9.70016e+07	 
   0.005	 3.09037e+08	 1.1288e+08	 1.1288e+08	 2.03238e+08	 1.1288e+08	 1.1288e+08	 
  0.0052	 3.2957e+08	 1.30102e+08	 1.30102e+08	 2.24218e+08	 1.30102e+08	 1.30102e+08	 
  0.0054	 3.4991e+08	 1.48625e+08	 1.48625e+08	 2.4579e+08	 1.48625e+08	 1.48625e+08	 
  0.0056	 3.69979e+08	 1.68393e+08	 1.68393e+08	 2.67849e+08	 1.68393e+08	 1.68393e+08	 
  0.0058	 3.89704e+08	 1.89334e+08	 1.89334e+08	 2.90286e+08	 1.89334e+08	 1.89334e+08	 
   0.006	 4.09018e+08	 2.11365e+08	 2.11365e+08	 3.12993e+08	 2.11365e+08	 2.11365e+08	 
  0.0062	 4.2786e+08	 2.34392e+08	 2.34392e+08	 3.35864e+08	 2.34392e+08	 2.34392e+08	 
  0.0064	 4.46173e+08	 2.58308e+08	 2.58308e+08	 3.58792e+08	 2.58308e+08	 2.58308e+08	 
  0.0066	 4.63909e+08	 2.83001e+08	 2.83001e+08	 3.81675e+08	 2.83001e+08	 2.83001e+08	 
  0.0068	 4.81023e+08	 3.0835e+08	 3.0835e+08	 4.04412e+08	 3.0835e+08	 3.0835e+08	 
   0.007	 4.97474e+08	 3.34229e+08	 3.34229e+08	 4.26909e+08	 3.34229e+08	 3.34229e+08	 
  0.0072	 5.1323e+08	 3.60509e+08	 3.60509e+08	 4.49074e+08	 3.60509e+08	 3.60509e+08	 
  0.0074	 5.28259e+08	 3.87059e+08	 3.87059e+08	 4.70821e+08	 3.87059e+08	 3.87059e+08	 
  0.0076	 5.42538e+08	 4.13747e+08	 4.13747e+08	 4.92068e+08	 4.13747e+08	 4.13747e+08	 
  0.0078	 5.56046e+08	 4.4044e+08	 4.4044e+08	 5.12742e+08	 4.4044e+08	 4.4044e+08	 
   0.008	 5.68767e+08	 4.67009e+08	 4.67009e+08	 5.32771e+08	 4.67009e+08	 4.67009e+08	 
  0.0082	 5.80689e+08	 4.93326e+08	 4.93326e+08	 5.52093e+08	 4.93326e+08	 4.93326e+08	 
  0.0084	 5.91804e+08	 5.19269e+08	 5.19269e+08	 5.70651e+08	 5.19269e+08	 5.19269e+08	 
  0.0086	 6.02106e+08	 5.4472e+08	 5.4472e+08	 5.88392e+08	 5.4472e+08	 5.4472e+08	 
  0.0088	 6.11594e+08	 5.69566e+08	 5.69566e+08	 6.05272e+08	 5.69566e+08	 5.69566e+08	 
   0.009	 6.2027e+08	 5.93703e+08	 5.93703e+08	 6.21252e+08	 5.93703e+08	 5.93703e+08	 
  0.0092	 6.28136e+08	 6.17031e+08	 6.17031e+08	 6.36297e+08	 6.17031e+08	 6.17031e+08	 
  0.0094	 6.35202e+08	 6.39459e+08	 6.39459e+08	 6.5038e+08	 6.39459e+08	 6.39459e+08	 
  0.0096	 6.41475e+08	 6.60905e+08	 6.60905e+08	 6.63479e+08	 6.60905e+08	 6.60905e+08	 
  0.0098	 6.46966e+08	 6.81293e+08	 6.81293e+08	 6.75577e+08	 6.81293e+08	 6.81293e+08	 
    0.01	 6.5169e+08	 7.00557e+08	 7.00557e+08	 6.86661e+08	 7.00557e+08	 7.00557e+08	 
  0.0102	 6.55661e+08	 7.18638e+08	 7.18638e+08	 6.96724e+08	 7.18638e+08	 7.18638e+08	 
  0.0104	 6.58895e+08	 7.35487e+08	 7.35487e+08	 7.05765e+08	 7.35487e+08	 7.35487e+08	 
  0.0106	 6.61411e+08	 7.51063e+08	 7.51063e+08	 7.13783e+08	 7.51063e+08	 7.51063e+08	 
  0.0108	 6.63228e+08	 7.65331e+08	 7.65331e+08	 7.20786e+08	 7.65331e+08	 7.65331e+08	 
   0.011	 6.64366e+08	 7.78267e+08	 7.78267e+08	 7.26783e+08	 7.78267e+08	 7.78267e+08	 
  0.0112	 6.64846e+08	 7.89854e+08	 7.89854e+08	 7.31785e+08	 7.89854e+08	 7.89854e+08	 
  0.0114	 6.6469e+08	 8.0008e+08	 8.0008e+08	 7.3581e+08	 8.0008e+08	 8.0008e+08	 
  0.0116	 6.6392e+08	 8.08943e+08	 8.08943e+08	 7.38876e+08	 8.08943e+08	 8.08943e+08	 
  0.0118	 6.62561e+08	 8.16447e+08	 8.16447e+08	 7.41005e+08	 8.16447e+08	 8.16447e+08	 
   0.012	 6.60634e+08	 8.22601e+08	 8.22601e+08	 7.42221e+08	 8.22601e+08	 8.22601e+08	 
  0.0122	 6.58164e+08	 8.27421e+08	 8.27421e+08	 7.42548e+08	 8.27421e+08	 8.27421e+08	 
  0.0124	 6.55175e+08	 8.30929e+08	 8.30929e+08	 7.42016e+08	 8.30929e+08	 8.30929e+08	 
  0.0126	 6.51691e+08	 8.33149e+08	 8.33149e+08	 7.40653e+08	 8.33149e+08	 8.33149e+08	 
  0.0128	 6.47736e+08	 8.34113e+08	 8.34113e+08	 7.3849e+08	 8.34113e+08	 8.34113e+08	 
   0.013	 6.43333e+08	 8.33856e+08	 8.33856e+08	 7.35559e+08	 8.33856e+08	 8.33856e+08	 
  0.0132	 6.38506e+08	 8.32416e+08	 8.32416e+08	 7.31892e+08	 8.32416e+08	 8.32416e+08	 
  0.0134	 6.33279e+08	 8.29835e+08	 8.29835e+08	 7.27524e+08	 8.29835e+08	 8.29835e+08	 
  0.0136	 6.27675e+08	 8.26156e+08	 8.26156e+08	 7.22487e+08	 8.26156e+08	 8.26156e+08	 
  0.0138	 6.21718e+08	 8.21427e+08	 8.21427e+08	 7.16817e+08	 8.21427e+08	 8.21427e+08	 
   0.014	 6.15429e+08	 8.15696e+08	 8.15696e+08	 7.10548e+08	 8.15696e+08	 8.15696e+08	 
  0.0142	 6.0883e+08	 8.09014e+08	 8.09014e+08	 7.03714e+08	 8.09014e+08	 8.09014e+08	 
  0.0144	 6.01944e+08	 8.01433e+08	 8.01433e+08	 6.9635e+08	 8.01433e+08	 8.01433e+08	 
  0.0146	 5.94792e+08	 7.93003e+08	 7.93003e+08	 6.8849e+08	 7.93003e+08	 7.93003e+08	 
  0.0148	 5.87394e+08	 7.8378e+08	 7.8378e+08	 6.80169e+08	 7.8378e+08	 7.8378e+08	 
   0.015	 5.7977e+08	 7.73815e+08	 7.73815e+08	 6.7142e+08	 7.73815e+08	 7.73815e+08	 
  0.0152	 5.7194e+08	 7.63162e+08	 7.63162e+08	 6.62276e+08	 7.63162e+08	 7.63162e+08	 
  0.0154	 5.63922e+08	 7.51875e+08	 7.51875e+08	 6.52769e+08	 7.51875e+08	 7.51875e+08	 
  0.0156	 5.55736e+08	 7.40005e+08	 7.40005e+08	 6.4293e+08	 7.40005e+08	 7.40005e+08	 
  0.0158	 5.47398e+08	 7.27605e+08	 7.27605e+08	 6.32792e+08	 7.27605e+08	 7.27605e+08	 
   0.016	 5.38927e+08	 7.14725e+08	 7.14725e+08	 6.22383e+08	 7.14725e+08	 7.14725e+08	 
  0.0162	 5.30338e+08	 7.01415e+08	 7.01415e+08	 6.11734e+08	 7.01415e+08	 7.01415e+08	 
  0.0164	 5.21647e+08	 6.87723e+08	 6.87723e+08	 6.00872e+08	 6.87723e+08	 6.87723e+08	 
  0.0166	 5.1287e+08	 6.73697e+08	 6.73697e+08	 5.89824e+08	 6.73697e+08	 6.73697e+08	 
  0.0168	 5.04021e+08	 6.59383e+08	 6.59383e+08	 5.78618e+08	 6.59383e+08	 6.59383e+08	 
   0.017	 4.95114e+08	 6.44825e+08	 6.44825e+08	 5.67277e+08	 6.44825e+08	 6.44825e+08	 
  0.0172	 4.86162e+08	 6.30064e+08	 6.30064e+08	 5.55828e+08	 6.30064e+08	 6.30064e+08	 
  0.0174	 4.77179e+08	 6.15142e+08	 6.15142e+08	 5.44292e+08	 6.15142e+08	 6.15142e+08	 
  0.0176	 4.68176e+08	 6.00097e+08	 6.00097e+08	 5.32692e+08	 6.00097e+08	 6.00097e+08	 
  0.0178	 4.59165e+08	 5.84967e+08	 5.84967e+08	 5.21049e+08	 5.84967e+08	 5.84967e+08	 
   0.018	 4.50157e+08	 5.69787e+08	 5.69787e+08	 5.09383e+08	 5.69787e+08	 5.69787e+08	 
  0.0182	 4.41162e+08	 5.54589e+08	 5.54589e+08	 4.97714e+08	 5.54589e+08	 5.54589e+08	 
  0.0184	 4.3219e+08	 5.39406e+08	 5.39406e+08	 4.86059e+08	 5.39406e+08	 5.39406e+08	 
  0.0186	 4.23251e+08	 5.24267e+08	 5.24267e+08	 4.74435e+08	 5.24267e+08	 5.24267e+08	 
  0.0188	 4.14353e+08	 5.09199e+08	 5.09199e+08	 4.62859e+08	 5.09199e+08	 5.09199e+08	 
   0.019	 4.05504e+08	 4.94229e+08	 4.94229e+08	 4.51344e+08	 4.94229e+08	 4.94229e+08	 
  0.0192	 3.96712e+08	 4.7938e+08	 4.7938e+08	 4.39906e+08	 4.7938e+08	 4.7938e+08	 
  0.0194	 3.87985e+08	 4.64674e+08	 4.64674e+08	 4.28558e+08	 4.64674e+08	 4.64674e+08	 
  0.0196	 3.79328e+08	 4.50133e+08	 4.50133e+08	 4.17311e+08	 4.50133e+08	 4.50133e+08	 
  0.0198	 3.70749e+08	 4.35774e+08	 4.35774e+08	 4.06177e+08	 4.35774e+08	 4.35774e+08	 
    0.02	 3.62253e+08	 4.21615e+08	 4.21615e+08	 3.95166e+08	 4.21615e+08	 4.21615e+08	 
  0.0202	 3.53846e+08	 4.07671e+08	 4.07671e+08	 3.84287e+08	 4.07671e+08	 4.07671e+08	 
  0.0204	 3.45532e+08	 3.93957e+08	 3.93957e+08	 3.73551e+08	 3.93957e+08	 3.93957e+08	 
  0.0206	 3.37316e+08	 3.80484e+08	 3.80484e+08	 3.62964e+08	 3.80484e+08	 3.80484e+08	 
  0.0208	 3.29202e+08	 3.67265e+08	 3.67265e+08	 3.52534e+08	 3.67265e+08	 3.67265e+08	 
   0.021	 3.21195e+08	 3.54308e+08	 3.54308e+08	 3.42267e+08	 3.54308e+08	 3.54308e+08	 
  0.0212	 3.13297e+08	 3.41622e+08	 3.41622e+08	 3.32169e+08	 3.41622e+08	 3.41622e+08	 
  0.0214	 3.05511e+08	 3.29215e+08	 3.29215e+08	 3.22245e+08	 3.29215e+08	 3.29215e+08	 
  0.0216	 2.97841e+08	 3.17092e+08	 3.17092e+08	 3.12501e+08	 3.17092e+08	 3.17092e+08	 
  0.0218	 2.90289e+08	 3.05258e+08	 3.05258e+08	 3.02939e+08	 3.05258e+08	 3.05258e+08	 
   0.022	 2.82857e+08	 2.93718e+08	 2.93718e+08	 2.93563e+08	 2.93718e+08	 2.93718e+08	 
  0.0222	 2.75547e+08	 2.82474e+08	 2.82474e+08	 2.84376e+08	 2.82474e+08	 2.82474e+08	 
  0.0224	 2.6836e+08	 2.71528e+08	 2.71528e+08	 2.7538e+08	 2.71528e+08	 2.71528e+08	 
  0.0226	 2.61298e+08	 2.60881e+08	 2.60881e+08	 2.66577e+08	 2.60881e+08	 2.60881e+08	 
  0.0228	 2.54363e+08	 2.50534e+08	 2.50534e+08	 2.57968e+08	 2.50534e+08	 2.50534e+08	 
   0.023	 2.47554e+08	 2.40486e+08	 2.40486e+08	 2.49555e+08	 2.40486e+08	 2.40486e+08	 
  0.0232	 2.40873e+08	 2.30737e+08	 2.30737e+08	 2.41337e+08	 2.30737e+08	 2.30737e+08	 
  0.0234	 2.3432e+08	 2.21284e+08	 2.21284e+08	 2.33315e+08	 2.21284e+08	 2.21284e+08	 
  0.0236	 2.27895e+08	 2.12126e+08	 2.12126e+08	 2.25489e+08	 2.12126e+08	 2.12126e+08	 
  0.0238	 2.21599e+08	 2.03258e+08	 2.03258e+08	 2.17858e+08	 2.03258e+08	 2.03258e+08	 
   0.024	 2.15431e+08	 1.94679e+08	 1.94679e+08	 2.10421e+08	 1.94679e+08	 1.94679e+08	 
  0.0242	 2.09391e+08	 1.86385e+08	 1.86385e+08	 2.03177e+08	 1.86385e+08	 1.86385e+08	 
  0.0244	 2.03479e+08	 1.78371e+08	 1.78371e+08	 1.96125e+08	 1.78371e+08	 1.78371e+08	 
  0.0246	 1.97694e+08	 1.70632e+08	 1.70632e+08	 1.89263e+08	 1.70632e+08	 1.70632e+08	 
  0.0248	 1.92035e+08	 1.63165e+08	 1.63165e+08	 1.82588e+08	 1.63165e+08	 1.63165e+08	 
   0.025	 1.86502e+08	 1.55963e+08	 1.55963e+08	 1.761e+08	 1.55963e+08	 1.55963e+08	 
  0.0252	 1.81093e+08	 1.49022e+08	 1.49022e+08	 1.69796e+08	 1.49022e+08	 1.49022e+08	 
  0.0254	 1.75808e+08	 1.42336e+08	 1.42336e+08	 1.63673e+08	 1.42336e+08	 1.42336e+08	 
  0.0256	 1.70646e+08	 1.359e+08	 1.359e+08	 1.57728e+08	 1.359e+08	 1.359e+08	 
  0.0258	 1.65605e+08	 1.29707e+08	 1.29707e+08	 1.51959e+08	 1.29707e+08	 1.29707e+08	 
   0.026	 1.60684e+08	 1.23752e+08	 1.23752e+08	 1.46364e+08	 1.23752e+08	 1.23752e+08	 
  0.0262	 1.55881e+08	 1.18028e+08	 1.18028e+08	 1.40938e+08	 1.18028e+08	 1.18028e+08	 
  0.0264	 1.51195e+08	 1.1253e+08	 1.1253e+08	 1.3568e+08	 1.1253e+08	 1.1253e+08	 
  0.0266	 1.46625e+08	 1.0725e+08	 1.0725e+08	 1.30585e+08	 1.0725e+08	 1.0725e+08	 
  0.0268	 1.42169e+08	 1.02184e+08	 1.02184e+08	 1.25651e+08	 1.02184e+08	 1.02184e+08	 
   0.027	 1.37826e+08	 9.73247e+07	 9.73247e+07	 1.20875e+08	 9.73247e+07	 9.73247e+07	 
  0.0272	 1.33593e+08	 9.26659e+07	 9.26659e+07	 1.16252e+08	 9.26659e+07	 9.26659e+07	 
  0.0274	 1.29469e+08	 8.82014e+07	 8.82014e+07	 1.11781e+08	 8.82014e+07	 8.82014e+07	 
  0.0276	 1.25453e+08	 8.39252e+07	 8.39252e+07	 1.07456e+08	 8.39252e+07	 8.39252e+07	 
  0.0278	 1.21541e+08	 7.98312e+07	 7.98312e+07	 1.03276e+08	 7.98312e+07	 7.98312e+07	 
   0.028	 1.17734e+08	 7.59133e+07	 7.59133e+07	 9.92359e+07	 7.59133e+07	 7.59133e+07	 
  0.0282	 1.14028e+08	 7.21656e+07	 7.21656e+07	 9.5333e+07	 7.21656e+07	 7.21656e+07	 
  0.0284	 1.10423e+08	 6.85822e+07	 6.85822e+07	 9.15638e+07	 6.85822e+07	 6.85822e+07	 
  0.0286	 1.06915e+08	 6.51574e+07	 6.51574e+07	 8.79248e+07	 6.51574e+07	 6.51574e+07	 
  0.0288	 1.03504e+08	 6.18854e+07	 6.18854e+07	 8.44126e+07	 6.18854e+07	 6.18854e+07	 
   0.029	 1.00187e+08	 5.87607e+07	 5.87607e+07	 8.10239e+07	 5.87607e+07	 5.87607e+07	 
  0.0292	 9.69621e+07	 5.57779e+07	 5.57779e+07	 7.77552e+07	 5.57779e+07	 5.57779e+07	 
  0.0294	 9.38281e+07	 5.29316e+07	 5.29316e+07	 7.46034e+07	 5.29316e+07	 5.29316e+07	 
  0.0296	 9.07828e+07	 5.02165e+07	 5.02165e+07	 7.1565e+07	 5.02165e+07	 5.02165e+07	 
  0.0298	 8.78244e+07	 4.76277e+07	 4.76277e+07	 6.86369e+07	 4.76277e+07	 4.76277e+07	 
    0.03	 8.49508e+07	 4.51602e+07	 4.51602e+07	 6.58158e+07	 4.51602e+07	 4.51602e+07	 
  0.0302	 8.21603e+07	 4.28091e+07	 4.28091e+07	 6.30985e+07	 4.28091e+07	 4.28091e+07	 
  0.0304	 7.94511e+07	 4.05697e+07	 4.05697e+07	 6.0482e+07	 4.05697e+07	 4.05697e+07	 
  0.0306	 7.68212e+07	 3.84374e+07	 3.84374e+07	 5.79632e+07	 3.84374e+07	 3.84374e+07	 
  0.0308	 7.42688e+07	 3.64079e+07	 3.64079e+07	 5.55391e+07	 3.64079e+07	 3.64079e+07	 
   0.031	 7.17922e+07	 3.44769e+07	 3.44769e+07	 5.32067e+07	 3.44769e+07	 3.44769e+07	 
  0.0312	 6.93894e+07	 3.26401e+07	 3.26401e+07	 5.0963e+07	 3.26401e+07	 3.26401e+07	 
  0.0314	 6.70589e+07	 3.08935e+07	 3.08935e+07	 4.88054e+07	 3.08935e+07	 3.08935e+07	 
  0.0316	 6.47987e+07	 2.92333e+07	 2.92333e+07	 4.67309e+07	 2.92333e+07	 2.92333e+07	 
  0.0318	 6.26071e+07	 2.76556e+07	 2.76556e+07	 4.47369e+07	 2.76556e+07	 2.76556e+07	 
   0.032	 6.04825e+07	 2.61569e+07	 2.61569e+07	 4.28206e+07	 2.61569e+07	 2.61569e+07	 
  0.0322	 5.84232e+07	 2.47336e+07	 2.47336e+07	 4.09796e+07	 2.47336e+07	 2.47336e+07	 
  0.0324	 5.64274e+07	 2.33824e+07	 2.33824e+07	 3.92112e+07	 2.33824e+07	 2.33824e+07	 
  0.0326	 5.44936e+07	 2.20999e+07	 2.20999e+07	 3.75129e+07	 2.20999e+07	 2.20999e+07	 
  0.0328	 5.26202e+07	 2.0883e+07	 2.0883e+07	 3.58824e+07	 2.0883e+07	 2.0883e+07	 
   0.033	 5.08054e+07	 1.97288e+07	 1.97288e+07	 3.43172e+07	 1.97288e+07	 1.97288e+07	 
  0.0332	 4.90479e+07	 1.86342e+07	 1.86342e+07	 3.28151e+07	 1.86342e+07	 1.86342e+07	 
  0.0334	 4.7346e+07	 1.75965e+07	 1.75965e+07	 3.13738e+07	 1.75965e+07	 1.75965e+07	 
  0.0336	 4.56982e+07	 1.6613e+07	 1.6613e+07	 2.99913e+07	 1.6613e+07	 1.6613e+07	 
  0.0338	 4.41031e+07	 1.56812e+07	 1.56812e+07	 2.86652e+07	 1.56812e+07	 1.56812e+07	 
   0.034	 4.25592e+07	 1.47985e+07	 1.47985e+07	 2.73937e+07	 1.47985e+07	 1.47985e+07	 
  0.0342	 4.1065e+07	 1.39626e+07	 1.39626e+07	 2.61746e+07	 1.39626e+07	 1.39626e+07	 
  0.0344	 3.96193e+07	 1.31713e+07	 1.31713e+07	 2.50062e+07	 1.31713e+07	 1.31713e+07	 
  0.0346	 3.82206e+07	 1.24222e+07	 1.24222e+07	 2.38864e+07	 1.24222e+07	 1.24222e+07	 
  0.0348	 3.68676e+07	 1.17134e+07	 1.17134e+07	 2.28134e+07	 1.17134e+07	 1.17134e+07	 
   0.035	 3.55589e+07	 1.10429e+07	 1.10429e+07	 2.17856e+07	 1.10429e+07	 1.10429e+07	 
  0.0352	 3.42934e+07	 1.04087e+07	 1.04087e+07	 2.08011e+07	 1.04087e+07	 1.04087e+07	 
  0.0354	 3.30696e+07	 9.80902e+06	 9.80902e+06	 1.98584e+07	 9.80902e+06	 9.80902e+06	 
  0.0356	 3.18865e+07	 9.24213e+06	 9.24213e+06	 1.89558e+07	 9.24213e+06	 9.24213e+06	 
  0.0358	 3.07428e+07	 8.70635e+06	 8.70635e+06	 1.80917e+07	 8.70635e+06	 8.70635e+06	 
   0.036	 2.96374e+07	 8.20009e+06	 8.20009e+06	 1.72647e+07	 8.20009e+06	 8.20009e+06	 
  0.0362	 2.85691e+07	 7.72184e+06	 7.72184e+06	 1.64733e+07	 7.72184e+06	 7.72184e+06	 
  0.0364	 2.75367e+07	 7.27015e+06	 7.27015e+06	 1.57162e+07	 7.27015e+06	 7.27015e+06	 
  0.0366	 2.65393e+07	 6.84365e+06	 6.84365e+06	 1.49918e+07	 6.84365e+06	 6.84365e+06	 
  0.0368	 2.55756e+07	 6.44101e+06	 6.44101e+06	 1.42991e+07	 6.44101e+06	 6.44101e+06	 
   0.037	 2.46448e+07	 6.06099e+06	 6.06099e+06	 1.36366e+07	 6.06099e+06	 6.06099e+06	 
  0.0372	 2.37458e+07	 5.70238e+06	 5.70238e+06	 1.30031e+07	 5.70238e+06	 5.70238e+06	 
  0.0374	 2.28776e+07	 5.36407e+06	 5.36407e+06	 1.23976e+07	 5.36407e+06	 5.36407e+06	 
  0.0376	 2.20393e+07	 5.04496e+06	 5.04496e+06	 1.18187e+07	 5.04496e+06	 5.04496e+06	 
  0.0378	 2.12298e+07	 4.74403e+06	 4.74403e+06	 1.12656e+07	 4.74403e+06	 4.74403e+06	 
   0.038	 2.04484e+07	 4.4603e+06	 4.4603e+06	 1.0737e+07	 4.4603e+06	 4.4603e+06	 
  0.0382	 1.96941e+07	 4.19284e+06	 4.19284e+06	 1.0232e+07	 4.19284e+06	 4.19284e+06	 
  0.0384	 1.89661e+07	 3.94077e+06	 3.94077e+06	 9.7496e+06	 3.94077e+06	 3.94077e+06	 
  0.0386	 1.82635e+07	 3.70325e+06	 3.70325e+06	 9.28886e+06	 3.70325e+06	 3.70325e+06	 
  0.0388	 1.75855e+07	 3.47949e+06	 3.47949e+06	 8.84887e+06	 3.47949e+06	 3.47949e+06	 
   0.039	 1.69313e+07	 3.26873e+06	 3.26873e+06	 8.42876e+06	 3.26873e+06	 3.26873e+06	 
  0.0392	 1.63002e+07	 3.07025e+06	 3.07025e+06	 8.02768e+06	 3.07025e+06	 3.07025e+06	 
  0.0394	 1.56914e+07	 2.88337e+06	 2.88337e+06	 7.64483e+06	 2.88337e+06	 2.88337e+06	 
  0.0396	 1.51041e+07	 2.70745e+06	 2.70745e+06	 7.27943e+06	 2.70745e+06	 2.70745e+06	 
  0.0398	 1.45377e+07	 2.54187e+06	 2.54187e+06	 6.93073e+06	 2.54187e+06	 2.54187e+06	 
    0.04	 1.39915e+07	 2.38606e+06	 2.38606e+06	 6.59802e+06	 2.38606e+06	 2.38606e+06	 
  0.0402	 1.34648e+07	 2.23946e+06	 2.23946e+06	 6.2806e+06	 2.23946e+06	 2.23946e+06	 
  0.0404	 1.2957e+07	 2.10155e+06	 2.10155e+06	 5.97781e+06	 2.10155e+06	 2.10155e+06	 
  0.0406	 1.24674e+07	 1.97185e+06	 1.97185e+06	 5.68903e+06	 1.97185e+06	 1.97185e+06	 
  0.0408	 1.19954e+07	 1.84989e+06	 1.84989e+06	 5.41362e+06	 1.84989e+06	 1.84989e+06	 
   0.041	 1.15405e+07	 1.73521e+06	 1.73521e+06	 5.15102e+06	 1.73521e+06	 1.73521e+06	 
  0.0412	 1.1102e+07	 1.62742e+06	 1.62742e+06	 4.90065e+06	 1.62742e+06	 1.62742e+06	 
  0.0414	 1.06795e+07	 1.5261e+06	 1.5261e+06	 4.66198e+06	 1.5261e+06	 1.5261e+06	 
  0.0416	 1.02723e+07	 1.43089e+06	 1.43089e+06	 4.43448e+06	 1.43089e+06	 1.43089e+06	 
  0.0418	 9.8799e+06	 1.34144e+06	 1.34144e+06	 4.21767e+06	 1.34144e+06	 1.34144e+06	 
   0.042	 9.50188e+06	 1.2574e+06	 1.2574e+06	 4.01106e+06	 1.2574e+06	 1.2574e+06	 
  0.0422	 9.13769e+06	 1.17847e+06	 1.17847e+06	 3.8142e+06	 1.17847e+06	 1.17847e+06	 
  0.0424	 8.78687e+06	 1.10435e+06	 1.10435e+06	 3.62665e+06	 1.10435e+06	 1.10435e+06	 
  0.0426	 8.44896e+06	 1.03475e+06	 1.03475e+06	 3.44799e+06	 1.03475e+06	 1.03475e+06	 
  0.0428	 8.1235e+06	   969405	   969405	 3.27782e+06	   969405	   969405	 
   0.043	 7.81007e+06	   908069	   908069	 3.11575e+06	   908069	   908069	 
  0.0432	 7.50825e+06	   850505	   850505	 2.96143e+06	   850505	   850505	 
  0.0434	 7.21762e+06	   796487	   796487	 2.81448e+06	   796487	   796487	 
  0.0436	 6.9378e+06	   745804	   745804	 2.67459e+06	   745804	   745804	 
  0.0438	 6.66841e+06	   698259	   698259	 2.54141e+06	   698259	   698259	 
   0.044	 6.40908e+06	   653663	   653663	 2.41465e+06	   653663	   653663	 
  0.0442	 6.15945e+06	   611839	   611839	 2.29401e+06	   611839	   611839	 
  0.0444	 5.91918e+06	   572621	   572621	 2.17921e+06	   572621	   572621	 
  0.0446	 5.68794e+06	   535851	   535851	 2.06996e+06	   535851	   535851	 
  0.0448	 5.4654e+06	   501382	   501382	 1.96603e+06	   501382	   501382	 
   0.045	 5.25126e+06	   469075	   469075	 1.86715e+06	   469075	   469075	 
  0.0452	 5.0452e+06	   438797	   438797	 1.7731e+06	   438797	   438797	 
  0.0454	 4.84695e+06	   410425	   410425	 1.68364e+06	   410425	   410425	 
  0.0456	 4.65622e+06	   383843	   383843	 1.59856e+06	   383843	   383843	 
  0.0458	 4.47273e+06	   358941	   358941	 1.51765e+06	   358941	   358941	 
   0.046	 4.29623e+06	   335616	   335616	 1.44072e+06	   335616	   335616	 
  0.0462	 4.12646e+06	   313772	   313772	 1.36758e+06	   313772	   313772	 
  0.0464	 3.96317e+06	   293316	   293316	 1.29805e+06	   293316	   293316	 
  0.0466	 3.80614e+06	   274163	   274163	 1.23195e+06	   274163	   274163	 
  0.0468	 3.65512e+06	   256233	   256233	 1.16912e+06	   256233	   256233	 
   0.047	 3.50991e+06	   239449	   239449	 1.10942e+06	   239449	   239449	 
  0.0472	 3.37028e+06	   223740	   223740	 1.05268e+06	   223740	   223740	 
  0.0474	 3.23603e+06	   209039	   209039	   998761	   209039	   209039	 
  0.0476	 3.10696e+06	   195283	   195283	   947534	   195283	   195283	 
  0.0478	 2.98288e+06	   182413	   182413	   898866	   182413	   182413	 
   0.048	 2.86361e+06	   170373	   170373	   852634	   170373	   170373	 
  0.0482	 2.74896e+06	   159112	   159112	   808719	   159112	   159112	 
  0.0484	 2.63877e+06	   148579	   148579	   767009	   148579	   148579	 
  0.0486	 2.53286e+06	   138730	   138730	   727396	   138730	   138730	 
  0.0488	 2.43109e+06	   129520	   129520	   689779	   129520	   129520	 
   0.049	 2.33328e+06	   120909	   120909	   654060	   120909	   120909	 
  0.0492	 2.2393e+06	   112860	   112860	   620146	   112860	   112860	 
  0.0494	 2.14899e+06	   105336	   105336	   587949	   105336	   105336	 
  0.0496	 2.06223e+06	    98304	    98304	   557384	    98304	    98304	 
  0.0498	 1.97887e+06	  91732.5	  91732.5	   528371	  91732.5	  91732.5	 
    0.05	 1.89879e+06	    85592	    85592	   500833	    85592	    85592	 
  0.0502	 1.82186e+06	  79854.8	  79854.8	   474698	  79854.8	  79854.8	 
  0.0504	 1.74797e+06	  74495.1	  74495.1	   449896	  74495.1	  74495.1	 
  0.0506	 1.67699e+06	  69488.6	  69488.6	   426361	  69488.6	  69488.6	 
  0.0508	 1.60882e+06	  64812.5	  64812.5	   404029	  64812.5	  64812.5	 
   0.051	 1.54335e+06	  60445.4	  60445.4	   382842	  60445.4	  60445.4	 
  0.0512	 1.48048e+06	  56367.4	  56367.4	   362742	  56367.4	  56367.4	 
  0.0514	 1.4201e+06	  52559.7	  52559.7	   343674	  52559.7	  52559.7	 
  0.0516	 1.36212e+06	  49004.7	  49004.7	   325588	  49004.7	  49004.7	 
  0.0518	 1.30646e+06	  45686.1	  45686.1	   308433	  45686.1	  45686.1	 
   0.052	 1.25301e+06	  42588.4	  42588.4	   292164	  42588.4	  42588.4	 
  0.0522	 1.20169e+06	  39697.2	  39697.2	   276735	  39697.2	  39697.2	 
  0.0524	 1.15242e+06	  36999.1	  36999.1	   262104	  36999.1	  36999.1	 
  0.0526	 1.10513e+06	  34481.3	  34481.3	   248231	  34481.3	  34481.3	 
  0.0528	 1.05973e+06	  32132.1	  32132.1	   235078	  32132.1	  32132.1	 
   0.053	 1.01615e+06	  29940.3	  29940.3	   222608	  29940.3	  29940.3	 
  0.0532	   974324	  27895.6	  27895.6	   210786	  27895.6	  27895.6	 
  0.0534	   934179	  25988.4	  25988.4	   199581	  25988.4	  25988.4	 
  0.0536	   895650	  24209.6	  24209.6	   188959	  24209.6	  24209.6	 
  0.0538	   858674	  22550.6	  22550.6	   178892	  22550.6	  22550.6	 
   0.054	   823191	  21003.5	  21003.5	   169351	  21003.5	  21003.5	 
  0.0542	   789141	    19561	    19561	   160310	    19561	    19561	 
  0.0544	   756469	  18216.1	  18216.1	   151742	  18216.1	  18216.1	 
  0.0546	   725120	  16962.2	  16962.2	   143624	  16962.2	  16962.2	 
  0.0548	   695042	  15793.4	  15793.4	   135933	  15793.4	  15793.4	 
   0.055	   666186	    14704	    14704	   128645	    14704	    14704	 
  0.0552	   638502	  13688.6	  13688.6	   121742	  13688.6	  13688.6	 
  0.0554	   611944	  12742.4	  12742.4	   115203	  12742.4	  12742.4	 
  0.0556	   586468	  11860.6	  11860.6	   109008	  11860.6	  11860.6	 
  0.0558	   562031	    11039	    11039	   103141	    11039	    11039	 
   0.056	   538591	  10273.5	  10273.5	  97584.6	  10273.5	  10273.5	 
  0.0562	   516110	  9560.32	  9560.32	  92322.3	  9560.32	  9560.32	 
  0.0564	   494547	     8896	     8896	  87338.9	     8896	     8896	 
  0.0566	   473868	  8277.22	  8277.22	  82620.1	  8277.22	  8277.22	 
  0.0568	   454037	  7700.91	  7700.91	    78152	  7700.91	  7700.91	 
   0.057	   435019	  7164.19	  7164.19	  73921.6	  7164.19	  7164.19	 
  0.0572	   416782	  6664.38	  6664.38	  69916.5	  6664.38	  6664.38	 
  0.0574	   399296	  6198.99	  6198.99	  66124.9	  6198.99	  6198.99	 
  0.0576	   382529	  5765.68	  5765.68	  62535.6	  5765.68	  5765.68	 
  0.0578	   366452	  5362.26	  5362.26	  59138.1	  5362.26	  5362.26	 
   0.058	   351039	  4986.72	  4986.72	  55922.3	  4986.72	  4986.72	 
  0.0582	   336262	  4637.15	  4637.15	  52878.7	  4637.15	  4637.15	 
  0.0584	   322096	  4311.77	  4311.77	  49998.1	  4311.77	  4311.77	 
  0.0586	   308516	  4008.95	  4008.95	  47272.1	  4008.95	  4008.95	 
  0.0588	   295498	  3727.13	  3727.13	  44692.5	  3727.13	  3727.13	 
   0.059	   283019	  3464.88	  3464.88	  42251.5	  3464.88	  3464.88	 
  0.0592	   271058	  3220.86	  3220.86	  39941.9	  3220.86	  3220.86	 
  0.0594	   259594	  2993.83	  2993.83	  37756.7	  2993.83	  2993.83	 
  0.0596	   248606	   2782.6	   2782.6	  35689.2	   2782.6	   2782.6	 
  0.0598	   238075	  2586.11	  2586.11	  33733.4	  2586.11	  2586.11	 
    0.06	   227983	  2403.33	  2403.33	  31883.2	  2403.33	  2403.33	 
  0.0602	   218311	  2233.32	  2233.32	    30133	  2233.32	  2233.32	 
  0.0604	   209042	  2075.19	  2075.19	  28477.6	  2075.19	  2075.19	 
  0.0606	   200161	  1928.14	  1928.14	  26911.8	  1928.14	  1928.14	 
  0.0608	   191650	  1791.39	  1791.39	  25430.9	  1791.39	  1791.39	 
   0.061	   183496	  1664.23	  1664.23	  24030.4	  1664.23	  1664.23	 
  0.0612	   175682	     1546	     1546	    22706	     1546	     1546	 
  0.0614	   168196	  1436.07	  1436.07	  21453.6	  1436.07	  1436.07	 
  0.0616	   161024	  1333.88	  1333.88	  20269.3	  1333.88	  1333.88	 
  0.0618	   154153	  1238.88	  1238.88	  19149.5	  1238.88	  1238.88	 
   0.062	   147570	  1150.57	  1150.57	  18090.8	  1150.57	  1150.57	 
  0.0622	   141264	  1068.49	  1068.49	  17089.8	  1068.49	  1068.49	 
  0.0624	   135224	  992.209	  992.209	  16143.5	  992.209	  992.209	 
  0.0626	   129437	  921.314	  921.314	    15249	  921.314	  921.314	 
  0.0628	   123895	  855.431	  855.431	  14403.3	  855.431	  855.431	 
   0.063	   118586	  794.212	  794.212	    13604	  794.212	  794.212	 
  0.0632	   113501	  737.329	  737.329	  12848.5	  737.329	  737.329	 
  0.0634	   108631	  684.479	  684.479	  12134.4	  684.479	  684.479	 
  0.0636	   103967	   635.38	   635.38	  11459.5	   635.38	   635.38	 
  0.0638	  99500.4	  589.767	  589.767	  10821.7	  589.767	  589.767	 
   0.064	  95222.7	  547.397	  547.397	  10218.9	  547.397	  547.397	 
  0.0642	  91126.2	  508.041	  508.041	  9649.32	  508.041	  508.041	 
  0.0644	  87203.4	  471.487	  471.487	   9111.1	  471.487	  471.487	 
  0.0646	    83447	  437.537	  437.537	  8602.55	  437.537	  437.537	 
  0.0648	  79850.2	  406.009	  406.009	  8122.04	  406.009	  406.009	 
   0.065	  76406.2	  376.731	  376.731	  7668.06	  376.731	  376.731	 
  0.0652	  73108.7	  349.545	  349.545	  7239.15	  349.545	  349.545	 
  0.0654	  69951.5	  324.302	  324.302	  6833.96	  324.302	  324.302	 
  0.0656	  66928.8	  300.865	  300.865	  6451.19	  300.865	  300.865	 
  0.0658	  64034.9	  279.107	  279.107	  6089.62	  279.107	  279.107	 
   0.066	  61264.5	  258.907	  258.907	  5748.08	  258.907	  258.907	 
  0.0662	  58612.2	  240.157	  240.157	  5425.48	  240.157	  240.157	 
  0.0664	  56073.3	  222.752	  222.752	  5120.79	  222.752	  222.752	 
  0.0666	  53642.9	  206.597	  206.597	  4833.02	  206.597	  206.597	 
  0.0668	  51316.5	  191.603	  191.603	  4561.24	  191.603	  191.603	 
   0.067	  49089.6	  177.688	  177.688	  4304.58	  177.688	  177.688	 
  0.0672	  46958.1	  164.775	  164.775	   4062.2	  164.775	  164.775	 
  0.0674	  44917.9	  152.792	  152.792	  3833.33	  152.792	  152.792	 
  0.0676	  42965.3	  141.673	  141.673	  3617.22	  141.673	  141.673	 
  0.0678	  41096.5	  131.357	  131.357	  3413.15	  131.357	  131.357	 
   0.068	  39307.9	  121.785	  121.785	  3220.49	  121.785	  121.785	 
  0.0682	  37596.2	  112.905	  112.905	  3038.58	  112.905	  112.905	 
  0.0684	  35958.1	  104.667	  104.667	  2866.84	  104.667	  104.667	 
  0.0686	  34390.5	  97.0246	  97.0246	  2704.71	  97.0246	  97.0246	 
  0.0688	  32890.4	   89.936	   89.936	  2551.65	   89.936	   89.936	 
   0.069	  31454.9	  83.3611	  83.3611	  2407.17	  83.3611	  83.3611	 
  0.0692	  30081.3	  77.2629	  77.2629	  2270.79	  77.2629	  77.2629	 
  0.0694	    28767	  71.6073	  71.6073	  2142.06	  71.6073	  71.6073	 
  0.0696	  27509.4	  66.3623	  66.3623	  2020.55	  66.3623	  66.3623	 
  0.0698	  26306.2	  61.4985	  61.4985	  1905.87	  61.4985	  61.4985	 
    0.07	  25154.9	  56.9884	  56.9884	  1797.63	  56.9884	  56.9884	 
  0.0702	  24053.5	  52.8064	  52.8064	  1695.48	  52.8064	  52.8064	 
  0.0704	  22999.7	  48.9289	  48.9289	  1599.08	  48.9289	  48.9289	 
  0.0706	  21991.6	   45.334	   45.334	  1508.11	   45.334	   45.334	 
  0.0708	  21027.1	  42.0011	  42.0011	  1422.26	  42.0011	  42.0011	 
   0.071	  20104.5	  38.9114	  38.9114	  1341.25	  38.9114	  38.9114	 
  0.0712	  19221.8	  36.0473	  36.0473	  1264.82	  36.0473	  36.0473	 
  0.0714	  18377.5	  33.3924	  33.3924	   1192.7	  33.3924	  33.3924	 
  0.0716	  17569.9	  30.9316	  30.9316	  1124.65	  30.9316	  30.9316	 
  0.0718	  16797.4	  28.6508	  28.6508	  1060.45	  28.6508	  28.6508	 
   0.072	  16058.4	   26.537	   26.537	  999.885	   26.537	   26.537	 
  0.0722	  15351.6	  24.5779	  24.5779	  942.745	  24.5779	  24.5779	 
  0.0724	  14675.6	  22.7625	  22.7625	  888.841	  22.7625	  22.7625	 
  0.0726	  14029.1	  21.0801	  21.0801	  837.992	  21.0801	  21.0801	 
  0.0728	  13410.7	  19.5213	  19.5213	  790.025	  19.5213	  19.5213	 
   0.073	  12819.2	  18.0769	  18.0769	   744.78	  18.0769	  18.0769	 
  0.0732	  12253.6	  16.7386	  16.7386	  702.104	  16.7386	  16.7386	 
  0.0734	  11712.7	  15.4986	  15.4986	  661.852	  15.4986	  15.4986	 
  0.0736	  11195.4	  14.3499	  14.3499	  623.887	  14.3499	  14.3499	 
  0.0738	  10700.7	  13.2858	  13.2858	  588.081	  13.2858	  13.2858	 
   0.074	  10227.7	     12.3	     12.3	  554.313	     12.3	     12.3	 
  0.0742	  9775.33	  11.3869	  11.3869	  522.467	  11.3869	  11.3869	 
  0.0744	  9342.78	  10.5411	  10.5411	  492.436	  10.5411	  10.5411	 
  0.0746	  8929.17	  9.75765	  9.75765	  464.116	  9.75765	  9.75765	 
  0.0748	   8533.7	  9.03208	  9.03208	  437.411	  9.03208	  9.03208	 
   0.075	  8155.56	   8.3601	   8.3601	  412.231	   8.3601	   8.3601	 
  0.0752	  7794.01	  7.73779	  7.73779	  388.488	  7.73779	  7.73779	 
  0.0754	  7448.34	   7.1615	   7.1615	  366.101	   7.1615	   7.1615	 
  0.0756	  7117.84	  6.62785	  6.62785	  344.994	  6.62785	  6.62785	 
  0.0758	  6801.87	   6.1337	   6.1337	  325.094	   6.1337	   6.1337	 
   0.076	  6499.78	  5.67616	  5.67616	  306.332	  5.67616	  5.67616	 
  0.0762	  6210.99	  5.25254	  5.25254	  288.645	  5.25254	  5.25254	 
  0.0764	   5934.9	  4.86032	  4.86032	  271.971	  4.86032	  4.86032	 
  0.0766	  5670.97	  4.49721	  4.49721	  256.252	  4.49721	  4.49721	 
  0.0768	  5418.67	  4.16106	  4.16106	  241.435	  4.16106	  4.16106	 
   0.077	  5177.48	  3.84988	  3.84988	  227.468	  3.84988	  3.84988	 
  0.0772	  4946.93	  3.56182	  3.56182	  214.303	  3.56182	  3.56182	 
  0.0774	  4726.55	  3.29519	  3.29519	  201.894	  3.29519	  3.29519	 
  0.0776	   4515.9	  3.04839	  3.04839	  190.198	  3.04839	  3.04839	 
  0.0778	  4314.55	  2.81996	  2.81996	  179.174	  2.81996	  2.81996	 
   0.078	   4122.1	  2.60855	  2.60855	  168.785	  2.60855	  2.60855	 
  0.0782	  3938.15	  2.41289	  2.41289	  158.993	  2.41289	  2.41289	 
  0.0784	  3762.34	  2.23182	  2.23182	  149.765	  2.23182	  2.23182	 
  0.0786	  3594.31	  2.06426	  2.06426	  141.069	  2.06426	  2.06426	 
  0.0788	  3433.71	   1.9092	   1.9092	  132.874	   1.9092	   1.9092	 
   0.079	  3280.23	  1.76573	  1.76573	  125.152	  1.76573	  1.76573	 
  0.0792	  3133.54	  1.63297	  1.63297	  117.875	  1.63297	  1.63297	 
  0.0794	  2993.36	  1.51013	  1.51013	  111.019	  1.51013	  1.51013	 
  0.0796	   2859.4	  1.39649	  1.39649	  104.558	  1.39649	  1.39649	 
  0.0798	  2731.38	  1.29134	  1.29134	  98.4704	  1.29134	  1.29134	 
    0.08	  2609.04	  1.19407	  1.19407	  92.7348	  1.19407	  1.19407	 
  0.0802	  2492.13	  1.10408	  1.10408	   87.331	  1.10408	  1.10408	 
  0.0804	  2380.42	  1.02084	  1.02084	  82.2399	  1.02084	  1.02084	 
  0.0806	  2273.68	 0.943839	 0.943839	  77.4435	 0.943839	 0.943839	 
  0.0808	  2171.68	 0.872613	 0.872613	  72.9249	 0.872613	 0.872613	 
   0.081	  2074.22	 0.806733	 0.806733	  68.6681	 0.806733	 0.806733	 
  0.0812	  1981.09	 0.745799	 0.745799	  64.6581	 0.745799	 0.745799	 
  0.0814	  1892.11	 0.689442	 0.689442	  60.8807	 0.689442	 0.689442	 
  0.0816	   1807.1	 0.637321	 0.637321	  57.3225	 0.637321	 0.637321	 
  0.0818	  1725.87	 0.589119	 0.589119	  53.9709	 0.589119	 0.589119	 
   0.082	  1648.27	 0.544543	 0.544543	  50.8139	 0.544543	 0.544543	 
  0.0822	  1574.13	 0.503322	 0.503322	  47.8403	 0.503322	 0.503322	 
  0.0824	  1503.29	 0.465204	 0.465204	  45.0396	 0.465204	 0.465204	 
  0.0826	  1435.62	 0.429959	 0.429959	  42.4018	 0.429959	 0.429959	 
  0.0828	  1370.97	 0.397369	 0.397369	  39.9175	 0.397369	 0.397369	 
   0.083	  1309.21	 0.367237	 0.367237	  37.5778	 0.367237	 0.367237	 
  0.0832	  1250.21	 0.339378	 0.339378	  35.3743	 0.339378	 0.339378	 
  0.0834	  1193.85	 0.313622	 0.313622	  33.2992	 0.313622	 0.313622	 
  0.0836	  1140.01	  0.28981	  0.28981	  31.3451	  0.28981	  0.28981	 
  0.0838	  1088.57	 0.267797	 0.267797	  29.5049	 0.267797	 0.267797	 
   0.084	  1039.44	 0.247447	 0.247447	   27.772	 0.247447	 0.247447	 
  0.0842	  992.515	 0.228637	 0.228637	  26.1403	 0.228637	 0.228637	 
  0.0844	  947.689	 0.211249	 0.211249	  24.6039	 0.211249	 0.211249	 
  0.0846	  904.872	 0.195176	 0.195176	  23.1572	 0.195176	 0.195176	 
  0.0848	  863.975	 0.180321	 0.180321	  21.7951	 0.180321	 0.180321	 
   0.085	  824.913	  0.16659	  0.16659	  20.5125	  0.16659	  0.16659	 
  0.0852	  787.604	   0.1539	   0.1539	   19.305	   0.1539	   0.1539	 
  0.0854	   751.97	 0.142172	 0.142172	  18.1682	 0.142172	 0.142172	 
  0.0856	  717.936	 0.131334	 0.131334	  17.0979	 0.131334	 0.131334	 
  0.0858	  685.431	 0.121318	 0.121318	  16.0902	 0.121318	 0.121318	 
   0.086	  654.387	 0.112062	 0.112062	  15.1416	 0.112062	 0.112062	 
  0.0862	   624.74	 0.103508	 0.103508	  14.2486	 0.103508	 0.103508	 
  0.0864	  596.425	 0.0956048	 0.0956048	  13.4079	 0.0956048	 0.0956048	 
  0.0866	  569.385	 0.088302	 0.088302	  12.6166	 0.088302	 0.088302	 
  0.0868	  543.562	 0.0815544	 0.0815544	  11.8717	 0.0815544	 0.0815544	 
   0.087	  518.902	  0.07532	  0.07532	  11.1705	  0.07532	  0.07532	 
  0.0872	  495.353	  0.06956	  0.06956	  10.5104	  0.06956	  0.06956	 
  0.0874	  472.865	 0.0642385	 0.0642385	  9.88921	 0.0642385	 0.0642385	 
  0.0876	  451.391	 0.0593222	 0.0593222	  9.30447	 0.0593222	 0.0593222	 
  0.0878	  430.885	 0.0547804	 0.0547804	  8.75412	 0.0547804	 0.0547804	 
   0.088	  411.305	 0.0505848	 0.0505848	  8.23613	 0.0505848	 0.0505848	 
  0.0882	  392.608	 0.0467091	 0.0467091	  7.74862	 0.0467091	 0.0467091	 
  0.0884	  374.755	 0.043129	 0.043129	  7.28981	 0.043129	 0.043129	 
  0.0886	  357.709	 0.0398221	 0.0398221	  6.85801	 0.0398221	 0.0398221	 
  0.0888	  341.433	 0.0367676	 0.0367676	  6.45165	 0.0367676	 0.0367676	 
   0.089	  325.892	 0.0339464	 0.0339464	  6.06923	 0.0339464	 0.0339464	 
  0.0892	  311.054	 0.0313407	 0.0313407	  5.70936	 0.0313407	 0.0313407	 
  0.0894	  296.887	 0.0289341	 0.0289341	  5.37071	 0.0289341	 0.0289341	 
  0.0896	  283.362	 0.0267115	 0.0267115	  5.05203	 0.0267115	 0.0267115	 
  0.0898	  270.448	 0.024659	 0.024659	  4.75217	 0.024659	 0.024659	 
    0.09	  258.119	 0.0227634	 0.0227634	     4.47	 0.0227634	 0.0227634	 
  0.0902	  246.348	 0.021013	 0.021013	   4.2045	 0.021013	 0.021013	 
  0.0904	  235.111	 0.0193966	 0.0193966	  3.95469	 0.0193966	 0.0193966	 
  0.0906	  224.383	 0.017904	 0.017904	  3.71964	 0.017904	 0.017904	 
  0.0908	  214.141	 0.0165258	 0.0165258	  3.49849	 0.0165258	 0.0165258	 
   0.091	  204.364	 0.0152532	 0.0152532	  3.29042	 0.0152532	 0.0152532	 
  0.0912	   195.03	 0.0140782	 0.0140782	  3.09465	 0.0140782	 0.0140782	 
  0.0914	   186.12	 0.0129933	 0.0129933	  2.91048	 0.0129933	 0.0129933	 
  0.0916	  177.615	 0.0119917	 0.0119917	  2.73721	 0.0119917	 0.0119917	 
  0.0918	  169.496	 0.011067	 0.011067	   2.5742	 0.011067	 0.011067	 
   0.092	  161.745	 0.0102133	 0.0102133	  2.42085	 0.0102133	 0.0102133	 
  0.0922	  154.347	 0.00942524	 0.00942524	  2.27659	 0.00942524	 0.00942524	 
  0.0924	  147.285	 0.00869771	 0.00869771	  2.14088	 0.00869771	 0.00869771	 
  0.0926	  140.545	 0.0080261	 0.0080261	  2.01322	 0.0080261	 0.0080261	 
  0.0928	  134.111	 0.00740615	 0.00740615	  1.89314	 0.00740615	 0.00740615	 
   0.093	  127.969	 0.00683389	 0.00683389	  1.78018	 0.00683389	 0.00683389	 
  0.0932	  122.107	 0.00630568	 0.00630568	  1.67393	 0.00630568	 0.00630568	 
  0.0934	  116.512	 0.00581813	 0.00581813	  1.57399	 0.00581813	 0.00581813	 
  0.0936	  111.172	 0.00536813	 0.00536813	  1.47998	 0.00536813	 0.00536813	 
  0.0938	  106.076	 0.0049528	 0.0049528	  1.39157	 0.0049528	 0.0049528	 
   0.094	  101.211	 0.00456948	 0.00456948	  1.30841	 0.00456948	 0.00456948	 
  0.0942	  96.5684	 0.00421571	 0.00421571	  1.23019	 0.00421571	 0.00421571	 
  0.0944	  92.1374	 0.00388923	 0.00388923	  1.15663	 0.00388923	 0.00388923	 
  0.0946	  87.9085	 0.00358793	 0.00358793	  1.08745	 0.00358793	 0.00358793	 
  0.0948	  83.8726	 0.00330989	 0.00330989	  1.02238	 0.00330989	 0.00330989	 
   0.095	  80.0209	 0.00305331	 0.00305331	 0.961192	 0.00305331	 0.00305331	 
  0.0952	  76.3451	 0.00281654	 0.00281654	 0.903646	 0.00281654	 0.00281654	 
  0.0954	  72.8372	 0.00259807	 0.00259807	  0.84953	 0.00259807	 0.00259807	 
  0.0956	  69.4895	 0.00239648	 0.00239648	 0.798639	 0.00239648	 0.00239648	 
  0.0958	  66.2949	 0.00221047	 0.00221047	 0.750783	 0.00221047	 0.00221047	 
   0.096	  63.2462	 0.00203885	 0.00203885	 0.705781	 0.00203885	 0.00203885	 
  0.0962	   60.337	 0.0018805	 0.0018805	 0.663464	 0.0018805	 0.0018805	 
  0.0964	  57.5609	 0.00173441	 0.00173441	 0.623673	 0.00173441	 0.00173441	 
  0.0966	  54.9117	 0.00159963	 0.00159963	 0.586257	 0.00159963	 0.00159963	 
  0.0968	  52.3839	 0.00147528	 0.00147528	 0.551076	 0.00147528	 0.00147528	 
   0.097	  49.9717	 0.00136056	 0.00136056	 0.517997	 0.00136056	 0.00136056	 
  0.0972	    47.67	 0.00125473	 0.00125473	 0.486894	 0.00125473	 0.00125473	 
  0.0974	  45.4738	 0.00115711	 0.00115711	  0.45765	 0.00115711	 0.00115711	 
  0.0976	  43.3782	 0.00106705	 0.00106705	 0.430155	 0.00106705	 0.00106705	 
  0.0978	  41.3786	 0.000983975	 0.000983975	 0.404305	 0.000983975	 0.000983975	 
   0.098	  39.4708	 0.000907346	 0.000907346	 0.380001	 0.000907346	 0.000907346	 
  0.0982	  37.6504	 0.000836665	 0.000836665	 0.357152	 0.000836665	 0.000836665	 
  0.0984	  35.9135	 0.00077147	 0.00077147	 0.335671	 0.00077147	 0.00077147	 
  0.0986	  34.2563	 0.000711337	 0.000711337	 0.315476	 0.000711337	 0.000711337	 
  0.0988	  32.6752	 0.000655876	 0.000655876	 0.296491	 0.000655876	 0.000655876	 
   0.099	  31.1667	 0.000604724	 0.000604724	 0.278643	 0.000604724	 0.000604724	 
  0.0992	  29.7275	 0.000557547	 0.000557547	 0.261865	 0.000557547	 0.000557547	 
  0.0994	  28.3544	 0.000514039	 0.000514039	 0.246093	 0.000514039	 0.000514039	 
  0.0996	  27.0443	 0.000473914	 0.000473914	 0.231267	 0.000473914	 0.000473914	 
  0.0998	  25.7945	 0.000436911	 0.000436911	 0.217331	 0.000436911	 0.000436911	 
     0.1	  24.6022	 0.000402787	 0.000402787	  0.20423	 0.000402787	 0.000402787	 
