0.0	0.0	0.0	0.0	0.0	0.0	0.0
0.0002	1.0552517738550604e-22	5.658900764538363e-18	3.387222627850399e-20	3.3576912650878563e-19	3.460920148731195e-24	2.549430996780988e-14
0.0004	8.442005362594965e-22	4.527110113971878e-17	1.3548889851124295e-19	1.3430763829112514e-18	1.384368048628441e-23	1.0197677633938451e-13
0.0006000000000000001	2.849173830346055e-21	1.5278961205138753e-16	3.0485000679405815e-19	3.0219215845215872e-18	3.114828084969908e-23	2.29446703821682e-13
0.0008	6.7535901649053004e-21	3.621671294981824e-16	5.419555412227918e-19	5.372304546654013e-18	5.537472107601466e-23	4.079033971279813e-13
0.001	1.3190591996740319e-20	7.073560345533585e-16	8.46805491893287e-19	8.394225084622787e-18	8.65230010022706e-23	6.373461609778821e-13
0.0012000000000000001	2.2793319134204084e-20	1.2223083933666142e-15	1.219399848901388e-18	1.2087683013742206e-17	1.2459312046550635e-22	9.17774300097305e-13
0.0014	3.6194908737206355e-20	1.9409759571659152e-15	1.659738602342939e-18	1.6452678149326578e-17	1.6958507930276136e-22	1.2491871192184912e-12
0.0016	5.4028495317220676e-20	2.8973101622593226e-15	2.1678217423137884e-18	2.148921030669028e-17	2.2149887735107504e-22	1.6315839230800026e-12
0.0018000000000000002	7.692721073729123e-20	4.1252621300368184e-15	2.7436492589097806e-18	2.7197279301147693e-17	2.80334514447487e-22	2.0649640164267217e-12
0.002	1.0552418421203972e-19	5.658782666972125e-15	3.3872211422267653e-18	3.3576884948013236e-17	3.4609199042903647e-22	2.5493267040098502e-12
0.0022	1.4045254230767242e-19	7.531822264624545e-15	4.098537382360591e-18	4.062802706260139e-17	4.187713051327631e-22	3.0846712905869136e-12
0.0024000000000000002	1.8234540894198713e-19	9.778331099640765e-15	4.877597969407106e-18	4.835070546022665e-17	4.9837245839570635e-22	3.670997080921754e-12
0.0026000000000000003	2.3183590538437985e-19	1.243225903375671e-14	5.724402893462164e-18	5.67449199562035e-17	5.848954500549055e-22	4.308303379784539e-12
0.0028	2.8955715025585163e-19	1.552755561379933e-14	6.6389521446216134e-18	6.581067036584654e-17	6.783402799474003e-22	4.996589491951747e-12
0.003	3.5614225952901637e-19	1.909817007168848e-14	7.621245712981313e-18	7.554795650447036e-17	7.787069479102299e-22	5.735854722206189e-12
0.0032	4.3222434652810657e-19	2.3178051324438674e-14	8.67128358863711e-18	8.595677818738959e-17	8.85995453780434e-22	6.526098375336988e-12
0.0034000000000000002	5.184365219289812e-19	2.7801147974161e-14	9.789065761684863e-18	9.703713522991888e-17	1.0002057973950523e-21	7.36731975613959e-12
0.0036000000000000003	6.154118937591315e-19	3.3001408308064853e-14	1.0974592222220426e-17	1.0878902744737296e-16	1.1213379785911239e-21	8.25951816941576e-12
0.0038	7.237835673976892e-19	3.8812780298459805e-14	1.2227862960339653e-17	1.212124546550665e-16	1.2493919972056877e-21	9.202692919973583e-12
0.004	8.441846455754328e-19	4.5269211602757475e-14	1.3548877966138411e-17	1.3430741666831433e-16	1.384367853075785e-21	1.0196843312627464e-11
0.004200000000000001	9.772482283747948e-19	5.2404649563473284e-14	1.493763722971255e-17	1.4807391330243128e-16	1.5262655460384538e-21	1.1241968652198136e-11
0.0044	1.1236074132298667e-18	6.025304120822823e-14	1.6394140741157935e-17	1.6251194437273197e-16	1.6750850759307337e-21	1.2338068243512636e-11
0.0046	1.28389529492641e-18	6.884833324975091e-14	1.7918388490570418e-17	1.7762150969453153e-16	1.8308264425896637e-21	1.3485141391404337e-11
0.0048000000000000004	1.4587449656018604e-18	7.82244720858792e-14	1.951038046804587e-17	1.9340260908314476e-16	1.9934896458522857e-21	1.4683187400712913e-11
0.005	1.6487895147453325e-18	8.841540379956203e-14	2.1170116663680145e-17	2.0985524235388648e-16	2.1630746855556366e-21	1.593220557628438e-11
0.005200000000000001	1.854662029197633e-18	9.945507415886135e-14	2.2897597067569117e-17	2.269794093220718e-16	2.339581561536757e-21	1.723219522297107e-11
0.0054	2.0769955931512584e-18	1.1137742861695386e-13	2.4692821669808636e-17	2.447751098030157e-16	2.523010273632687e-21	1.8583155645631604e-11
0.0056	2.3164232881504147e-18	1.2421641231213284e-13	2.6555790460494577e-17	2.6324234361203314e-16	2.7133608216804646e-21	1.9985086149130968e-11
0.0058000000000000005	2.573578193091013e-18	1.3800597006781017e-13	2.848650342972282e-17	2.823811105644394e-16	2.9106332055171297e-21	2.1437986038340448e-11
0.006	2.8490933842206774e-18	1.5278004639251766e-13	3.0484960567589204e-17	3.0219141047554924e-16	3.114827424979723e-21	2.2941854618137626e-11
0.006200000000000001	3.1436019351387622e-18	1.685725854799095e-13	3.255116186418962e-17	3.226732431606782e-16	3.3259434799052834e-21	2.4496691193406445e-11
0.0064	3.4577369167963445e-18	1.8541753120876367e-13	3.4685107309619917e-17	3.43826608435141e-16	3.5439813701308486e-21	2.6102495069037138e-11
0.0066	3.7921313974962445e-18	2.0334882714298388e-13	3.688679689397598e-17	3.6565150611425317e-16	3.768941095493461e-21	2.7759265549926272e-11
0.0068000000000000005	4.147418442893023e-18	2.2240041653160157e-13	3.915623060735368e-17	3.881479360133299e-16	4.000822655830159e-21	2.946700194097673e-11
0.007	4.524231115992986e-18	2.426062423087771e-13	4.1493408439848876e-17	4.113158979476864e-16	4.23962605097798e-21	3.122570354709771e-11
0.007200000000000001	4.92320247715421e-18	2.640002470938027e-13	4.3898330381557464e-17	4.35155391732638e-16	4.4853512807739695e-21	3.303536967320474e-11
0.0074	5.344965584086524e-18	2.866163731911029e-13	4.637099642257529e-17	4.596664171835e-16	4.73799834505516e-21	3.489599962421964e-11
0.0076	5.7901534918515366e-18	3.1048856259023766e-13	4.8911406552998246e-17	4.848489741155879e-16	4.997567243658594e-21	3.6807592705070594e-11
0.0078000000000000005	6.259399252862629e-18	3.3565075696590354e-13	5.151956076292223e-17	5.107030623442169e-16	5.264057976421314e-21	3.8770148220692066e-11
0.008	6.753335916884969e-18	3.6213689767793523e-13	5.4195459042443066e-17	5.372286816847026e-16	5.537470543180354e-21	4.078366547602484e-11
0.0082	7.272596531035522e-18	3.899809257713084e-13	5.693910138165668e-17	5.644258319523606e-16	5.817804943772756e-21	4.284814377601608e-11
0.008400000000000001	7.817814139783043e-18	4.192167819761403e-13	5.975048777065891e-17	5.922945129625063e-16	6.1050611780355616e-21	4.496358242561916e-11
0.0086	8.389621784948096e-18	4.4987840670769193e-13	6.262961819954567e-17	6.208347245304547e-16	6.399239245805807e-21	4.712998072979388e-11
0.0088	8.988652505703071e-18	4.819997400663714e-13	6.557649265841284e-17	6.500464664715222e-16	6.700339146920534e-21	4.934733799350628e-11
0.009000000000000001	9.61553933857216e-18	5.156147218377331e-13	6.859111113735626e-17	6.799297386010243e-16	7.00836088121678e-21	5.1615653521728775e-11
0.0092	1.0270915317431388e-17	5.507572914924811e-13	7.167347362647187e-17	7.10484540734276e-16	7.323304448531584e-21	5.393492661944007e-11
0.0094	1.0955413473508622e-17	5.87461388186472e-13	7.482358011585551e-17	7.417108726865935e-16	7.645169848701992e-21	5.630515659162519e-11
0.009600000000000001	1.1669666835383553e-17	6.257609507607135e-13	7.804143059560308e-17	7.736087342732927e-16	7.973957081565039e-21	5.872634274327549e-11
0.0098	1.2414308428987734e-17	6.6568991774137e-13	8.132702505581047e-17	8.061781253096887e-16	8.309666146957762e-21	6.119848437938863e-11
0.01	1.318997127760457e-17	7.072822273397618e-13	8.468036348657357e-17	8.394190456110978e-16	8.652297044717204e-21	6.372158080496861e-11
0.0102	1.399728840186932e-17	7.505718174523675e-13	8.810144587798826e-17	8.733314949928358e-16	9.001849774680406e-21	6.62956313250257e-11
0.010400000000000001	1.4836892819769122e-17	7.955926256608274e-13	9.159027222015042e-17	9.079154732702181e-16	9.358324336684402e-21	6.89206352445766e-11
0.0106	1.5709417546642964e-17	8.423785892319424e-13	9.514684250315592e-17	9.43170980258561e-16	9.721720730566236e-21	7.159659186864415e-11
0.0108	1.6615495595181766e-17	8.909636451176788e-13	9.877115671710074e-17	9.790980157731804e-16	1.009203895616295e-20	7.432350050225766e-11
0.011000000000000001	1.7555759975428294e-17	9.41381729955168e-13	1.0246321485208071e-16	1.0156965796293923e-15	1.0469279013311578e-20	7.710136045045275e-11
0.0112	1.8530843694777214e-17	9.936667800667087e-13	1.0622301689819165e-16	1.052966671642512e-15	1.0853440901849158e-20	7.993017101827121e-11
0.0114	1.954137975797512e-17	1.0478527314597713e-12	1.1005056284552959e-16	1.0909082916278564e-15	1.1244524621612733e-20	8.280993151076137e-11
0.011600000000000001	2.0588001167120494e-17	1.1039735198269954e-12	1.1394585268419036e-16	1.1295214394007416e-15	1.1642530172439345e-20	8.57406412329777e-11
0.0118	2.167134092166372e-17	1.1620630805461937e-12	1.1790888640426982e-16	1.1688061147764824e-15	1.204745755416603e-20	8.8722299489981e-11
0.012	2.2792032018407166e-17	1.2221553486803558e-12	1.2193966399586393e-16	1.2087623175703963e-15	1.2459306766629832e-20	9.175490558683858e-11
0.0122	2.3950707451505073e-17	1.284284258977646e-12	1.2603818544906852e-16	1.2493900475977992e-15	1.2878077809667789e-20	9.48384588286238e-11
0.012400000000000001	2.5148000212463632e-17	1.3484837458714094e-12	1.302044507539796e-16	1.290689304674007e-15	1.3303770683116938e-20	9.797295852041655e-11
0.0126	2.6384543290140975e-17	1.4147877434801699e-12	1.3443845990069297e-16	1.3326600886143357e-15	1.373638538681431e-20	1.0115840396730288e-10
0.0128	2.766096967074723e-17	1.4832301856076335e-12	1.3874021287930454e-16	1.3753023992341017e-15	1.4175921920596966e-20	1.0439479447437529e-10
0.013000000000000001	2.897791233784442e-17	1.5538450057426932e-12	1.431097096799102e-16	1.4186162363486217e-15	1.4622380284301934e-20	1.0768212934673253e-10
0.0132	3.0336004272346574e-17	1.626666137059423e-12	1.475469502926059e-16	1.4626015997732114e-15	1.5075760477766245e-20	1.1102040788947963e-10
0.0134	3.173587845251967e-17	1.7017275124170907e-12	1.5205193470748754e-16	1.5072584893231878e-15	1.5536062500826954e-20	1.1440962940772803e-10
0.013600000000000001	3.317816785398169e-17	1.7790630643601493e-12	1.5662466291465102e-16	1.5525869048138667e-15	1.6003286353321093e-20	1.1784979320659546e-10
0.013800000000000002	3.4663505449702574e-17	1.858706725118244e-12	1.6126513490419222e-16	1.5985868460605653e-15	1.64774320350857e-20	1.2134089859120595e-10
0.014	3.619252421000426e-17	1.940692426606213e-12	1.6597335066620701e-16	1.645258312878599e-15	1.6958499545957812e-20	1.2488294486668974e-10
0.0142	3.7765857102560717e-17	2.0250541004240937e-12	1.7074931019079137e-16	1.6926013050832855e-15	1.7446488885774484e-20	1.284759313381836e-10
0.014400000000000001	3.938413709239791e-17	2.111825677857114e-12	1.7559301346804128e-16	1.74061582248994e-15	1.7941400054372745e-20	1.3211985731083053e-10
0.0146	4.104799714189376e-17	2.201041089875704e-12	1.8050446048805238e-16	1.7893018649138806e-15	1.8443233051589626e-20	1.3581472208977977e-10
0.0148	4.275807021077831e-17	2.292734267135496e-12	1.854836512409209e-16	1.8386594321704217e-15	1.8951987877262182e-20	1.3956052498018695e-10
0.015000000000000001	4.451498925613354e-17	2.3869391399773218e-12	1.9053058571674253e-16	1.8886885240748825e-15	1.9467664531227443e-20	1.433572652872141e-10
0.0152	4.631938723239352e-17	2.4836896384272166e-12	1.9564526390561324e-16	1.9393891404425777e-15	1.999026301332245e-20	1.4720494231602925e-10
0.0154	4.817189709134433e-17	2.5830196921964256e-12	2.00827685797629e-16	1.9907612810888255e-15	2.0519783323384245e-20	1.511035553718072e-10
0.015600000000000001	5.0073151782124113e-17	2.6849632306813997e-12	2.0607785138288572e-16	2.0428049458289404e-15	2.1056225461249876e-20	1.5505310375972875e-10
0.0158	5.202378425122307e-17	2.7895541829637984e-12	2.113957606514792e-16	2.095520134478242e-15	2.1599589426756366e-20	1.5905358678498111e-10
0.016	5.402442744248342e-17	2.896826477810493e-12	2.1678141359350546e-16	2.1489068468520445e-15	2.2149875219740763e-20	1.6310500375275774e-10
0.0162	5.607571429709953e-17	3.0068140436735697e-12	2.2223481019906036e-16	2.2029650827656663e-15	2.2707082840040102e-20	1.6720735396825857e-10
0.0164	5.817827775361784e-17	3.119550808690332e-12	2.277559504582399e-16	2.2576948420344247e-15	2.3271212287491432e-20	1.7136063673668976e-10
0.0166	6.033275074793675e-17	3.2350707006832922e-12	2.333448343611398e-16	2.3130961244736357e-15	2.3842263561931785e-20	1.7556485136326368e-10
0.016800000000000002	6.253976621330692e-17	3.3534076471601922e-12	2.390014618978563e-16	2.3691689298986164e-15	2.442023666319821e-20	1.7981999715319925e-10
0.017	6.479995708033092e-17	3.4745955753139837e-12	2.44725833058485e-16	2.4259132581246826e-15	2.5005131591127732e-20	1.8412607341172154e-10
0.0172	6.711395627696361e-17	3.598668412022848e-12	2.5051794783312206e-16	2.4833291089671525e-15	2.5596948345557396e-20	1.8848307944406186e-10
0.017400000000000002	6.948239672851192e-17	3.725660083850193e-12	2.5637780621186335e-16	2.541416482241344e-15	2.6195686926324248e-20	1.9289101455545808e-10
0.0176	7.19059113576347e-17	3.855604517044642e-12	2.623054081848047e-16	2.6001753777625724e-15	2.6801347333265322e-20	1.973498780511542e-10
0.0178	7.438513308434321e-17	3.988535637540056e-12	2.6830075374204193e-16	2.6596057953461555e-15	2.7413929566217657e-20	2.0185966923640057e-10
0.018000000000000002	7.692069482600067e-17	4.1244873709555255e-12	2.743638428736713e-16	2.719707734807412e-15	2.80334336250183e-20	2.0642038741645403e-10
0.0182	7.951322949732249e-17	4.263493642595365e-12	2.804946755697885e-16	2.7804811959616565e-15	2.865985950950429e-20	2.1103203189657748e-10
0.0184	8.216337001037617e-17	4.405588377449128e-12	2.8669325182048955e-16	2.8419261786242068e-15	2.9293207219512635e-20	2.1569460198204022e-10
0.018600000000000002	8.48717492745815e-17	4.550805500191607e-12	2.9295957161587034e-16	2.9040426826103814e-15	2.9933476754880435e-20	2.2040809697811792e-10
0.0188	8.763900019671021e-17	4.6991789351828195e-12	2.9929363494602674e-16	2.966830707735496e-15	3.0580668115444677e-20	2.2517251619009245e-10
0.019	9.046575568088639e-17	4.850742606468034e-12	3.0569544180105464e-16	3.030290253814869e-15	3.1234781301042427e-20	2.2998785892325225e-10
0.019200000000000002	9.33526486285863e-17	5.005530437777756e-12	3.121649921710503e-16	3.094421320663819e-15	3.189581631151072e-20	2.3485412448289186e-10
0.0194	9.63003119386382e-17	5.16357635252773e-12	3.187022860461093e-16	3.1592239080976593e-15	3.256377314668659e-20	2.397713121743122e-10
0.0196	9.930937850722271e-17	5.3249142738189475e-12	3.2530732341632766e-16	3.2246980159317107e-15	3.323865180640708e-20	2.447394213028204e-10
0.0198	1.0238048122787259e-16	5.489578124437649e-12	3.3198010427180147e-16	3.2908436439812904e-15	3.392045229050924e-20	2.497584511737301e-10
0.02	1.0551425299147278e-16	5.6576018268553175e-12	3.387206286026265e-16	3.357660792061715e-15	3.460917459883008e-20	2.54828401092361e-10
0.020200000000000003	1.0871132668626045e-16	5.82901930322869e-12	3.4552889639889875e-16	3.4251494599883017e-15	3.530481873120667e-20	2.599492703640395e-10
0.0204	1.1197233519782496e-16	6.0038644753997496e-12	3.5240490765071397e-16	3.49330964757637e-15	3.600738468747605e-20	2.651210582940979e-10
0.0206	1.152979114091079e-16	6.182171264895743e-12	3.593486623481684e-16	3.5621413546412344e-15	3.671687246747523e-20	2.703437641878752e-10
0.020800000000000003	1.1868868820040322e-16	6.363973592929164e-12	3.6636016048135787e-16	3.631644580998215e-15	3.743328207104128e-20	2.756173873507163e-10
0.021	1.2214529844935678e-16	6.549305380397763e-12	3.7343940204037825e-16	3.7018193264626286e-15	3.815661349801122e-20	2.8094192708797277e-10
0.0212	1.2566837503096698e-16	6.738200547884556e-12	3.8058638701532543e-16	3.772665590849792e-15	3.88868667482221e-20	2.863173827050022e-10
0.021400000000000002	1.292585508175845e-16	6.930693015657816e-12	3.8780111539629567e-16	3.8441833739750254e-15	3.962404182151096e-20	2.9174375350716895e-10
0.0216	1.3291645867891192e-16	7.126816703671073e-12	3.9508358717338447e-16	3.9163726756536435e-15	4.0368138717714846e-20	2.9722103879984315e-10
0.0218	1.3664273148200445e-16	7.326605531563129e-12	4.0243380233668806e-16	3.989233495700965e-15	4.111915743667077e-20	3.027492378884017e-10
0.022000000000000002	1.4043800209126953e-16	7.53009341865806e-12	4.0985176087630246e-16	4.062765833932311e-15	4.1877097978215815e-20	3.083283500782275e-10
0.0222	1.443029033684665e-16	7.737314283965184e-12	4.173374627823233e-16	4.136969690162994e-15	4.2641960342186973e-20	3.139583746747098e-10
0.0224	1.4823806817270754e-16	7.948302046179115e-12	4.2489090804484663e-16	4.211845064208335e-15	4.3413744528421316e-20	3.196393109832443e-10
0.022600000000000002	1.5224412936045674e-16	8.163090623679733e-12	4.325120966539688e-16	4.287391955883652e-15	4.419245053675586e-20	3.2537115830923314e-10
0.0228	1.5632171978553057e-16	8.381713934532173e-12	4.4020102859978505e-16	4.363610365004261e-15	4.4978078367027676e-20	3.311539159580845e-10
0.023	1.604714722990978e-16	8.604205896486873e-12	4.479577038723918e-16	4.440500291385482e-15	4.577062801907377e-20	3.3698758323521273e-10
0.023200000000000002	1.6469401974967968e-16	8.830600426979534e-12	4.557821224618851e-16	4.5180617348426345e-15	4.657009949273123e-20	3.4287215944603914e-10
0.0234	1.6898999498314947e-16	9.06093144313113e-12	4.636742843583605e-16	4.5962946951910325e-15	4.737649278783705e-20	3.4880764389599053e-10
0.0236	1.7336003084273292e-16	9.295232861747927e-12	4.716341895519143e-16	4.675199172245995e-15	4.8189807904228276e-20	3.547940358905008e-10
0.0238	1.7780476016900843e-16	9.533538599321469e-12	4.796618380326422e-16	4.754775165822842e-15	4.9010044841741984e-20	3.6083133473500973e-10
0.024	1.8232481579990591e-16	9.77588257202859e-12	4.877572297906403e-16	4.8350226757368905e-15	4.9837203600215155e-20	3.6691953973496345e-10
0.024200000000000003	1.8692083057070853e-16	1.0022298695731398e-11	4.959203648160046e-16	4.91594170180346e-15	5.0671284179484884e-20	3.730586501958144e-10
0.0244	1.9159343731405128e-16	1.02728208859773e-11	5.041512430988306e-16	4.997532243837867e-15	5.151228657938817e-20	3.7924866542302136e-10
0.0246	1.9634326885992166e-16	1.0527483057998996e-11	5.124498646292151e-16	5.079794301655429e-15	5.236021079976207e-20	3.8548958472204947e-10
0.024800000000000003	2.0117095803565948e-16	1.0786319126714457e-11	5.208162293972535e-16	5.162727875071468e-15	5.321505684044363e-20	3.917814073983703e-10
0.025	2.06077137665957e-16	1.1049363006726973e-11	5.292503373930417e-16	5.246332963901297e-15	5.407682470126987e-20	3.9812413275746143e-10
0.0252	2.1106244057285869e-16	1.131664861232512e-11	5.377521886066759e-16	5.330609567960241e-15	5.494551438207782e-20	4.0451776010480695e-10
0.025400000000000002	2.1612749957576195e-16	1.1588209857482764e-11	5.46321783028252e-16	5.4155576870636124e-15	5.582112588270461e-20	4.109622887458975e-10
0.0256	2.2127294749141557e-16	1.1864080655859075e-11	5.549591206478657e-16	5.501177321026731e-15	5.670365920298716e-20	4.1745771798622916e-10
0.0258	2.264994171339218e-16	1.214429492079853e-11	5.636642014556134e-16	5.5874684696649175e-15	5.759311434276258e-20	4.240040471313055e-10
0.026000000000000002	2.318075413147347e-16	1.2428886565330909e-11	5.724370254415909e-16	5.6744311327934906e-15	5.84894913018679e-20	4.3060127548663577e-10
0.0262	2.3719795284266083e-16	1.2717889502171275e-11	5.81277592595894e-16	5.762065310227766e-15	5.939279008014012e-20	4.3724940235773526e-10
0.0264	2.4267128452385926e-16	1.3011337643720023e-11	5.901859029086188e-16	5.850371001783062e-15	6.030301067741633e-20	4.439484270501263e-10
0.026600000000000002	2.482281691618415e-16	1.3309264902062855e-11	5.991619563698616e-16	5.939348207274702e-15	6.122015309353357e-20	4.5069834886933716e-10
0.0268	2.538692395574714e-16	1.3611705188970757e-11	6.082057529697174e-16	6.028996926517998e-15	6.214421732832883e-20	4.5749916712090197e-10
0.027	2.595951285089651e-16	1.3918692415900058e-11	6.173172926982831e-16	6.119317159328274e-15	6.307520338163919e-20	4.6435088111036206e-10
0.027200000000000002	2.654064688118919e-16	1.423026049399239e-11	6.264965755456545e-16	6.210308905520844e-15	6.40131112533017e-20	4.712534901432646e-10
0.0274	2.713038932591724e-16	1.4546443334074684e-11	6.357436015019273e-16	6.301972164911032e-15	6.495794094315335e-20	4.782069935251628e-10
0.027600000000000003	2.772880346410811e-16	1.4867274846659216e-11	6.450583705571977e-16	6.394306937314155e-15	6.590969245103122e-20	4.852113905616171e-10
0.027800000000000002	2.833595257452433e-16	1.519278894194356e-11	6.544408827015615e-16	6.48731322254553e-15	6.686836577677233e-20	4.922666805581928e-10
0.028	2.895189993566383e-16	1.5523019529810617e-11	6.638911379251146e-16	6.580991020420476e-15	6.783396092021373e-20	4.993728628204631e-10
0.028200000000000003	2.95767088257597e-16	1.5858000519828624e-11	6.734091362179532e-16	6.675340330754315e-15	6.880647788119249e-20	5.065299366540065e-10
0.0284	3.02104425227803e-16	1.6197765821251122e-11	6.829948775701733e-16	6.7703611533623615e-15	6.978591665954559e-20	5.137379013644079e-10
0.0286	3.0853164304429263e-16	1.654234934301698e-11	6.926483619718709e-16	6.866053488059935e-15	7.07722772551101e-20	5.209967562572591e-10
0.028800000000000003	3.1504937448145444e-16	1.6891784993750427e-11	7.023695894131418e-16	6.9624173346623586e-15	7.176555966772309e-20	5.283065006381578e-10
0.029	3.216582523110295e-16	1.7246106681760968e-11	7.121585598840819e-16	7.0594526929849505e-15	7.276576389722154e-20	5.356671338127077e-10
0.0292	3.2835890930211135e-16	1.7605348315043492e-11	7.220152733747871e-16	7.157159562843026e-15	7.377288994344252e-20	5.430786550865192e-10
0.029400000000000003	3.351519782211467e-16	1.7969543801278196e-11	7.319397298753541e-16	7.255537944051903e-15	7.478693780622308e-20	5.505410637652093e-10
0.0296	3.420380918319336e-16	1.8338727047830607e-11	7.419319293758781e-16	7.354587836426906e-15	7.580790748540024e-20	5.580543591544007e-10
0.0298	3.490178828956239e-16	1.8712931961751607e-11	7.519918718664553e-16	7.454309239783352e-15	7.683579898081103e-20	5.656185405597229e-10
0.030000000000000002	3.560919841707211e-16	1.9092192449777414e-11	7.621195573371818e-16	7.554702153936562e-15	7.787061229229252e-20	5.732336072868113e-10
0.0302	3.6326102841308167e-16	1.9476542418329564e-11	7.723149857781534e-16	7.655766578701851e-15	7.891234741968173e-20	5.808995586413079e-10
0.0304	3.705256483759146e-16	1.9866015773514965e-11	7.825781571794663e-16	7.75750251389454e-15	7.996100436281572e-20	5.886163939288608e-10
0.030600000000000002	3.778864768097813e-16	2.026064642112587e-11	7.929090715312166e-16	7.859909959329949e-15	8.101658312153152e-20	5.96384112455125e-10
0.0308	3.853441464625958e-16	2.0660468266639846e-11	8.033077288234998e-16	7.962988914823398e-15	8.207908369566615e-20	6.042027135257607e-10
0.031	3.928992900796247e-16	2.1065515215219843e-11	8.137741290464122e-16	8.066739380190203e-15	8.314850608505668e-20	6.120721964464356e-10
0.031200000000000002	4.005525404034876e-16	2.147582117171415e-11	8.243082721900501e-16	8.171161355245686e-15	8.422485028954016e-20	6.19992560522823e-10
0.031400000000000004	4.0830453017415605e-16	2.18914200406564e-11	8.349101582445088e-16	8.276254839805171e-15	8.530811630895359e-20	6.279638050606028e-10
0.0316	4.161558921289545e-16	2.2312345726265578e-11	8.455797871998847e-16	8.382019833683968e-15	8.6398304143134e-20	6.359859293654608e-10
0.0318	4.241072590025597e-16	2.2738632132446036e-11	8.563171590462738e-16	8.488456336697401e-15	8.749541379191849e-20	6.440589327430899e-10
0.032	4.3215926352700203e-16	2.317031316278749e-11	8.67122273773772e-16	8.595564348660788e-15	8.859944525514402e-20	6.521828144991883e-10
0.0322	4.4031253843166325e-16	2.3607422720565e-11	8.7799513137247515e-16	8.703343869389452e-15	8.97103985326477e-20	6.603575739394616e-10
0.0324	4.485677164432783e-16	2.4049994708738986e-11	8.889357318324797e-16	8.811794898698712e-15	9.082827362426655e-20	6.685832103696208e-10
0.032600000000000004	4.569254302859353e-16	2.449806302995527e-11	8.999440751438814e-16	8.920917436403888e-15	9.195307052983762e-20	6.768597230953841e-10
0.0328	4.653863126810737e-16	2.4951661586544955e-11	9.110201612967758e-16	9.030711482320294e-15	9.30847892491979e-20	6.851871114224748e-10
0.033	4.739509963474867e-16	2.541082428052459e-11	9.221639902812591e-16	9.141177036263256e-15	9.42234297821845e-20	6.935653746566233e-10
0.0332	4.826201140013197e-16	2.5875585013596054e-11	9.333755620874281e-16	9.252314098048088e-15	9.536899212863439e-20	7.019945121035666e-10
0.0334	4.913942983560709e-16	2.634597768714661e-11	9.44654876705378e-16	9.364122667490114e-15	9.652147628838467e-20	7.104745230690475e-10
0.033600000000000005	5.002741821225916e-16	2.682203620224892e-11	9.560019341252053e-16	9.476602744404657e-15	9.768088226127238e-20	7.190054068588155e-10
0.033800000000000004	5.092603980090842e-16	2.7303794459660936e-11	9.674167343370054e-16	9.58975432860703e-15	9.88472100471345e-20	7.275871627786256e-10
0.034	5.18353578721106e-16	2.7791286359826068e-11	9.788992773308745e-16	9.703577419912552e-15	1.0002045964580811e-19	7.362197901342403e-10
0.0342	5.275543569615655e-16	2.828454580287307e-11	9.904495630969088e-16	9.818072018136549e-15	1.0120063105713022e-19	7.44903288231427e-10
0.0344	5.368633654307241e-16	2.878360668861608e-11	1.0020675916252043e-15	9.933238123094338e-15	1.0238772428093792e-19	7.536376563759609e-10
0.0346	5.462812368261965e-16	2.928850291655461e-11	1.0137533629058568e-15	1.0049075734601237e-14	1.035817393170682e-19	7.624228938736222e-10
0.034800000000000005	5.558086038429498e-16	2.9799268385873604e-11	1.0255068769289629e-15	1.0165584852472573e-14	1.0478267616535817e-19	7.71259000030199e-10
0.035	5.654460991733032e-16	3.0315936995443293e-11	1.0373281336846174e-15	1.028276547652366e-14	1.0599053482564478e-19	7.801459741514837e-10
0.0352	5.751943555069291e-16	3.083854264381937e-11	1.0492171331629175e-15	1.0400617606569814e-14	1.0720531529776514e-19	7.890838155432765e-10
0.0354	5.850540055308533e-16	3.1367119229242904e-11	1.0611738753539583e-15	1.0519141242426365e-14	1.0842701758155622e-19	7.980725235113834e-10
0.0356	5.950256819294534e-16	3.1901700649640343e-11	1.0731983602478363e-15	1.0638336383908627e-14	1.0965564167685516e-19	8.071120973616167e-10
0.0358	6.051100173844601e-16	3.2442320802623534e-11	1.0852905878346478e-15	1.075820303083192e-14	1.108911875834989e-19	8.162025363997954e-10
0.036000000000000004	6.153076445749571e-16	3.298901358548974e-11	1.0974505581044887e-15	1.0878741183011574e-14	1.1213365530132459e-19	8.253438399317446e-10
0.0362	6.256191961773803e-16	3.354181289522155e-11	1.1096782710474543e-15	1.0999950840262894e-14	1.1338304483016916e-19	8.34536007263295e-10
0.0364	6.360453048655187e-16	3.4100752628487013e-11	1.1219737266536415e-15	1.1121832002401208e-14	1.146393561698697e-19	8.437790377002849e-10
0.0366	6.465866033105139e-16	3.466586668163956e-11	1.1343369249131456e-15	1.1244384669241833e-14	1.1590258932026318e-19	8.530729305485573e-10
0.0368	6.572437241808608e-16	3.523718895071803e-11	1.1467678658160633e-15	1.1367608840600094e-14	1.1717274428118674e-19	8.624176851139634e-10
0.037000000000000005	6.680173001424069e-16	3.5814753331446684e-11	1.1592665493524902e-15	1.1491504516291312e-14	1.1844982105247744e-19	8.718133007023594e-10
0.037200000000000004	6.789079638583516e-16	3.639859371923513e-11	1.1718329755125222e-15	1.16160716961308e-14	1.1973381963397222e-19	8.81259776619608e-10
0.0374	6.899163479892478e-16	3.69887440091784e-11	1.1844671442862554e-15	1.1741310379933884e-14	1.2102474002550814e-19	8.907571121715783e-10
0.0376	7.01043085193002e-16	3.758523809605698e-11	1.197169055663786e-15	1.1867220567515883e-14	1.223225822269223e-19	9.003053066641463e-10
0.0378	7.122888081248723e-16	3.818810987433674e-11	1.2099387096352095e-15	1.1993802258692117e-14	1.2362734623805167e-19	9.099043594031936e-10
0.038	7.236541494374698e-16	3.8797393238168936e-11	1.2227761061906227e-15	1.212105545327791e-14	1.2493903205873334e-19	9.195542696946082e-10
0.038200000000000005	7.351397417807595e-16	3.941312208139028e-11	1.2356812453201215e-15	1.2248980151088583e-14	1.262576396888044e-19	9.292550368442851e-10
0.038400000000000004	7.467462178020575e-16	4.003533029752288e-11	1.2486541270138019e-15	1.237757635193945e-14	1.2758316912810171e-19	9.39006660158124e-10
0.0386	7.584742101460343e-16	4.066405177977427e-11	1.261694751261759e-15	1.2506844055645834e-14	1.289156203764625e-19	9.488091389420327e-10
0.0388	7.703243514547121e-16	4.129932042103735e-11	1.2748031180540901e-15	1.2636783262023056e-14	1.3025499343372367e-19	9.586624725019243e-10
0.039	7.822972743674671e-16	4.194117011389054e-11	1.2879792273808907e-15	1.276739397088644e-14	1.3160128829972237e-19	9.685666601437186e-10
0.0392	7.943936115210275e-16	4.25896347505976e-11	1.3012230792322564e-15	1.2898676182051301e-14	1.3295450497429555e-19	9.785217011733416e-10
0.039400000000000004	8.066139955494748e-16	4.324474822310778e-11	1.3145346735982843e-15	1.3030629895332967e-14	1.3431464345728038e-19	9.885275948967257e-10
0.0396	8.189590590842424e-16	4.390654442305568e-11	1.3279140104690693e-15	1.3163255110546755e-14	1.3568170374851373e-19	9.985843406198093e-10
0.0398	8.314294347541184e-16	4.45750572417614e-11	1.341361089834708e-15	1.3296551827507982e-14	1.370556858478327e-19	1.0086919376485372e-09
0.04	8.440257551852422e-16	4.5250320570230425e-11	1.354875911685296e-15	1.3430520046031975e-14	1.3843658975507437e-19	1.0188503852888608e-09
0.0402	8.5674865300110645e-16	4.593236829915368e-11	1.3684584760109298e-15	1.356515976593405e-14	1.398244154700758e-19	1.029059682846738e-09
0.040400000000000005	8.695987608225582e-16	4.6621234318907586e-11	1.3821087828017059e-15	1.3700470987029533e-14	1.4121916299267395e-19	1.0393198296281324e-09
0.040600000000000004	8.82576711267795e-16	4.731695251955388e-11	1.3958268320477188e-15	1.3836453709133741e-14	1.4262083232270592e-19	1.049630824939014e-09
0.0408	8.956831369523684e-16	4.801955679083983e-11	1.4096126237390662e-15	1.3973107932062e-14	1.4402942346000876e-19	1.059992668085359e-09
0.041	9.089186704891831e-16	4.8729081022198124e-11	1.4234661578658429e-15	1.4110433655629622e-14	1.4544493640441942e-19	1.0704053583731515e-09
0.0412	9.222839444884974e-16	4.944555910274689e-11	1.4373874344181454e-15	1.4248430879651933e-14	1.4686737115577506e-19	1.080868895108379e-09
0.0414	9.357795915579209e-16	5.016902492128968e-11	1.45137645338607e-15	1.4387099603944258e-14	1.482967277139126e-19	1.091383277597038e-09
0.041600000000000005	9.494062443024177e-16	5.0899512366315515e-11	1.4654332147597126e-15	1.4526439828321914e-14	1.4973300607866923e-19	1.1019485051451298e-09
0.041800000000000004	9.631645353243025e-16	5.1637055325998835e-11	1.4795577185291692e-15	1.4666451552600223e-14	1.5117620624988188e-19	1.1125645770586624e-09
0.042	9.770550972232465e-16	5.238168768819956e-11	1.4937499646845358e-15	1.4807134776594504e-14	1.5262632822738753e-19	1.1232314926436503e-09
0.0422	9.91078562596271e-16	5.3133443340463035e-11	1.508009953215908e-15	1.494848950012008e-14	1.5408337201102338e-19	1.1339492512061139e-09
0.0424	1.005235564037751e-15	5.38923561700201e-11	1.5223376841133823e-15	1.509051572299227e-14	1.5554733760062636e-19	1.1447178520520805e-09
0.0426	1.0195267341394155e-15	5.465846006378696e-11	1.5367331573670549e-15	1.5233213445026405e-14	1.5701822499603353e-19	1.1555372944875833e-09
0.042800000000000005	1.033952705490346e-15	5.543178890836544e-11	1.5511963729670223e-15	1.5376582666037796e-14	1.58496034197082e-19	1.1664075778186621e-09
0.043000000000000003	1.0485141106769752e-15	5.621237659004259e-11	1.5657273309033792e-15	1.552062338584177e-14	1.5998076520360874e-19	1.1773287013513624e-09
0.0432	1.063211582283091e-15	5.700025699479113e-11	1.5803260311662225e-15	1.5665335604253637e-14	1.6147241801545076e-19	1.1883006643917363e-09
0.0434	1.078045752889834e-15	5.77954640082691e-11	1.5949924737456481e-15	1.581071932108873e-14	1.6297099263244513e-19	1.1993234662458434e-09
0.0436	1.093017255075697e-15	5.859803151582013e-11	1.609726658631752e-15	1.5956774536162368e-14	1.6447648905442892e-19	1.210397106219747e-09
0.0438	1.1081267214165269e-15	5.940799340247318e-11	1.6245285858146303e-15	1.6103501249289875e-14	1.6598890728123914e-19	1.2215215836195194e-09
0.044000000000000004	1.123374784485523e-15	6.022538355294285e-11	1.63939825528438e-15	1.6250899460286577e-14	1.6750824731271291e-19	1.2326968977512379e-09
0.0442	1.1387620768532364e-15	6.105023585162896e-11	1.654335667031095e-15	1.6398969168967778e-14	1.6903450914868713e-19	1.2439230479209855e-09
0.0444	1.154289231087573e-15	6.188258418261703e-11	1.6693408210448728e-15	1.6547710375148813e-14	1.7056769278899891e-19	1.255200033434853e-09
0.0446	1.1699568797537923e-15	6.272246242967793e-11	1.6844137173158095e-15	1.6697123078645e-14	1.7210779823348531e-19	1.266527853598936e-09
0.0448	1.1857656554145045e-15	6.356990447626808e-11	1.6995543558340001e-15	1.6847207279271657e-14	1.7365482548198335e-19	1.2779065077193385e-09
0.045000000000000005	1.2017161906296755e-15	6.442494420552933e-11	1.7147627365895429e-15	1.6997962976844122e-14	1.7520877453433006e-19	1.2893359951021689e-09
0.045200000000000004	1.217809117956621e-15	6.528761550028898e-11	1.7300388595725317e-15	1.7149390171177696e-14	1.767696453903625e-19	1.300816315053542e-09
0.0454	1.2340450699500131e-15	6.615795224305983e-11	1.7453827247730625e-15	1.7301488862087707e-14	1.783374380499177e-19	1.31234746687958e-09
0.0456	1.2504246791618754e-15	6.703598831604022e-11	1.7607943321812331e-15	1.7454259049389484e-14	1.7991215251283267e-19	1.323929449886411e-09
0.0458	1.266948578141584e-15	6.792175760111389e-11	1.7762736817871382e-15	1.760770073289834e-14	1.8149378877894453e-19	1.3355622633801685e-09
0.046	1.2836173994358702e-15	6.881529397985018e-11	1.7918207735808746e-15	1.7761813912429605e-14	1.830823468480902e-19	1.3472459066669934e-09
0.046200000000000005	1.3004317755888168e-15	6.971663133350377e-11	1.8074356075525386e-15	1.79165985877986e-14	1.8467782672010691e-19	1.3589803790530333e-09
0.046400000000000004	1.3173923391418592e-15	7.062580354301492e-11	1.8231181836922255e-15	1.8072054758820642e-14	1.8628022839483154e-19	1.3707656798444402e-09
0.0466	1.3344997226337868e-15	7.15428444890093e-11	1.838868501990031e-15	1.822818242531105e-14	1.8788955187210113e-19	1.3826018083473742e-09
0.0468	1.351754558600743e-15	7.246778805179826e-11	1.854686562436052e-15	1.8384981587085153e-14	1.8950579715175278e-19	1.3944887638680008e-09
0.047	1.3691574795762224e-15	7.340066811137838e-11	1.870572365020385e-15	1.854245224395827e-14	1.9112896423362348e-19	1.4064265457124927e-09
0.0472	1.3867091180910737e-15	7.434151854743199e-11	1.8865259097331247e-15	1.8700594395745726e-14	1.9275905311755034e-19	1.418415153187028e-09
0.047400000000000005	1.4044101066735006e-15	7.529037323932674e-11	1.9025471965643674e-15	1.8859408042262842e-14	1.9439606380337042e-19	1.4304545855977919e-09
0.0476	1.4222610778490565e-15	7.624726606611579e-11	1.9186362255042105e-15	1.9018893183324936e-14	1.9603999629092064e-19	1.442544842250974e-09
0.0478	1.4402626641406488e-15	7.721223090653797e-11	1.9347929965427487e-15	1.9179049818747334e-14	1.9769085058003808e-19	1.454685922452773e-09
0.048	1.4584154980685405e-15	7.818530163901743e-11	1.951017509670079e-15	1.9339877948345356e-14	1.9934862667055981e-19	1.4668778255093924e-09
0.0482	1.4767202121503451e-15	7.916651214166386e-11	1.967309764876297e-15	1.950137757193433e-14	2.010133245623229e-19	1.4791205507270414e-09
0.048400000000000006	1.495177438901032e-15	8.015589629227257e-11	1.983669762151499e-15	1.9663548689329577e-14	2.0268494425516435e-19	1.4914140974119376e-09
0.048600000000000004	1.513787810832921e-15	8.115348796832425e-11	2.000097501485781e-15	1.9826391300346416e-14	2.043634857489212e-19	1.5037584648703019e-09
0.0488	1.532551960455685e-15	8.215932104698509e-11	2.016592982869237e-15	1.9989905404800162e-14	2.0604894904343044e-19	1.5161536524083644e-09
0.049	1.5514705202763528e-15	8.317342940510697e-11	2.0331562062919668e-15	2.0154091002506148e-14	2.0774133413852918e-19	1.5285996593323598e-09
0.0492	1.5705441227993052e-15	8.419584691922708e-11	2.049787171744065e-15	2.0318948093279693e-14	2.0944064103405446e-19	1.5410964849485299e-09
0.0494	1.5897734005262745e-15	8.522660746556819e-11	2.0664858792156267e-15	2.048447667693612e-14	2.1114686972984326e-19	1.5536441285631224e-09
0.049600000000000005	1.6091589859563498e-15	8.626574492003871e-11	2.0832523286967494e-15	2.065067675329076e-14	2.1286002022573274e-19	1.5662425894823919e-09
0.049800000000000004	1.628701511585969e-15	8.731329315823241e-11	2.100086520177528e-15	2.081754832215892e-14	2.1458009252155983e-19	1.578891867012598e-09
0.05	1.6484016099089276e-15	8.836928605542859e-11	2.116988453648059e-15	2.0985091383355922e-14	2.1630708661716157e-19	1.5915919604600075e-09
0.0502	1.6682599134163706e-15	8.943375748659221e-11	2.133958129098438e-15	2.1153305936697107e-14	2.1804100251237497e-19	1.6043428691308942e-09
0.0504	1.6882770545967984e-15	9.050674132637364e-11	2.1509955465187624e-15	2.1322191981997788e-14	2.1978184020703716e-19	1.617144592331537e-09
0.0506	1.7084536659360654e-15	9.158827144910875e-11	2.1681007058991272e-15	2.1491749519073277e-14	2.2152959970098523e-19	1.6299971293682218e-09
0.050800000000000005	1.7287903799173776e-15	9.26783817288191e-11	2.185273607229628e-15	2.1661978547738918e-14	2.2328428099405625e-19	1.6429004795472409e-09
0.051000000000000004	1.7492878290212929e-15	9.37771060392116e-11	2.2025142505003622e-15	2.183287906781002e-14	2.25045884086087e-19	1.6558546421748911e-09
0.0512	1.769946645725726e-15	9.488447825367873e-11	2.2198226357014257e-15	2.2004451079101896e-14	2.2681440897691464e-19	1.6688596165574781e-09
0.0514	1.790767462505944e-15	9.600053224529867e-11	2.2371987628229135e-15	2.2176694581429894e-14	2.285898556663763e-19	1.6819154020013131e-09
0.0516	1.811750911834564e-15	9.712530188683487e-11	2.254642631854923e-15	2.2349609574609308e-14	2.30372224154309e-19	1.695021997812713e-09
0.051800000000000006	1.8328976261815617e-15	9.825882105073663e-11	2.2721542427875497e-15	2.252319605845549e-14	2.3216151444054975e-19	1.7081794032980016e-09
0.052000000000000005	1.854208238014261e-15	9.94011236091384e-11	2.2897335956108895e-15	2.2697454032783745e-14	2.339577265249355e-19	1.7213876177635079e-09
0.0522	1.875683379797343e-15	1.0055224343386056e-10	2.3073806903150386e-15	2.2872383497409388e-14	2.357608604073034e-19	1.7346466405155688e-09
0.0524	1.8973236839928395e-15	1.0171221439640875e-10	2.3250955268900932e-15	2.3047984452147773e-14	2.3757091608749044e-19	1.7479564708605261e-09
0.0526	1.9191297830601375e-15	1.0288107036797437e-10	2.3428781053261493e-15	2.322425689681419e-14	2.393878935653337e-19	1.7613171081047299e-09
0.0528	1.941102309455977e-15	1.0405884521943414e-10	2.360728425613303e-15	2.3401200831223984e-14	2.4121179284067025e-19	1.7747285515545334e-09
0.053000000000000005	1.9632418956344496e-15	1.0524557282135064e-10	2.3786464877416513e-15	2.357881625519247e-14	2.430426139133371e-19	1.7881908005163003e-09
0.053200000000000004	1.985549174047001e-15	1.064412870439716e-10	2.396632291701289e-15	2.3757103168534972e-14	2.4488035678317123e-19	1.8017038542963958e-09
0.0534	2.008024777142432e-15	1.0764602175723065e-10	2.4146858374823123e-15	2.3936061571066806e-14	2.4672502145000973e-19	1.815267712201195e-09
0.0536	2.0306693373668967e-15	1.0885981083074679e-10	2.4328071250748167e-15	2.4115691462603303e-14	2.485766079136896e-19	1.8288823735370783e-09
0.0538	2.053483487163898e-15	1.1008268813382468e-10	2.4509961544689e-15	2.4295992842959784e-14	2.504351161740479e-19	1.8425478376104327e-09
0.054	2.0764678589742986e-15	1.113146875354544e-10	2.469252925654657e-15	2.4476965711951578e-14	2.5230054623092174e-19	1.8562641037276506e-09
0.054200000000000005	2.099623085236311e-15	1.1255584290431183e-10	2.487577438622186e-15	2.4658610069394002e-14	2.5417289808414813e-19	1.8700311711951313e-09
0.054400000000000004	2.1229497983855014e-15	1.1380618810875807e-10	2.5059696933615805e-15	2.4840925915102368e-14	2.560521717335641e-19	1.88384903931928e-09
0.0546	2.1464486308547886e-15	1.1506575701684009e-10	2.5244296898629377e-15	2.5023913248892027e-14	2.579383671790066e-19	1.89771770740651e-09
0.0548	2.170120215074446e-15	1.1633458349629021e-10	2.5429574281163527e-15	2.520757207057828e-14	2.598314844203127e-19	1.9116371747632367e-09
0.055	2.1939651834721024e-15	1.1761270141452654e-10	2.5615529081119236e-15	2.5391902379976458e-14	2.617315234573196e-19	1.9256074406958877e-09
0.055200000000000006	2.217984168472737e-15	1.1890014463865256e-10	2.5802161298397443e-15	2.557690417690189e-14	2.6363848428986412e-19	1.939628504510892e-09
0.055400000000000005	2.242177802498681e-15	1.2019694703545742e-10	2.5989470932899123e-15	2.576257746116989e-14	2.6555236691778347e-19	1.953700365514686e-09
0.055600000000000004	2.266546717969624e-15	1.2150314247141572e-10	2.6177457984525235e-15	2.5948922232595778e-14	2.6747317134091454e-19	1.9678230230137144e-09
0.0558	2.291091547302606e-15	1.228187648126879e-10	2.6366122453176735e-15	2.6135938490994896e-14	2.694008975590946e-19	1.981996476314427e-09
0.056	2.3158129229120192e-15	1.2414384792511963e-10	2.655546433875459e-15	2.6323626236182543e-14	2.713355455721604e-19	1.996220724723279e-09
0.0562	2.3407114772096123e-15	1.254784256742425e-10	2.674548364115976e-15	2.6511985467974066e-14	2.7327711537994923e-19	2.010495767546733e-09
0.056400000000000006	2.3657878426044867e-15	1.2682253192527343e-10	2.6936180360293204e-15	2.6701016186184776e-14	2.752256069822981e-19	2.0248216040912578e-09
0.056600000000000004	2.391042651503096e-15	1.2817620054311505e-10	2.7127554496055884e-15	2.6890718390629995e-14	2.771810203790438e-19	2.039198233663328e-09
0.0568	2.416476536309246e-15	1.295394653923554e-10	2.731960604834876e-15	2.708109208112505e-14	2.791433555700236e-19	2.053625655569425e-09
0.057	2.4420901294241e-15	1.3091236033726838e-10	2.7512335017072797e-15	2.7272137257485263e-14	2.8111261255507446e-19	2.0681038691160367e-09
0.0572	2.467884063246173e-15	1.3229491924181324e-10	2.7705741402128954e-15	2.7463853919525968e-14	2.8308879133403355e-19	2.082632873609656e-09
0.0574	2.4938589701713316e-15	1.3368717596963503e-10	2.7899825203418185e-15	2.7656242067062473e-14	2.8507189190673773e-19	2.0972126683567848e-09
0.057600000000000005	2.5200154825927987e-15	1.350891643840642e-10	2.8094586420841468e-15	2.7849301699910122e-14	2.8706191427302424e-19	2.111843252663928e-09
0.057800000000000004	2.5463542329011485e-15	1.3650091834811686e-10	2.829002505429975e-15	2.8043032817884218e-14	2.890588584327298e-19	2.1265246258375986e-09
0.058	2.572875853484311e-15	1.3792247172449468e-10	2.8486141103693995e-15	2.8237435420800103e-14	2.9106272438569177e-19	2.1412567871843153e-09
0.0582	2.599580976727566e-15	1.393538583755851e-10	2.868293456892517e-15	2.843250950847307e-14	2.93073512131747e-19	2.1560397360106047e-09
0.0584	2.6264702350135513e-15	1.4079511216346086e-10	2.8880405449894208e-15	2.862825508071849e-14	2.950912216707327e-19	2.1708734716229973e-09
0.058600000000000006	2.6535442607222567e-15	1.422462669498807e-10	2.9078553746502123e-15	2.882467213735165e-14	2.971158530024857e-19	2.1857579933280326e-09
0.058800000000000005	2.6808036862310236e-15	1.437073565962884e-10	2.9277379458649837e-15	2.902176067818787e-14	2.991474061268433e-19	2.2006933004322527e-09
0.059000000000000004	2.7082491439145474e-15	1.4517841496381398e-10	2.9476882586238317e-15	2.921952070304251e-14	3.011858810436422e-19	2.21567939224221e-09
0.0592	2.7358812661448797e-15	1.466594759132725e-10	2.967706312916853e-15	2.941795221173086e-14	3.0323127775271975e-19	2.2307162680644607e-09
0.0594	2.763700685291425e-15	1.4815057330516514e-10	2.9877921087341437e-15	2.961705520406827e-14	3.0528359625391273e-19	2.245803927205568e-09
0.0596	2.791708033720937e-15	1.4965174099967819e-10	3.0079456460657995e-15	2.981682967987004e-14	3.073428365470585e-19	2.2609423689721022e-09
0.059800000000000006	2.8199039437975303e-15	1.5116301285668408e-10	3.0281669249019168e-15	3.0017275638951515e-14	3.0940899863199376e-19	2.276131592670639e-09
0.060000000000000005	2.8482890478826655e-15	1.526844227357402e-10	3.048455945232592e-15	3.0218393081128016e-14	3.114820825085558e-19	2.2913715976077587e-09
0.060200000000000004	2.8768639783351635e-15	1.5421600449609026e-10	3.068812707047921e-15	3.042018200621485e-14	3.135620881765815e-19	2.306662383090052e-09
0.0604	2.9056293675111927e-15	1.55757791996663e-10	3.089237210338e-15	3.0622642414027364e-14	3.156490156359081e-19	2.3220039484241122e-09
0.0606	2.9345858477642804e-15	1.5730981909607318e-10	3.109729455092924e-15	3.0825774304380854e-14	3.177428648863724e-19	2.3373962929165413e-09
0.0608	2.963734051445305e-15	1.5887211965262095e-10	3.130289441302791e-15	3.1029577677090676e-14	3.1984363592781154e-19	2.352839415873946e-09
0.061000000000000006	2.9930746109024986e-15	1.6044472752429231e-10	3.150917168957698e-15	3.123405253197214e-14	3.219513287600627e-19	2.368333316602941e-09
0.061200000000000004	3.022608158481445e-15	1.620276765687585e-10	3.1716126380477367e-15	3.143919886884057e-14	3.240659433829627e-19	2.383877994410145e-09
0.0614	3.0523353265250857e-15	1.6362100064337675e-10	3.192375848563007e-15	3.164501668751128e-14	3.2618747979634867e-19	2.399473448602185e-09
0.0616	3.082256747373715e-15	1.6522473360518972e-10	3.213206800493604e-15	3.185150598779962e-14	3.283159380000576e-19	2.415119678485693e-09
0.0618	3.1123730533649765e-15	1.668389093109259e-10	3.234105493829624e-15	3.2058666769520887e-14	3.3045131799392666e-19	2.4308166833673085e-09
0.062	3.142684876833873e-15	1.6846356161699907e-10	3.255071928561162e-15	3.2266499032490426e-14	3.3259361977779276e-19	2.4465644625536773e-09
0.062200000000000005	3.173192850112759e-15	1.7009872437950907e-10	3.2761061046783173e-15	3.2475002776523564e-14	3.347428433514931e-19	2.4623630153514505e-09
0.062400000000000004	3.203897605531342e-15	1.7174443145424104e-10	3.297208022171183e-15	3.268417800143559e-14	3.3689898871486454e-19	2.4782123410672842e-09
0.0626	3.2347997754166807e-15	1.7340071669666585e-10	3.3183776810298553e-15	3.289402470704188e-14	3.390620558677441e-19	2.4941124390078443e-09
0.06280000000000001	3.265899992093194e-15	1.750676139619401e-10	3.339615081244431e-15	3.310454289315773e-14	3.4123204480996913e-19	2.510063308479802e-09
0.063	3.297198887882647e-15	1.767451571049058e-10	3.3609202228050057e-15	3.331573255959845e-14	3.4340895554137617e-19	2.5260649487898312e-09
0.0632	3.328697095104167e-15	1.78433379980091e-10	3.382293105701678e-15	3.3527593706179404e-14	3.4559278806180277e-19	2.5421173592446176e-09
0.0634	3.360395246074223e-15	1.801323164417089e-10	3.4037337299245406e-15	3.374012633271588e-14	3.477835423710856e-19	2.558220539150849e-09
0.0636	3.392293973106653e-15	1.818420003436588e-10	3.4252420954636933e-15	3.3953330439023235e-14	3.49981218469062e-19	2.5743744878152225e-09
0.06380000000000001	3.424393908512637e-15	1.835624655395254e-10	3.4468182023092307e-15	3.4167206024916764e-14	3.5218581635556873e-19	2.5905792045444386e-09
0.064	3.4566956846007113e-15	1.8529374588257902e-10	3.4684620504512458e-15	3.43817530902118e-14	3.54397336030443e-19	2.606834688645206e-09
0.06420000000000001	3.48919993367677e-15	1.8703587522577583e-10	3.490173639879838e-15	3.4596971634723696e-14	3.5661577749352174e-19	2.6231409394242407e-09
0.0644	3.5219072880440535e-15	1.8878888742175736e-10	3.511952970585104e-15	3.481286165826773e-14	3.588411407446421e-19	2.6394979561882606e-09
0.0646	3.554818380003165e-15	1.9055281632285113e-10	3.5338000425571383e-15	3.502942316065926e-14	3.610734257836411e-19	2.655905738243996e-09
0.0648	3.587933841852051e-15	1.9232769578107001e-10	3.555714855786038e-15	3.52466561417136e-14	3.633126326103557e-19	2.672364284898178e-09
0.065	3.621254305886024e-15	1.941135596481129e-10	3.577697410261898e-15	3.546456060124609e-14	3.65558761224623e-19	2.6888735954575475e-09
0.06520000000000001	3.654780404397744e-15	1.9591044177536394e-10	3.599747705974817e-15	3.5683136539072046e-14	3.6781181162628016e-19	2.7054336692288516e-09
0.0654	3.6885127696772186e-15	1.9771837601389305e-10	3.621865742914887e-15	3.5902383955006766e-14	3.700717838151639e-19	2.72204450551884e-09
0.0656	3.72245203401182e-15	1.995373962144561e-10	3.644051521072209e-15	3.612230284886562e-14	3.723386777911116e-19	2.7387061036342742e-09
0.0658	3.756598829686266e-15	2.0136753622749418e-10	3.6663050404368754e-15	3.6342893220463894e-14	3.7461249355396002e-19	2.7554184628819164e-09
0.066	3.790953788982636e-15	2.0320882990313454e-10	3.6886263009989835e-15	3.6564155069616957e-14	3.7689323110354654e-19	2.772181582568541e-09
0.06620000000000001	3.825517544180356e-15	2.050613110911897e-10	3.711015302748631e-15	3.678608839614011e-14	3.7918089043970795e-19	2.788995462000924e-09
0.0664	3.8602907275562045e-15	2.0692501364115792e-10	3.733472045675911e-15	3.700869319984864e-14	3.8147547156228117e-19	2.805860100485849e-09
0.0666	3.895273971384326e-15	2.0879997140222335e-10	3.755996529770924e-15	3.723196948055794e-14	3.837769744711036e-19	2.8227754973301073e-09
0.0668	3.930467907936205e-15	2.1068621822325548e-10	3.77858875502376e-15	3.7455917238083284e-14	3.860853991660119e-19	2.8397416518404943e-09
0.067	3.96587316948069e-15	2.1258378795280993e-10	3.801248721424523e-15	3.768053647224004e-14	3.8840074564684347e-19	2.8567585633238137e-09
0.06720000000000001	4.001490388283976e-15	2.1449271443912762e-10	3.823976428963302e-15	3.7905827182843506e-14	3.9072301391343514e-19	2.8738262310868754e-09
0.0674	4.037320196609612e-15	2.1641303153013502e-10	3.846771877630197e-15	3.8131789369709e-14	3.9305220396562384e-19	2.8909446544364916e-09
0.06760000000000001	4.07336322671851e-15	2.1834477307344493e-10	3.869635067415303e-15	3.8358423032651874e-14	3.95388315803247e-19	2.9081138326794883e-09
0.0678	4.109620110868924e-15	2.2028797291635514e-10	3.892565998308714e-15	3.8585728171487426e-14	3.977313494261412e-19	2.925333765122691e-09
0.068	4.146091481316471e-15	2.2224266490584953e-10	3.9155646703005316e-15	3.881370478603101e-14	4.000813048341439e-19	2.9426044510729355e-09
0.0682	4.182777970314116e-15	2.2420888288859744e-10	3.938631083380847e-15	3.904235287609793e-14	4.0243818202709163e-19	2.9599258898370593e-09
0.0684	4.219680210112181e-15	2.2618666071095425e-10	3.961765237539761e-15	3.9271672441503526e-14	4.0480198100482205e-19	2.9772980807219134e-09
0.06860000000000001	4.2567988329583415e-15	2.281760322189606e-10	3.984967132767366e-15	3.9501663482063117e-14	4.0717270176717187e-19	2.9947210230343493e-09
0.0688	4.294134471097621e-15	2.3017703125834298e-10	4.008236769053758e-15	3.9732325997592014e-14	4.09550344313978e-19	3.012194716081226e-09
0.069	4.331687756772411e-15	2.321896916745138e-10	4.031574146389035e-15	3.996365998790558e-14	4.119349086450776e-19	3.02971915916941e-09
0.0692	4.369459322222441e-15	2.3421404731257075e-10	4.054979264763293e-15	4.0195665452819096e-14	4.1432639476030784e-19	3.0472943516057733e-09
0.0694	4.407449799684806e-15	2.362501320172976e-10	4.078452124166627e-15	4.0428342392147924e-14	4.1672480265950567e-19	3.0649202926971957e-09
0.06960000000000001	4.44565982139395e-15	2.3829797963316385e-10	4.101992724589136e-15	4.066169080570738e-14	4.1913013234250817e-19	3.0825969817505605e-09
0.0698	4.484090019581667e-15	2.40357624004324e-10	4.12560106602091e-15	4.0895710693312776e-14	4.215423838091522e-19	3.1003244180727587e-09
0.07	4.522741026477114e-15	2.424290989746193e-10	4.149277148452052e-15	4.1130402054779455e-14	4.23961557059275e-19	3.1181026009706892e-09
0.0702	4.561613474306792e-15	2.445124383875757e-10	4.173020971872655e-15	4.136576488992272e-14	4.2638765209271353e-19	3.1359315297512535e-09
0.0704	4.600707995294568e-15	2.4660767608640586e-10	4.196832536272817e-15	4.160179919855793e-14	4.288206689093049e-19	3.1538112037213647e-09
0.07060000000000001	4.640025221661653e-15	2.487148459140073e-10	4.220711841642631e-15	4.183850498050041e-14	4.3126060750888613e-19	3.1717416221879364e-09
0.0708	4.679565785626613e-15	2.508339817129635e-10	4.244658887972195e-15	4.2075882235565427e-14	4.33707467891294e-19	3.189722784457892e-09
0.07100000000000001	4.719330319405375e-15	2.5296511732554396e-10	4.268673675251607e-15	4.2313930963568394e-14	4.36161250056366e-19	3.207754689838161e-09
0.0712	4.759319455211208e-15	2.5510828659370347e-10	4.292756203470958e-15	4.255265116432455e-14	4.386219540039389e-19	3.2258373376356773e-09
0.0714	4.799533825254749e-15	2.5726352335908293e-10	4.3169064726203514e-15	4.27920428376493e-14	4.410895797338497e-19	3.2439707271573848e-09
0.0716	4.839974061743975e-15	2.594308614630085e-10	4.341124482689876e-15	4.3032105983357894e-14	4.435641272459355e-19	3.2621548577102285e-09
0.0718	4.8806407968842316e-15	2.6161033474649265e-10	4.365410233669635e-15	4.3272840601265744e-14	4.460455965400335e-19	3.2803897286011655e-09
0.07200000000000001	4.9215346628782064e-15	2.6380197705023313e-10	4.389763725549718e-15	4.3514246691188125e-14	4.485339876159805e-19	3.2986753391371546e-09
0.0722	4.962656291925945e-15	2.660058222146132e-10	4.414184958320226e-15	4.375632425294034e-14	4.510293004736137e-19	3.317011688625162e-09
0.0724	5.00400631622485e-15	2.682219040797027e-10	4.438673931971252e-15	4.399907328633777e-14	4.535315351127703e-19	3.3353987763721623e-09
0.0726	5.0455853679696725e-15	2.7045025648525623e-10	4.4632306464928944e-15	4.424249379119569e-14	4.560406915332866e-19	3.353836601685134e-09
0.0728	5.0873940793525236e-15	2.726909132707149e-10	4.48785510187525e-15	4.448658576732949e-14	4.585567697350007e-19	3.3723251638710634e-09
0.07300000000000001	5.1294330825628636e-15	2.7494390827520494e-10	4.512547298108413e-15	4.473134921455444e-14	4.610797697177488e-19	3.390864462236941e-09
0.0732	5.171703009787504e-15	2.7720927533753864e-10	4.5373072351824786e-15	4.4976784132685874e-14	4.6360969148136825e-19	3.409454496089765e-09
0.0734	5.214204493210625e-15	2.7948704829621414e-10	4.562134913087546e-15	4.522289052153915e-14	4.661465350256962e-19	3.4280952647365426e-09
0.0736	5.256938165013743e-15	2.817772609894149e-10	4.58703033181371e-15	4.5469668380929556e-14	4.686903003505694e-19	3.446786767484282e-09
0.0738	5.299904657375741e-15	2.8407994725501065e-10	4.611993491351066e-15	4.5717117710672447e-14	4.712409874558254e-19	3.465529003640002e-09
0.07400000000000001	5.343104602472849e-15	2.8639514093055635e-10	4.637024391689713e-15	4.5965238510583144e-14	4.737985963413007e-19	3.484321972510726e-09
0.0742	5.386538632478652e-15	2.887228758532929e-10	4.662123032819742e-15	4.6214030780476954e-14	4.763631270068325e-19	3.5031656734034817e-09
0.07440000000000001	5.430207379564094e-15	2.9106318586014727e-10	4.6872894147312554e-15	4.646349452016924e-14	4.789345794522581e-19	3.522060105625308e-09
0.0746	5.474111475897462e-15	2.9341610478773137e-10	4.712523537414343e-15	4.6713629729475286e-14	4.815129536774141e-19	3.541005268483245e-09
0.0748	5.5182515536444165e-15	2.957816664723439e-10	4.737825400859109e-15	4.696443640821046e-14	4.8409824968213795e-19	3.560001161284344e-09
0.075	5.562628244967952e-15	2.9815990474996835e-10	4.76319500505564e-15	4.721591455619005e-14	4.866904674662663e-19	3.5790477833356575e-09
0.0752	5.607242182028429e-15	3.0055085345627485e-10	4.788632349994041e-15	4.746806417322941e-14	4.892896070296366e-19	3.5981451339442483e-09
0.07540000000000001	5.6520939969835576e-15	3.029545464266184e-10	4.8141374356644026e-15	4.7720885259143877e-14	4.918956683720857e-19	3.6172932124171848e-09
0.0756	5.697184321988401e-15	3.053710174960402e-10	4.839710262056823e-15	4.797437781374873e-14	4.945086514934505e-19	3.6364920180615374e-09
0.0758	5.742513789195381e-15	3.0780030049926746e-10	4.8653508291614e-15	4.8228541836859347e-14	4.971285563935683e-19	3.65574155018439e-09
0.076	5.788083030754267e-15	3.102424292707126e-10	4.891059136968224e-15	4.8483377328291026e-14	4.997553830722759e-19	3.6750418080928265e-09
0.0762	5.833892678812193e-15	3.1269743764447425e-10	4.916835185467399e-15	4.87388842878591e-14	5.023891315294105e-19	3.694392791093943e-09
0.07640000000000001	5.8799433655136384e-15	3.151653594543366e-10	4.9426789746490155e-15	4.899506271537892e-14	5.050298017648093e-19	3.7137944984948357e-09
0.0766	5.9262357230004354e-15	3.176462285337694e-10	4.968590504503173e-15	4.9251912610665754e-14	5.076773937783087e-19	3.73324692960261e-09
0.07680000000000001	5.972770383411779e-15	3.2014007871592875e-10	4.9945697750199655e-15	4.9509433973535007e-14	5.103319075697465e-19	3.752750083724379e-09
0.077	6.019547978884209e-15	3.2264694383365585e-10	5.02061678618949e-15	4.976762680380193e-14	5.129933431389593e-19	3.77230396016726e-09
0.0772	6.066569141551629e-15	3.251668577194783e-10	5.046731538001842e-15	5.00264911012819e-14	5.156617004857843e-19	3.791908558238379e-09
0.07740000000000001	6.1138345035452886e-15	3.2769985420560877e-10	5.07291403044712e-15	5.028602686579024e-14	5.183369796100585e-19	3.8115638772448665e-09
0.0776	6.161344696993789e-15	3.302459671239462e-10	5.099164263515417e-15	5.0546234097142225e-14	5.210191805116188e-19	3.831269916493854e-09
0.07780000000000001	6.209100354023101e-15	3.3280523030607545e-10	5.1254822371968335e-15	5.080711279515327e-14	5.2370830319030265e-19	3.851026675292492e-09
0.078	6.257102106756535e-15	3.3537767758326656e-10	5.15186795148146e-15	5.106866295963863e-14	5.264043476459465e-19	3.870834152947925e-09
0.0782	6.305350587314763e-15	3.379633427864759e-10	5.178321406359397e-15	5.133088459041366e-14	5.29107313878388e-19	3.890692348767312e-09
0.0784	6.353846427815803e-15	3.4056225974634527e-10	5.20484260182074e-15	5.1593777687293694e-14	5.318172018874636e-19	3.910601262057813e-09
0.0786	6.402590260375041e-15	3.4317446229320256e-10	5.2314315378555846e-15	5.185734225009405e-14	5.345340116730109e-19	3.930560892126598e-09
0.07880000000000001	6.4515827171052024e-15	3.4579998425706114e-10	5.258088214454029e-15	5.212157827863006e-14	5.372577432348667e-19	3.950571238280843e-09
0.079	6.5008244301163725e-15	3.4843885946762023e-10	5.284812631606163e-15	5.2386485772717043e-14	5.399883965728678e-19	3.970632299827725e-09
0.0792	6.5503160315159984e-15	3.5109112175426505e-10	5.311604789302092e-15	5.265206473217034e-14	5.427259716868516e-19	3.990744076074435e-09
0.0794	6.6000581534088705e-15	3.5375680494606634e-10	5.338464687531905e-15	5.2918315156805243e-14	5.454704685766549e-19	4.010906566328163e-09
0.0796	6.650051427897142e-15	3.5643594287178106e-10	5.365392326285703e-15	5.318523704643714e-14	5.48221887242115e-19	4.031119769896113e-09
0.07980000000000001	6.7002964870803125e-15	3.591285693598513e-10	5.392387705553577e-15	5.345283040088132e-14	5.509802276830687e-19	4.05138368608549e-09
0.08	6.750793963055238e-15	3.618347182384053e-10	5.419450825325629e-15	5.3721095219953096e-14	5.53745489899353e-19	4.071698314203505e-09
0.08020000000000001	6.801544487916136e-15	3.645544233352574e-10	5.446581685591952e-15	5.399003150346783e-14	5.565176738908054e-19	4.0920636535573795e-09
0.0804	6.852548693754563e-15	3.672877184779071e-10	5.473780286342641e-15	5.425963925124083e-14	5.592967796572622e-19	4.112479703454335e-09
0.0806	6.903807212659454e-15	3.700346374935404e-10	5.501046627567796e-15	5.452991846308743e-14	5.620828071985611e-19	4.1329464632016065e-09
0.08080000000000001	6.955320676717074e-15	3.7279521420902847e-10	5.528380709257512e-15	5.4800869138822965e-14	5.648757565145386e-19	4.153463932106431e-09
0.081	7.007089718011052e-15	3.7556948245092864e-10	5.555782531401881e-15	5.507249127826274e-14	5.676756276050323e-19	4.1740321094760506e-09
0.08120000000000001	7.059114968622378e-15	3.7835747604548396e-10	5.583252093991005e-15	5.5344784881222113e-14	5.704824204698788e-19	4.194650994617718e-09
0.0814	7.11139706062938e-15	3.8115922881862327e-10	5.610789397014978e-15	5.5617749947516385e-14	5.732961351089156e-19	4.2153205868386876e-09
0.0816	7.163936626107761e-15	3.8397477459596135e-10	5.638394440463895e-15	5.5891386476960915e-14	5.761167715219792e-19	4.236040885446225e-09
0.0818	7.216734297130556e-15	3.868041472027984e-10	5.666067224327854e-15	5.616569446937097e-14	5.789443297089067e-19	4.256811889747598e-09
0.082	7.269790705768175e-15	3.8964738046412117e-10	5.693807748596951e-15	5.6440673924561966e-14	5.817788096695356e-19	4.277633599050083e-09
0.08220000000000001	7.323106484088372e-15	3.9250450820460166e-10	5.721616013261283e-15	5.6716324842349173e-14	5.846202114037028e-19	4.298506012660961e-09
0.0824	7.376682264156251e-15	3.9537556424859733e-10	5.7494920183109414e-15	5.699264722254791e-14	5.87468534911245e-19	4.3194291298875195e-09
0.0826	7.430518678034283e-15	3.9826058242015245e-10	5.7774357637360305e-15	5.726964106497354e-14	5.903237801919995e-19	4.340402950037054e-09
0.0828	7.484616357782279e-15	4.011595965429962e-10	5.805447249526638e-15	5.754730636944137e-14	5.931859472458031e-19	4.361427472416865e-09
0.083	7.538975935457419e-15	4.040726404405443e-10	5.833526475672866e-15	5.782564313576674e-14	5.960550360724933e-19	4.382502696334262e-09
0.08320000000000001	7.593598043114227e-15	4.0699974793589787e-10	5.86167344216481e-15	5.810465136376496e-14	5.989310466719069e-19	4.403628621096554e-09
0.0834	7.648483312804577e-15	4.099409528518437e-10	5.889888148992564e-15	5.838433105325139e-14	6.018139790438806e-19	4.424805246011063e-09
0.08360000000000001	7.703632376577717e-15	4.128962890108551e-10	5.918170596146227e-15	5.866468220404132e-14	6.047038331882521e-19	4.446032570385116e-09
0.0838	7.759045866480229e-15	4.158657902350903e-10	5.9465207836158916e-15	5.894570481595009e-14	6.076006091048577e-19	4.467310593526043e-09
0.084	7.814724414556063e-15	4.188494903463943e-10	5.974938711391659e-15	5.922739888879307e-14	6.105043067935352e-19	4.488639314741185e-09
0.08420000000000001	7.870668652846516e-15	4.218474231662973e-10	6.00342437946362e-15	5.950976442238555e-14	6.134149262541212e-19	4.510018733337886e-09
0.0844	7.92687921339024e-15	4.24859622516015e-10	6.031977787821876e-15	5.979280141654284e-14	6.163324674864527e-19	4.531448848623495e-09
0.08460000000000001	7.983356728223243e-15	4.2788612221645024e-10	6.060598936456519e-15	6.007650987108029e-14	6.192569304903671e-19	4.552929659905373e-09
0.0848	8.040101829378886e-15	4.3092695608819033e-10	6.089287825357645e-15	6.036088978581323e-14	6.221883152657008e-19	4.57446116649088e-09
0.085	8.097115148887891e-15	4.339821579515092e-10	6.118044454515356e-15	6.0645941160557e-14	6.251266218122915e-19	4.596043367687391e-09
0.0852	8.154397318778326e-15	4.3705176162636616e-10	6.146868823919741e-15	6.093166399512691e-14	6.280718501299758e-19	4.617676262802278e-09
0.0854	8.21194897107562e-15	4.401358009324072e-10	6.175760933560904e-15	6.12180582893383e-14	6.310240002185911e-19	4.639359851142927e-09
0.08560000000000001	8.269770737802548e-15	4.4323430968896323e-10	6.204720783428936e-15	6.15051240430065e-14	6.339830720779743e-19	4.661094132016725e-09
0.0858	8.327863250979245e-15	4.463473217150507e-10	6.2337483735139315e-15	6.179286125594681e-14	6.369490657079621e-19	4.682879104731066e-09
0.08600000000000001	8.386227142623207e-15	4.494748708293738e-10	6.262843703805991e-15	6.208126992797461e-14	6.399219811083922e-19	4.704714768593356e-09
0.0862	8.444863044749266e-15	4.5261699085032034e-10	6.292006774295209e-15	6.237035005890517e-14	6.429018182791009e-19	4.726601122910997e-09
0.0864	8.503771589369633e-15	4.557737155959656e-10	6.321237584971682e-15	6.266010164855386e-14	6.45888577219926e-19	4.74853816699141e-09
0.08660000000000001	8.562953408493856e-15	4.589450788840695e-10	6.350536135825507e-15	6.2950524696736e-14	6.488822579307041e-19	4.7705259001420124e-09
0.0868	8.622409134128835e-15	4.621311145320787e-10	6.379902426846778e-15	6.324161920326691e-14	6.518828604112718e-19	4.792564321670227e-09
0.08700000000000001	8.682139398278845e-15	4.653318563571258e-10	6.409336458025596e-15	6.353338516796194e-14	6.548903846614673e-19	4.814653430883492e-09
0.0872	8.742144832945485e-15	4.685473381760281e-10	6.438838229352049e-15	6.382582259063637e-14	6.579048306811264e-19	4.836793227089244e-09
0.0874	8.802426070127743e-15	4.7177759380529e-10	6.4684077408162424e-15	6.41189314711056e-14	6.6092619847008715e-19	4.8589837095949324e-09
0.0876	8.862983741821933e-15	4.750226570611014e-10	6.498044992408266e-15	6.441271180918488e-14	6.639544880281859e-19	4.881224877708005e-09
0.0878	8.923818480021744e-15	4.782825617593378e-10	6.52774998411822e-15	6.470716360468964e-14	6.669896993552602e-19	4.903516730735922e-09
0.08800000000000001	8.984930916718205e-15	4.815573417155611e-10	6.5575227159362e-15	6.500228685743511e-14	6.700318324511469e-19	4.9258592679861494e-09
0.0882	9.0463216838997e-15	4.848470307450176e-10	6.587363187852297e-15	6.529808156723664e-14	6.730808873156826e-19	4.948252488766154e-09
0.0884	9.107991413551982e-15	4.881516626626421e-10	6.6172713998566175e-15	6.559454773390961e-14	6.76136863948705e-19	4.970696392383417e-09
0.0886	9.169940737658139e-15	4.914712712830527e-10	6.647247351939246e-15	6.58916853572693e-14	6.7919976235005075e-19	4.99319097814542e-09
0.0888	9.232170288198634e-15	4.948058904205549e-10	6.6772910440902894e-15	6.618949443713106e-14	6.822695825195571e-19	5.015736245359655e-09
0.08900000000000001	9.294680697151272e-15	4.981555538891395e-10	6.707402476299837e-15	6.648797497331022e-14	6.85346324457061e-19	5.038332193333616e-09
0.0892	9.35747259649121e-15	5.01520295502483e-10	6.737581648557988e-15	6.678712696562209e-14	6.884299881623992e-19	5.060978821374803e-09
0.08940000000000001	9.420546618190969e-15	5.049001490739487e-10	6.767828560854836e-15	6.708695041388202e-14	6.915205736354093e-19	5.0836761287907305e-09
0.0896	9.483903394220414e-15	5.082951484165844e-10	6.79814321318048e-15	6.738744531790532e-14	6.94618080875928e-19	5.1064241148889085e-09
0.0898	9.54754355654678e-15	5.117053273431251e-10	6.828525605525018e-15	6.768861167750736e-14	6.977225098837925e-19	5.129222778976862e-09
0.09000000000000001	9.611467737134641e-15	5.151307196659911e-10	6.858975737878543e-15	6.799044949250342e-14	7.008338606588395e-19	5.152072120362117e-09
0.0902	9.675676567945928e-15	5.185713591972881e-10	6.88949361023115e-15	6.829295876270886e-14	7.039521332009066e-19	5.174972138352205e-09
0.09040000000000001	9.740170680939941e-15	5.220272797488091e-10	6.9200792225729404e-15	6.8596139487939e-14	7.070773275098302e-19	5.197922832254672e-09
0.0906	9.804950708073314e-15	5.254985151320306e-10	6.950732574894002e-15	6.889999166800914e-14	7.10209443585448e-19	5.220924201377057e-09
0.0908	9.870017281300058e-15	5.289850991581184e-10	6.98145366718444e-15	6.920451530273466e-14	7.133484814275965e-19	5.243976245026921e-09
0.091	9.935371032571515e-15	5.324870656379208e-10	7.012242499434347e-15	6.950971039193086e-14	7.164944410361131e-19	5.267078962511815e-09
0.0912	1.00010125938364e-14	5.360044483819742e-10	7.04309907163382e-15	6.98155769354131e-14	7.196473224108345e-19	5.2902323531393136e-09
0.09140000000000001	1.0066942597040774e-14	5.395372812004999e-10	7.074023383772956e-15	7.012211493299668e-14	7.228071255515981e-19	5.3134364162169804e-09
0.0916	1.0133161674128046e-14	5.430855979034052e-10	7.105015435841846e-15	7.04293243844969e-14	7.259738504582406e-19	5.336691151052395e-09
0.0918	1.0199670457039004e-14	5.466494323002843e-10	7.136075227830593e-15	7.073720528972917e-14	7.291474971305995e-19	5.359996556953143e-09
0.092	1.0266469577711764e-14	5.502288182004155e-10	7.167202759729288e-15	7.104575764850875e-14	7.323280655685111e-19	5.383352633226816e-09
0.0922	1.0333559668081815e-14	5.538237894127643e-10	7.198398031528033e-15	7.135498146065102e-14	7.355155557718134e-19	5.40675937918101e-09
0.09240000000000001	1.0400941360081987e-14	5.574343797459823e-10	7.22966104321692e-15	7.166487672597129e-14	7.387099677403427e-19	5.4302167941233285e-09
0.0926	1.0468615285642471e-14	5.610606230084057e-10	7.260991794786046e-15	7.197544344428486e-14	7.419113014739362e-19	5.453724877361379e-09
0.09280000000000001	1.0536582076690819e-14	5.647025530080583e-10	7.292390286225509e-15	7.22866816154071e-14	7.451195569724313e-19	5.4772836282027795e-09
0.093	1.0604842365151919e-14	5.683602035526477e-10	7.3238565175254e-15	7.259859123915331e-14	7.483347342356643e-19	5.5008930459551494e-09
0.0932	1.0673396782948042e-14	5.720336084495701e-10	7.355390488675824e-15	7.291117231533885e-14	7.515568332634733e-19	5.524553129926122e-09
0.09340000000000001	1.0742245961998797e-14	5.757228015059056e-10	7.386992199666871e-15	7.322442484377903e-14	7.547858540556944e-19	5.54826387942333e-09
0.0936	1.081139053422113e-14	5.794278165284202e-10	7.418661650488637e-15	7.353834882428917e-14	7.580217966121649e-19	5.572025293754409e-09
0.09380000000000001	1.0880831131529379e-14	5.83148687323567e-10	7.450398841131223e-15	7.385294425668462e-14	7.612646609327222e-19	5.595837372227014e-09
0.094	1.0950568385835206e-14	5.868854476974841e-10	7.482203771584721e-15	7.41682111407807e-14	7.645144470172027e-19	5.619700114148794e-09
0.0942	1.102060292904765e-14	5.906381314559965e-10	7.514076441839228e-15	7.448414947639277e-14	7.677711548654441e-19	5.643613518827411e-09
0.0944	1.1090935393073087e-14	5.944067724046137e-10	7.546016851884842e-15	7.48007592633361e-14	7.710347844772828e-19	5.667577585570529e-09
0.0946	1.1161566409815273e-14	5.981914043485322e-10	7.57802500171166e-15	7.511804050142608e-14	7.7430533585255645e-19	5.6915923136858245e-09
0.09480000000000001	1.1232496611175275e-14	6.019920610926346e-10	7.610100891309772e-15	7.5435993190478e-14	7.775828089911019e-19	5.715657702480973e-09
0.095	1.1303726629051555e-14	6.058087764414883e-10	7.642244520669282e-15	7.575461733030721e-14	7.808672038927559e-19	5.739773751263658e-09
0.0952	1.1375257095339924e-14	6.096415841993473e-10	7.674455889780281e-15	7.607391292072903e-14	7.84158520557356e-19	5.763940459341574e-09
0.0954	1.1447088641933515e-14	6.13490518170152e-10	7.70673499863287e-15	7.639387996155881e-14	7.874567589847386e-19	5.788157826022417e-09
0.0956	1.1519221900722867e-14	6.173556121575283e-10	7.739081847217142e-15	7.671451845261186e-14	7.907619191747412e-19	5.812425850613895e-09
0.09580000000000001	1.1591657503595834e-14	6.212368999647879e-10	7.771496435523194e-15	7.703582839370351e-14	7.940740011272009e-19	5.836744532423713e-09
0.096	1.1664396082437638e-14	6.251344153949279e-10	7.803978763541123e-15	7.735780978464908e-14	7.973930048419543e-19	5.861113870759592e-09
0.09620000000000001	1.173743826913087e-14	6.290481922506326e-10	7.836528831261022e-15	7.768046262526396e-14	8.007189303188389e-19	5.885533864929249e-09
0.0964	1.1810784695555433e-14	6.329782643342716e-10	7.869146638672993e-15	7.800378691536339e-14	8.040517775576914e-19	5.910004514240417e-09
0.0966	1.1884435993588644e-14	6.369246654479009e-10	7.90183218576713e-15	7.832778265476278e-14	8.073915465583491e-19	5.9345258180008324e-09
0.09680000000000001	1.1958392795105128e-14	6.408874293932613e-10	7.93458547253353e-15	7.865244984327742e-14	8.10738237320649e-19	5.959097775518236e-09
0.097	1.2032655731976884e-14	6.448665899717805e-10	7.967406498962282e-15	7.897778848072264e-14	8.140918498444279e-19	5.983720386100373e-09
0.09720000000000001	1.2107225436073274e-14	6.488621809845725e-10	8.000295265043493e-15	7.930379856691381e-14	8.174523841295232e-19	6.008393649055001e-09
0.0974	1.2182102539260983e-14	6.528742362324356e-10	8.033251770767249e-15	7.963048010166617e-14	8.208198401757715e-19	6.033117563689881e-09
0.0976	1.2257287673404088e-14	6.56902789515856e-10	8.066276016123655e-15	7.995783308479518e-14	8.241942179830103e-19	6.057892129312779e-09
0.0978	1.2332781470364001e-14	6.609478746350047e-10	8.099368001102806e-15	8.028585751611603e-14	8.275755175510762e-19	6.082717345231466e-09
0.098	1.2408584561999491e-14	6.650095253897395e-10	8.132527725694793e-15	8.061455339544417e-14	8.309637388798068e-19	6.107593210753726e-09
0.09820000000000001	1.2484697580166697e-14	6.690877755796032e-10	8.165755189889724e-15	8.094392072259489e-14	8.343588819690387e-19	6.132519725187342e-09
0.0984	1.2561121156719078e-14	6.731826590038244e-10	8.199050393677677e-15	8.127395949738348e-14	8.377609468186088e-19	6.157496887840105e-09
0.09860000000000001	1.2637855923507479e-14	6.772942094613189e-10	8.232413337048765e-15	8.160466971962532e-14	8.411699334283548e-19	6.182524698019817e-09
0.0988	1.2714902512380095e-14	6.814224607506877e-10	8.265844019993073e-15	8.193605138913572e-14	8.445858417981129e-19	6.207603155034279e-09
0.099	1.2792261555182475e-14	6.855674466702184e-10	8.299342442500708e-15	8.226810450573002e-14	8.480086719277208e-19	6.232732258191306e-09
0.09920000000000001	1.2869933683757504e-14	6.897292010178831e-10	8.332908604561755e-15	8.260082906922355e-14	8.5143842381701555e-19	6.257912006798712e-09
0.0994	1.2947919529945447e-14	6.939077575913414e-10	8.366542506166318e-15	8.29342250794316e-14	8.548750974658335e-19	6.283142400164321e-09
0.09960000000000001	1.3026219725583915e-14	6.981031501879385e-10	8.40024414730449e-15	8.326829253616958e-14	8.583186928740127e-19	6.3084234375959654e-09
0.0998	1.310483490250787e-14	7.023154126047047e-10	8.434013527966366e-15	8.360303143925275e-14	8.61769210041389e-19	6.333755118401478e-09
0.1	1.3183765692549642e-14	7.065445786383573e-10	8.467850648142049e-15	8.393844178849647e-14	8.652266489678006e-19	6.359137441888704e-09
0.10020000000000001	1.3263012727538892e-14	7.107906820852997e-10	8.50175550782163e-15	8.427452358371612e-14	8.686910096530839e-19	6.384570407365491e-09
