0.0	0.0	0.0	0.0	0.0	0.0	0.0
0.0002	1.4773524833970848e-21	7.922461070353709e-17	4.742111678990558e-19	4.700767771122998e-18	4.845288208223673e-23	3.5692033954933835e-13
0.0004	1.1818807507632952e-20	6.337954159560629e-16	1.8968445791574013e-18	1.880306936075752e-17	1.9381152680798172e-22	1.4276748687513832e-12
0.0006000000000000001	3.988843362484477e-20	2.1390545687194254e-15	4.2679000951168145e-18	4.2306902183302225e-17	4.3607593189578715e-22	3.2122538535035485e-12
0.0008	9.455026230867422e-20	5.070339812974554e-15	7.587377577119083e-18	7.521226365315619e-17	7.752460950642052e-22	5.710647559791739e-12
0.001	1.846682879543645e-19	9.90298448374702e-15	1.1855276886506017e-17	1.1751915118471901e-16	1.2113220140317883e-21	8.92284625369035e-12
0.0012000000000000001	3.191064678788572e-19	1.7112317507132598e-14	1.707159788461943e-17	1.692275621923909e-16	1.744303686517089e-21	1.2848840201362273e-11
0.0014	5.067287223208891e-19	2.7173663400322817e-14	2.3236340432801145e-17	2.303374940905721e-16	2.3741911102386587e-21	1.7488619669058873e-11
0.0016	7.563989344410896e-19	4.056234227163052e-14	3.034950439239303e-17	3.008489442936639e-16	3.1009842829150504e-21	2.2842174923120038e-11
0.0018000000000000002	1.0769809503220773e-18	5.775366982051545e-14	3.841108962473693e-17	3.8076191021606767e-16	3.9246832022648175e-21	2.8909496229974105e-11
0.002	1.4773385789685563e-18	7.922295733760975e-14	4.7421095991174714e-17	4.700763892721853e-16	4.84528786600651e-21	3.56905738561379e-11
0.0022	1.9663355923074145e-18	1.0544551170474362e-13	5.737952335304827e-17	5.687923788764195e-16	5.862798271858683e-21	4.318539806821679e-11
0.0024000000000000002	2.5528357251878203e-18	1.3689663539497072e-13	6.82863715716995e-17	6.769098764431731e-16	6.977214417539889e-21	5.1393959132904564e-11
0.0026000000000000003	3.2457026753813182e-18	1.7405162647259392e-13	8.01416405084703e-17	7.944288793868492e-16	8.188536300768677e-21	6.031624731698355e-11
0.0028	4.0538001035819235e-18	2.1738577859319065e-13	9.294533002470258e-17	9.213493851218516e-16	9.496763919263603e-21	6.995225288732445e-11
0.003	4.9859916334062304e-18	2.673743810036387e-13	1.0669743998173837e-16	1.057671391062585e-15	1.0901897270743216e-20	8.030196611088666e-11
0.0032	6.051140851393493e-18	3.2449271854214146e-13	1.2139797024091953e-16	1.2033948946234543e-15	1.2403936352926075e-20	9.136537725471783e-11
0.0034000000000000002	7.258111307005739e-18	3.89216071638254e-13	1.3704692066358806e-16	1.3585198932188643e-15	1.4002881163530734e-20	1.0314247658595426e-10
0.0036000000000000003	8.615766512627842e-18	4.620197163129079e-13	1.53644291111086e-16	1.5230463842632215e-15	1.5698731700275732e-20	1.1563325437182064e-10
0.0038	1.0132969943567653e-17	5.433789241784372e-13	1.7119008144475513e-16	1.6969743651709312e-15	1.7491487960879627e-20	1.2883770087963015e-10
0.004	1.1818585038056062e-17	6.337689624386046e-13	1.8968429152593775e-16	1.8803038333564003e-15	1.9381149943060987e-20	1.4275580637678452e-10
0.004200000000000001	1.368147519724713e-17	7.336650938886261e-13	2.091269212159757e-16	2.073034786234038e-15	2.136771764453835e-20	1.573875611307739e-10
0.0044	1.5730503785218135e-17	8.435425769151953e-13	2.2951797037621107e-16	2.2751672212182477e-15	2.345119106303027e-20	1.7273295540917692e-10
0.0046	1.7974534128969743e-17	9.638766654965129e-13	2.5085743886798585e-16	2.4867011357234412e-15	2.5631570196255292e-20	1.887919794796607e-10
0.0048000000000000004	2.0422429518426047e-17	1.0951426092023088e-12	2.7314532655264216e-16	2.7076365271640267e-15	2.7908855041932e-20	2.0556462360998082e-10
0.005	2.3083053206434662e-17	1.2378156531938685e-12	2.9638163329152203e-16	2.9379733929544108e-15	3.028304559777891e-20	2.2305087806798135e-10
0.005200000000000001	2.596526840876686e-17	1.392371038224059e-12	3.2056635894596766e-16	3.177711730509006e-15	3.27541418615146e-20	2.41250733121595e-10
0.0054	2.907793830411763e-17	1.559284000637354e-12	3.456995033773209e-16	3.4268515372422198e-15	3.532214383085761e-20	2.6016417903884246e-10
0.0056	3.2429926034105816e-17	1.7390297723698599e-12	3.7178106644692404e-16	3.685392810568464e-15	3.79870515035265e-20	2.797912060878335e-10
0.0058000000000000005	3.6030094703274184e-17	1.9320835809493423e-12	3.9881104801611947e-16	3.953335547902151e-15	4.074886487723981e-20	3.001318045367663e-10
0.006	3.9887307379089493e-17	2.1389206494952473e-12	4.2678944794624883e-16	4.23067974665769e-15	4.3607583949716114e-20	3.211859646539268e-10
0.006200000000000001	4.401042709194268e-17	2.360016196718733e-12	4.557162660986547e-16	4.517425404249495e-15	4.656320871867396e-20	3.4295367670769025e-10
0.0064	4.840831683514883e-17	2.5958454369226916e-12	4.855915023346788e-16	4.813572518091974e-15	4.961573918183188e-20	3.6543493096651995e-10
0.0066	5.3089839564947434e-17	2.8468835800017747e-12	5.164151565156636e-16	5.1191210855995446e-15	5.276517533690844e-20	3.886297176989678e-10
0.0068000000000000005	5.806385820050232e-17	3.113605831442422e-12	5.481872285029515e-16	5.434071104186618e-15	5.601151718162223e-20	4.1253802717367426e-10
0.007	6.333923562390182e-17	3.3964873923228797e-12	5.809077181578843e-16	5.758422571267609e-15	5.935476471369171e-20	4.3715984965936803e-10
0.007200000000000001	6.892483468015895e-17	3.696003459313237e-12	6.145766253418045e-16	6.092175484256932e-15	6.279491793083556e-20	4.624951754248664e-10
0.0074	7.482951817721134e-17	4.012629224675441e-12	6.491939499160541e-16	6.435329840569e-15	6.633197683077224e-20	4.88543994739075e-10
0.0076	8.106214888592154e-17	4.346839876263327e-12	6.847596917419754e-16	6.787885637618231e-15	6.996594141122031e-20	5.153062978709883e-10
0.0078000000000000005	8.763158954007681e-17	4.69911059752265e-12	7.212738506809112e-16	7.149842872819037e-15	7.369681166989838e-20	5.427820750896889e-10
0.008	9.454670283638957e-17	5.069916567491093e-12	7.587364265942029e-16	7.521201543585837e-15	7.752458760452494e-20	5.709713166643478e-10
0.0082	1.0181635143449731e-16	5.459732960798318e-12	7.971474193431934e-16	7.901961647333047e-15	8.144926921281858e-20	5.998740128642252e-10
0.008400000000000001	1.0944939795696262e-16	5.869034947665965e-12	8.365068287892248e-16	8.292123181475088e-15	8.547085649249785e-20	6.294901539586683e-10
0.0086	1.1745470498927335e-16	6.298297693907687e-12	8.768146547936393e-16	8.691686143426367e-15	8.958934944128129e-20	6.598197302171143e-10
0.0088	1.25841135079843e-16	6.747996360929199e-12	9.180708972177797e-16	9.100650530601312e-15	9.380474805688746e-20	6.90862731909088e-10
0.009000000000000001	1.3461755074001028e-16	7.218606105728264e-12	9.602755559229877e-16	9.51901634041434e-15	9.811705233703493e-20	7.226191493042029e-10
0.0092	1.4379281444403946e-16	7.710602080894737e-12	1.003428630770606e-15	9.946783570279864e-15	1.0252626227944218e-19	7.55088972672161e-10
0.0094	1.5337578862912073e-16	8.224459434610608e-12	1.047530121621977e-15	1.038395221761231e-14	1.0703237788182789e-19	7.882721922827527e-10
0.009600000000000001	1.6337533569536978e-16	8.76065331064999e-12	1.0925800283384433e-15	1.0830522279826099e-14	1.1163539914191055e-19	8.22168798405857e-10
0.0098	1.7380031800582831e-16	9.31965884837918e-12	1.1385783507813464e-15	1.1286493754335643e-14	1.1633532605740869e-19	8.567787813114409e-10
0.01	1.8465959788646402e-16	9.901951182756665e-12	1.18552508881203e-15	1.175186663855537e-14	1.2113215862604086e-19	8.921021312695607e-10
0.0102	1.959620376261705e-16	1.0508005444333146e-11	1.2334202422918354e-15	1.2226640929899702e-14	1.2602589684552566e-19	9.281388385503599e-10
0.010400000000000001	2.077164994767677e-16	1.1138296759251583e-11	1.2822638110821061e-15	1.2710816625783056e-14	1.3101654071358163e-19	9.648888934240726e-10
0.0106	2.1993184565300155e-16	1.1793300249247192e-11	1.3320557950441829e-15	1.3204393723619855e-14	1.361040902279273e-19	1.002352286161018e-09
0.0108	2.3261693833254475e-16	1.2473491031647501e-11	1.3827961940394102e-15	1.3707372220824526e-14	1.4128854538628126e-19	1.0405290070316072e-09
0.011000000000000001	2.4578063965599615e-16	1.3179344219372351e-11	1.43448500792913e-15	1.4219752114811493e-14	1.4656990618636206e-19	1.0794190463063384e-09
0.0112	2.5943181172688104e-16	1.3911334920933924e-11	1.4871222365746831e-15	1.474153340299517e-14	1.5194817262588818e-19	1.119022394255797e-09
0.0114	2.7357931661165173e-16	1.4669938240436798e-11	1.5407078798374141e-15	1.527271608278999e-14	1.5742334470257823e-19	1.1593390411506592e-09
0.011600000000000001	2.8823201633968696e-16	1.5455629277577936e-11	1.595241937578665e-15	1.581330015161038e-14	1.6299542241415081e-19	1.2003689772616877e-09
0.0118	3.0339877290329215e-16	1.626888312764671e-11	1.6507244096597774e-15	1.6363285606870755e-14	1.686644057583244e-19	1.2421121928597342e-09
0.012	3.190884482577004e-16	1.711017488152498e-11	1.707155295942095e-15	1.692267244598555e-14	1.7443029473281764e-19	1.2845686782157401e-09
0.0122	3.353099043210711e-16	1.797997962568704e-11	1.7645345962869594e-15	1.7491460666369192e-14	1.8029308933534904e-19	1.3277384236007333e-09
0.012400000000000001	3.5207200297449096e-16	1.887877244219973e-11	1.8228623105557144e-15	1.8069650265436096e-14	1.8625278956363713e-19	1.3716214192858319e-09
0.0126	3.693836060619737e-16	1.9807028408722378e-11	1.8821384386097014e-15	1.8657241240600703e-14	1.9230939541540033e-19	1.4162176555422406e-09
0.0128	3.872535753904613e-16	2.0765222598506872e-11	1.942362980310263e-15	1.9254233589277422e-14	1.9846290688835752e-19	1.461527122641254e-09
0.013000000000000001	4.0569077272982195e-16	2.1753830080397703e-11	2.003535935518743e-15	1.9860627308880703e-14	2.0471332398022704e-19	1.5075498108542553e-09
0.0132	4.2470405981285206e-16	2.2773325918831927e-11	2.0656573040964823e-15	2.047642239682496e-14	2.1106064668872739e-19	1.5542857104527148e-09
0.0134	4.443022983352754e-16	2.382418517383927e-11	2.1287270859048257e-15	2.110161885052463e-14	2.1750487501157737e-19	1.6017348117081924e-09
0.013600000000000001	4.644943499557437e-16	2.490688290104209e-11	2.1927452808051142e-15	2.1736216667394135e-14	2.240460089464953e-19	1.6498971048923365e-09
0.013800000000000002	4.852890762958362e-16	2.6021894151655415e-11	2.257711888658691e-15	2.2380215844847917e-14	2.306840484911998e-19	1.698772580276883e-09
0.014	5.066953389400597e-16	2.716969397248699e-11	2.323626909326898e-15	2.3033616380300385e-14	2.3741899364340934e-19	1.7483612281336564e-09
0.0142	5.287219994358501e-16	2.835075740593731e-11	2.3904903426710793e-15	2.3696418271165995e-14	2.442508444008428e-19	1.7986630387345706e-09
0.014400000000000001	5.513779192935708e-16	2.956555948999959e-11	2.458302188552578e-15	2.436862151485916e-14	2.511796007612184e-19	1.8496780023516277e-09
0.0146	5.746719599865127e-16	3.0814575258259855e-11	2.5270624468327334e-15	2.5050226108794327e-14	2.5820526272225476e-19	1.901406109256917e-09
0.0148	5.986129829508964e-16	3.2098279739896947e-11	2.5967711173728924e-15	2.5741232050385904e-14	2.653278302816705e-19	1.9538473497226176e-09
0.015000000000000001	6.232098495858698e-16	3.341714795968251e-11	2.6674282000343955e-15	2.644163933704835e-14	2.7254730343718416e-19	2.007001714020997e-09
0.0152	6.4847142125350945e-16	3.4771654937981034e-11	2.7390336946785853e-15	2.7151447966196087e-14	2.798636821865143e-19	2.0608691924244094e-09
0.0154	6.744065592788208e-16	3.616227569074996e-11	2.8115876011668058e-15	2.7870657935243554e-14	2.872769665273794e-19	2.115449775205301e-09
0.015600000000000001	7.010241249497377e-16	3.75894852295396e-11	2.8850899193604004e-15	2.8599269241605166e-14	2.947871564574982e-19	2.170743452636203e-09
0.0158	7.283329795171232e-16	3.905375856149318e-11	2.9595406491207087e-15	2.9337281882695394e-14	3.023942519745891e-19	2.2267502149897353e-09
0.016	7.56341984194768e-16	4.05555706893469e-11	3.0349397903090765e-15	3.0084695855928626e-14	3.1009825307637065e-19	2.2834700525386084e-09
0.0162	7.850600001593936e-16	4.2095396611429976e-11	3.1112873427868446e-15	3.0841511158719335e-14	3.1789915976056145e-19	2.3409029555556198e-09
0.0164	8.144958885506498e-16	4.367371132166465e-11	3.1885833064153585e-15	3.1607727788481945e-14	3.2579697202488004e-19	2.399048914313657e-09
0.0166	8.446585104711146e-16	4.5290989809566094e-11	3.266827681055957e-15	3.2383345742630905e-14	3.3379168986704496e-19	2.4579079190856917e-09
0.016800000000000002	8.755567269862971e-16	4.6947707060242696e-11	3.3460204665699876e-15	3.316836501858063e-14	3.418833132847749e-19	2.5174799601447894e-09
0.017	9.071993991246333e-16	4.864433805439577e-11	3.4261616628187903e-15	3.396278561374556e-14	3.500718422757882e-19	2.5777650277641017e-09
0.0172	9.395953878774906e-16	5.0381357768319874e-11	3.5072512696637087e-15	3.476660752554014e-14	3.583572768378035e-19	2.638763112216866e-09
0.017400000000000002	9.72753554199167e-16	5.2159241173902696e-11	3.5892892869660864e-15	3.557983075137882e-14	3.6673961696853943e-19	2.7004742037764137e-09
0.0176	1.006682759006886e-15	5.397846323862499e-11	3.672275714587265e-15	3.6402455288676013e-14	3.752188626657145e-19	2.7628982927161585e-09
0.0178	1.0413918631808051e-15	5.583949892556078e-11	3.756210552388587e-15	3.7234481134846177e-14	3.8379501392704713e-19	2.826035369309608e-09
0.018000000000000002	1.0768897275640096e-15	5.774282319337736e-11	3.841093800231398e-15	3.807590828730377e-14	3.9246807075025625e-19	2.8898854238303567e-09
0.0182	1.113185212962515e-15	5.968891099633511e-11	3.926925457977039e-15	3.892673674346319e-14	4.0123803313305995e-19	2.9544484465520848e-09
0.0184	1.1502871801452665e-15	6.16782372842878e-11	4.013705525486853e-15	3.97869665007389e-14	4.1010490107317687e-19	3.019724427748563e-09
0.018600000000000002	1.1882044898441412e-15	6.37112770026825e-11	4.101434002622184e-15	4.065659755654534e-14	4.1906867456832603e-19	3.085713357693651e-09
0.0188	1.2269460027539433e-15	6.578850509255948e-11	4.1901108892443734e-15	4.153562990829694e-14	4.2812935361622545e-19	3.152415226661295e-09
0.019	1.2665205795324096e-15	6.791039649055248e-11	4.2797361852147645e-15	4.242406355340817e-14	4.37286938214594e-19	3.2198300249255315e-09
0.019200000000000002	1.3069370808002085e-15	7.007742612888857e-11	4.370309890394704e-15	4.332189848929347e-14	4.465414283611501e-19	3.2879577427604867e-09
0.0194	1.3482043671409349e-15	7.229006893538822e-11	4.46183200464553e-15	4.4229134713367235e-14	4.558928240536122e-19	3.356798370440371e-09
0.0196	1.3903312991011183e-15	7.454879983346527e-11	4.554302527828587e-15	4.514577222304396e-14	4.653411252896991e-19	3.4263518982394855e-09
0.0198	1.4333267371902166e-15	7.685409374212709e-11	4.64772145980522e-15	4.607181101573807e-14	4.748863320671294e-19	3.4966183164322214e-09
0.02	1.4771995418806193e-15	7.920642557597444e-11	4.74208880043677e-15	4.700725108886401e-14	4.845284443836211e-19	3.567597615293054e-09
0.020200000000000003	1.5219585736076465e-15	8.160627024520165e-11	4.837404549584583e-15	4.795209243983623e-14	4.942674622368935e-19	3.639289785096554e-09
0.0204	1.5676126927695498e-15	8.40541026555965e-11	4.933668707109995e-15	4.8906335066069184e-14	5.041033856246646e-19	3.7116948161173705e-09
0.0206	1.6141707597275109e-15	8.655039770854039e-11	5.0308812728743575e-15	4.9869978964977287e-14	5.140362145446531e-19	3.784812698630253e-09
0.020800000000000003	1.661641634805645e-15	8.909563030100829e-11	5.1290422467390105e-15	5.084302413397502e-14	5.240659489945779e-19	3.858643422910029e-09
0.021	1.7100341782909951e-15	9.169027532556868e-11	5.2281516285652956e-15	5.18254705704768e-14	5.341925889721571e-19	3.933186979231619e-09
0.0212	1.759357250433538e-15	9.433480767038377e-11	5.328209418214555e-15	5.281731827189709e-14	5.444161344751093e-19	4.008443357870031e-09
0.021400000000000002	1.8096197114461833e-15	9.702970221920941e-11	5.4292156155481395e-15	5.381856723565035e-14	5.547365855011535e-19	4.084412549100365e-09
0.0216	1.8608304215047674e-15	9.977543385139502e-11	5.531170220427382e-15	5.4829217459151006e-14	5.651539420480077e-19	4.161094543197805e-09
0.0218	1.9129982407480626e-15	1.0257247744188383e-10	5.634073232713633e-15	5.584926893981352e-14	5.756682041133908e-19	4.2384893304376245e-09
0.022000000000000002	1.9661320292777737e-15	1.0542130786121282e-10	5.7379246522682346e-15	5.687872167505235e-14	5.862793716950214e-19	4.316596901095185e-09
0.0222	2.0202406471585314e-15	1.0832239997551257e-10	5.842724478952526e-15	5.791757566228193e-14	5.969874447906176e-19	4.395417245445937e-09
0.0224	2.0753329544179062e-15	1.1127622864650761e-10	5.948472712627852e-15	5.896583089891669e-14	6.077924233978984e-19	4.47495035376542e-09
0.022600000000000002	2.131417811046395e-15	1.1428326873151625e-10	6.055169353155562e-15	6.002348738237113e-14	6.186943075145821e-19	4.555196216329263e-09
0.0228	2.188504076997428e-15	1.1734399508345042e-10	6.16281440039699e-15	6.109054511005967e-14	6.296930971383875e-19	4.6361548234131825e-09
0.023	2.2466006121873694e-15	1.2045888255081621e-10	6.2714078542134854e-15	6.216700407939675e-14	6.407887922670329e-19	4.717826165292978e-09
0.023200000000000002	2.305716276495516e-15	1.236284059777135e-10	6.380949714466391e-15	6.325286428779688e-14	6.519813928982373e-19	4.800210232244548e-09
0.0234	2.365859929764093e-15	1.2685304020383581e-10	6.491439981017047e-15	6.434812573267446e-14	6.6327089902971865e-19	4.883307014543868e-09
0.0236	2.4270404317982613e-15	1.3013326006447094e-10	6.602878653726798e-15	6.545278841144394e-14	6.746573106591958e-19	4.967116502467011e-09
0.0238	2.4892666423661182e-15	1.3346954039050054e-10	6.715265732456989e-15	6.65668523215198e-14	6.861406277843877e-19	5.051638686290137e-09
0.024	2.5525474211986833e-15	1.3686235600840025e-10	6.828601217068963e-15	6.769031746031647e-14	6.977208504030121e-19	5.136873556289489e-09
0.024200000000000003	2.61689162798992e-15	1.4031218174023955e-10	6.942885107424065e-15	6.882318382524844e-14	7.093979785127883e-19	5.222821102741402e-09
0.0244	2.6823081223967183e-15	1.438194924036822e-10	7.058117403383629e-15	6.996545141373014e-14	7.211720121114344e-19	5.309481315922299e-09
0.0246	2.7488057640389037e-15	1.4738476281198593e-10	7.17429810480901e-15	7.111712022317601e-14	7.330429511966689e-19	5.396854186108693e-09
0.024800000000000003	2.8163934124992334e-15	1.5100846777400242e-10	7.291427211561549e-15	7.227819025100055e-14	7.450107957662108e-19	5.484939703577185e-09
0.025	2.8850799273233984e-15	1.5469108209417762e-10	7.409504723502584e-15	7.344866149461816e-14	7.570755458177781e-19	5.573737858604459e-09
0.0252	2.954874168020022e-15	1.584330805725517e-10	7.528530640493462e-15	7.462853395144338e-14	7.692372013490896e-19	5.663248641467298e-09
0.025400000000000002	3.0257849940606677e-15	1.6223493800475868e-10	7.648504962395528e-15	7.581780761889057e-14	7.814957623578644e-19	5.753472042442565e-09
0.0256	3.0978212648798187e-15	1.6609712918202708e-10	7.769427689070121e-15	7.701648249437424e-14	7.938512288418202e-19	5.844408051807209e-09
0.0258	3.1709918398749055e-15	1.7002012889117942e-10	7.891298820378587e-15	7.822455857530884e-14	8.063036007986761e-19	5.936056659838278e-09
0.026000000000000002	3.2453055784062863e-15	1.7400441191463272e-10	8.014118356182272e-15	7.944203585910886e-14	8.188528782261504e-19	6.0284178568129005e-09
0.0262	3.3207713397972524e-15	1.7805045303039785e-10	8.137886296342517e-15	8.066891434318872e-14	8.314990611219616e-19	6.1214916330082935e-09
0.0264	3.3973979833340306e-15	1.8215872701208032e-10	8.262602640720663e-15	8.190519402496286e-14	8.442421494838285e-19	6.215277978701769e-09
0.026600000000000002	3.4751943682657808e-15	1.8632970862888e-10	8.388267389178061e-15	8.315087490184582e-14	8.570821433094699e-19	6.309776884170719e-09
0.0268	3.5541693538046e-15	1.905638726455906e-10	8.514880541576045e-15	8.440595697125197e-14	8.700190425966036e-19	6.404988339692628e-09
0.027	3.634331799125512e-15	1.9486169382260082e-10	8.642442097775963e-15	8.567044023059583e-14	8.830528473429487e-19	6.500912335545069e-09
0.027200000000000002	3.715690563366487e-15	1.9922364691589347e-10	8.770952057639162e-15	8.694432467729183e-14	8.961835575462237e-19	6.597548862005704e-09
0.0274	3.798254505628415e-15	2.0365020667704557e-10	8.900410421026982e-15	8.822761030875445e-14	9.094111732041467e-19	6.69489790935228e-09
0.027600000000000003	3.882032484975136e-15	2.0814184785322905e-10	9.030817187800766e-15	8.952029712239818e-14	9.22735694314437e-19	6.792959467862638e-09
0.027800000000000002	3.967033360433407e-15	2.1269904518720983e-10	9.16217235782186e-15	9.082238511563742e-14	9.361571208748125e-19	6.891733527814701e-09
0.028	4.0532659909929365e-15	2.1732227341734865e-10	9.294475930951604e-15	9.213387428588665e-14	9.496754528829922e-19	6.9912200794864835e-09
0.028200000000000003	4.140739235606358e-15	2.2201200727760077e-10	9.427727907051346e-15	9.345476463056042e-14	9.632906903366948e-19	7.091419113156092e-09
0.0284	4.2294619531892435e-15	2.2676872149751568e-10	9.561928285982425e-15	9.478505614707306e-14	9.770028332336383e-19	7.192330619101712e-09
0.0286	4.3194430026200975e-15	2.315928908022377e-10	9.69707706760619e-15	9.61247488328391e-14	9.908118815715414e-19	7.2939545876016275e-09
0.028800000000000003	4.410691242740362e-15	2.3648498991250595e-10	9.833174251783986e-15	9.747384268527302e-14	1.0047178353481231e-18	7.39629100893421e-09
0.029	4.5032155323544136e-15	2.414454935446536e-10	9.970219838377146e-15	9.883233770178931e-14	1.0187206945611015e-18	7.499339873377907e-09
0.0292	4.597024730229559e-15	2.4647487641060886e-10	1.010821382724702e-14	1.0020023387980235e-13	1.0328204592081952e-18	7.60310117121127e-09
0.029400000000000003	4.6921276950960545e-15	2.5157361321789476e-10	1.0247156218254957e-14	1.0157753121672665e-13	1.0470171292871232e-18	7.707574892712931e-09
0.0296	4.788533285647071e-15	2.567421786696285e-10	1.0387047011262293e-14	1.0296422970997668e-13	1.0613107047956031e-18	7.81276102816161e-09
0.0298	4.886250360538735e-15	2.619810474645225e-10	1.0527886206130373e-14	1.0436032935696692e-13	1.0757011857313543e-18	7.918659567836121e-09
0.030000000000000002	4.985287778390097e-15	2.6729069429688377e-10	1.0669673802720544e-14	1.0576583015511186e-13	1.0901885720920953e-18	8.025270502015359e-09
0.0302	5.085654397783145e-15	2.726715938566139e-10	1.0812409800894149e-14	1.0718073210182591e-13	1.1047728638755442e-18	8.13259382097831e-09
0.0304	5.187359077262806e-15	2.7812422082920953e-10	1.0956094200512529e-14	1.0860503519452355e-13	1.11945406107942e-18	8.24062951500405e-09
0.030600000000000002	5.290410675336938e-15	2.8364904989576217e-10	1.1100727001437031e-14	1.100387394306193e-13	1.1342321637014413e-18	8.34937757437175e-09
0.0308	5.3948180504763425e-15	2.892465557329579e-10	1.1246308203528996e-14	1.1148184480752757e-13	1.1491071717393262e-18	8.458837989360649e-09
0.031	5.500590061114746e-15	2.949172130130778e-10	1.139283780664977e-14	1.1293435132266286e-13	1.1640790851907935e-18	8.569010750250098e-09
0.031200000000000002	5.607735565648827e-15	3.006614964039981e-10	1.1540315810660701e-14	1.1439625897343962e-13	1.1791479040535621e-18	8.679895847319523e-09
0.031400000000000004	5.716263422438185e-15	3.0647988056918964e-10	1.1688742215423123e-14	1.158675677572724e-13	1.19431362832535e-18	8.79149327084844e-09
0.0316	5.8261824898053634e-15	3.123728401677181e-10	1.1838117020798387e-14	1.1734827767157557e-13	1.209576258003876e-18	8.903803011116452e-09
0.0318	5.937501626035836e-15	3.1834084985424454e-10	1.1988440226647831e-14	1.188383887137636e-13	1.2249357930868587e-18	9.016825058403259e-09
0.032	6.0502296893780295e-15	3.2438438427902484e-10	1.2139711832832808e-14	1.2033790088125105e-13	1.2403922335720162e-18	9.130559402988636e-09
0.0322	6.164375538043287e-15	3.3050391808790996e-10	1.2291931839214652e-14	1.2184681417145233e-13	1.2559455794570678e-18	9.245006035152463e-09
0.0324	6.2799480302058976e-15	3.3669992592234584e-10	1.2445100245654714e-14	1.23365128581782e-13	1.2715958307397316e-18	9.360164945174691e-09
0.032600000000000004	6.396956024003096e-15	3.4297288241937375e-10	1.2599217052014338e-14	1.2489284410965442e-13	1.2873429874177266e-18	9.476036123335377e-09
0.0328	6.515408377535033e-15	3.493232622116294e-10	1.2754282258154862e-14	1.2642996075248412e-13	1.3031870494887705e-18	9.592619559914647e-09
0.033	6.635313948864815e-15	3.5575153992734425e-10	1.291029586393763e-14	1.279764785076856e-13	1.3191280169505828e-18	9.709915245192727e-09
0.0332	6.756681596018476e-15	3.6225819019034475e-10	1.3067257869223992e-14	1.2953239737267326e-13	1.3351658898008815e-18	9.827923169449934e-09
0.0334	6.8795201769849935e-15	3.688436876200526e-10	1.3225168273875292e-14	1.3109771734486163e-13	1.3513006680373852e-18	9.946643322966665e-09
0.033600000000000005	7.003838549716283e-15	3.755085068314849e-10	1.3384027077752874e-14	1.3267243842166522e-13	1.367532351657813e-18	1.0066075696023417e-08
0.033800000000000004	7.12964557212718e-15	3.822531224352531e-10	1.3543834280718075e-14	1.342565606004984e-13	1.3838609406598828e-18	1.018622027890076e-08
0.034	7.256950102095486e-15	3.8907800903756496e-10	1.3704589882632244e-14	1.3585008387877576e-13	1.4002864350413133e-18	1.0307077061879364e-08
0.0342	7.385760997461919e-15	3.95983641240223e-10	1.3866293883356726e-14	1.374530082539117e-13	1.416808834799823e-18	1.042864603523998e-08
0.0344	7.516087116030138e-15	4.029704936406251e-10	1.402894628275286e-14	1.3906533372332073e-13	1.4334281399331307e-18	1.0550927189263452e-08
0.0346	7.647937315566751e-15	4.100390408317646e-10	1.4192547080681995e-14	1.4068706028441733e-13	1.450144350438955e-18	1.067392051423071e-08
0.034800000000000005	7.781320453801298e-15	4.171897574022305e-10	1.4357096277005478e-14	1.4231818793461604e-13	1.4669574663150141e-18	1.0797626000422787e-08
0.035	7.916245388426246e-15	4.2442311793620615e-10	1.4522593871584644e-14	1.4395871667133124e-13	1.4838674875590267e-18	1.0922043638120772e-08
0.0352	8.05272097709701e-15	4.317395970134712e-10	1.4689039864280843e-14	1.456086464919774e-13	1.5008744141687118e-18	1.104717341760587e-08
0.0354	8.190756077431947e-15	4.3913966920940065e-10	1.4856434254955415e-14	1.4726797739396912e-13	1.5179782461417872e-18	1.1173015329159367e-08
0.0356	8.33035954701235e-15	4.466238090949648e-10	1.502477704346971e-14	1.4893670937472077e-13	1.5351789834759721e-18	1.1299569363062636e-08
0.0358	8.471540243382441e-15	4.541924912367295e-10	1.519406822968507e-14	1.506148424316469e-13	1.5524766261689845e-18	1.1426835509597136e-08
0.036000000000000004	8.614307024049401e-15	4.6184619019685637e-10	1.5364307813462843e-14	1.5230237656216204e-13	1.5698711742185442e-18	1.1554813759044425e-08
0.0362	8.758668746483326e-15	4.695853805331016e-10	1.5535495794664362e-14	1.539993117636805e-13	1.587362627622368e-18	1.168350410168613e-08
0.0364	8.904634268117264e-15	4.774105367988182e-10	1.5707632173150977e-14	1.557056480336169e-13	1.6049509863781754e-18	1.1812906527803988e-08
0.0366	9.052212446347195e-15	4.853221335429539e-10	1.588071694878404e-14	1.5742138536938567e-13	1.6226362504836846e-18	1.1943021027679802e-08
0.0368	9.201412138532052e-15	4.933206453100525e-10	1.6054750121424883e-14	1.5914652376840132e-13	1.6404184199366143e-18	1.2073847591595486e-08
0.037000000000000005	9.352242201993697e-15	5.014065466402535e-10	1.6229731690934863e-14	1.6088106322807835e-13	1.658297494734684e-18	1.2205386209833033e-08
0.037200000000000004	9.504711494016923e-15	5.095803120692918e-10	1.6405661657175308e-14	1.6262500374583121e-13	1.6762734748756107e-18	1.2337636872674511e-08
0.0374	9.658828871849471e-15	5.178424161284976e-10	1.6582540020007574e-14	1.6437834531907436e-13	1.694346360357114e-18	1.2470599570402097e-08
0.0376	9.81460319270203e-15	5.261933333447978e-10	1.6760366779293e-14	1.6614108794522235e-13	1.7125161511769122e-18	1.260427429329805e-08
0.0378	9.972043313748213e-15	5.346335382407143e-10	1.6939141934892932e-14	1.6791323162168966e-13	1.7307828473327232e-18	1.2738661031644711e-08
0.038	1.0131158092124576e-14	5.43163505334365e-10	1.7118865486668714e-14	1.6969477634589075e-13	1.749146448822267e-18	1.2873759775724513e-08
0.038200000000000005	1.0291956384930634e-14	5.517837091394641e-10	1.72995374344817e-14	1.7148572211524017e-13	1.7676069556432617e-18	1.300957051581999e-08
0.038400000000000004	1.0454447049228808e-14	5.604946241653204e-10	1.7481157778193226e-14	1.7328606892715232e-13	1.786164367793424e-18	1.3146093242213735e-08
0.0386	1.0618638942044482e-14	5.692967249168398e-10	1.766372651766463e-14	1.750958167790417e-13	1.8048186852704744e-18	1.3283327945188458e-08
0.0388	1.0784540920365972e-14	5.78190485894523e-10	1.784724365275726e-14	1.769149656683228e-13	1.823569908072131e-18	1.3421274615026942e-08
0.039	1.095216184114454e-14	5.871763815944675e-10	1.8031709183332465e-14	1.7874351559241016e-13	1.8424180361961126e-18	1.3559933242012062e-08
0.0392	1.1121510561294387e-14	5.962548865083665e-10	1.821712310925159e-14	1.8058146654871824e-13	1.8613630696401376e-18	1.3699303816426781e-08
0.039400000000000004	1.1292595937692651e-14	6.054264751235089e-10	1.8403485430375982e-14	1.8242881853466158e-13	1.880405008401925e-18	1.3839386328554162e-08
0.0396	1.1465426827179397e-14	6.146916219227795e-10	1.8590796146566972e-14	1.8428557154765457e-13	1.8995438524791923e-18	1.398018076867733e-08
0.0398	1.164001208655766e-14	6.240508013846597e-10	1.877905525768591e-14	1.8615172558511175e-13	1.918779601869658e-18	1.412168712707952e-08
0.04	1.1816360572593394e-14	6.335044879832259e-10	1.8968262763594142e-14	1.8802728064444765e-13	1.9381122565710414e-18	1.4263905394044052e-08
0.0402	1.1994481142015493e-14	6.430531561881516e-10	1.9158418664153013e-14	1.899122367230767e-13	1.9575418165810612e-18	1.4406835559854331e-08
0.040400000000000005	1.2174382651515817e-14	6.526972804647062e-10	1.9349522959223885e-14	1.9180659381841347e-13	1.9770682818974356e-18	1.4550477614793855e-08
0.040600000000000004	1.2356073957749131e-14	6.624373352737542e-10	1.9541575648668065e-14	1.937103519278724e-13	1.9966916525178827e-18	1.4694831549146196e-08
0.0408	1.253956391733316e-14	6.722737950717576e-10	1.973457673234692e-14	1.95623511048868e-13	2.0164119284401226e-18	1.4839897353195029e-08
0.041	1.2724861386848567e-14	6.822071343107737e-10	1.99285262101218e-14	1.9754607117881473e-13	2.0362291096618718e-18	1.498567501722412e-08
0.0412	1.2911975222838965e-14	6.922378274384565e-10	2.0123424081854037e-14	1.9947803231512706e-13	2.0561431961808505e-18	1.513216453151731e-08
0.0414	1.3100914281810895e-14	7.023663488980555e-10	2.0319270347404978e-14	2.014193944552196e-13	2.0761541879947765e-18	1.527936588635853e-08
0.041600000000000005	1.3291687420233847e-14	7.125931731284172e-10	2.051606500663598e-14	2.0337015759650682e-13	2.0962620851013694e-18	1.542727907203182e-08
0.041800000000000004	1.3484303494540238e-14	7.229187745639836e-10	2.0713808059408367e-14	2.0533032173640313e-13	2.1164668874983463e-18	1.5575904078821275e-08
0.042	1.3678771361125452e-14	7.333436276347938e-10	2.09124995055835e-14	2.0729988687232304e-13	2.1367685951834257e-18	1.5725240897011105e-08
0.0422	1.3875099876347795e-14	7.438682067664825e-10	2.1112139345022713e-14	2.0927885300168114e-13	2.1571672081543273e-18	1.5875289516885595e-08
0.0424	1.4073297896528516e-14	7.544929863802813e-10	2.1312727577587352e-14	2.112672201218918e-13	2.1776627264087688e-18	1.6026049928729126e-08
0.0426	1.427337427795182e-14	7.652184408930174e-10	2.151426420313877e-14	2.1326498823036965e-13	2.1982551499444692e-18	1.6177522122826167e-08
0.042800000000000005	1.4475337876864845e-14	7.760450447171161e-10	2.1716749221538313e-14	2.1527215732452913e-13	2.218944478759148e-18	1.632970608946127e-08
0.043000000000000003	1.4679197549477655e-14	7.869732722605962e-10	2.1920182632647307e-14	2.1728872740178472e-13	2.239730712850522e-18	1.6482601818919075e-08
0.0432	1.4884962151963276e-14	7.980035979270758e-10	2.2124564436327114e-14	2.193146984595509e-13	2.26061385221631e-18	1.6636209301484313e-08
0.0434	1.5092640540457678e-14	8.091364961157673e-10	2.2329894632439075e-14	2.2135007049524224e-13	2.2815938968542315e-18	1.6790528527441808e-08
0.0436	1.5302241571059762e-14	8.203724412214819e-10	2.2536173220844528e-14	2.2339484350627317e-13	2.3026708467620046e-18	1.6945559487076463e-08
0.0438	1.5513774099831377e-14	8.317119076346245e-10	2.2743400201404825e-14	2.2544901749005822e-13	2.3238447019373474e-18	1.7101302170673273e-08
0.044000000000000004	1.5727246982797323e-14	8.431553697411999e-10	2.2951575573981316e-14	2.2751259244401206e-13	2.3451154623779805e-18	1.7257756568517327e-08
0.0442	1.5942669075945313e-14	8.547033019228054e-10	2.316069933843533e-14	2.2958556836554893e-13	2.3664831280816197e-18	1.7414922670893795e-08
0.0444	1.6160049235226027e-14	8.663561785566384e-10	2.3370771494628216e-14	2.316679452520834e-13	2.3879476990459846e-18	1.757280046808794e-08
0.0446	1.6379396316553095e-14	8.781144740154909e-10	2.358179204242133e-14	2.3375972310103e-13	2.4095091752687943e-18	1.7731389950385108e-08
0.0448	1.6600719175803067e-14	8.899786626677532e-10	2.3793760981675998e-14	2.358609019098032e-13	2.4311675567477664e-18	1.7890691108070735e-08
0.045000000000000005	1.682402666881546e-14	9.019492188774106e-10	2.40066783122536e-14	2.379714816758177e-13	2.4529228434806208e-18	1.8050703931430362e-08
0.045200000000000004	1.7049327651392696e-14	9.140266170040457e-10	2.4220544034015442e-14	2.4009146239648774e-13	2.4747750354650747e-18	1.8211428410749587e-08
0.0454	1.7276630979300183e-14	9.262113314028376e-10	2.4435358146822878e-14	2.4222084406922794e-13	2.4967241326988475e-18	1.837286453631412e-08
0.0456	1.7505945508266256e-14	9.38503836424563e-10	2.465112065053726e-14	2.4435962669145275e-13	2.5187701351796574e-18	1.8535012298409754e-08
0.0458	1.773728009398218e-14	9.509046064155945e-10	2.4867831545019937e-14	2.4650781026057674e-13	2.5409130429052228e-18	1.869787168732236e-08
0.046	1.7970643592102186e-14	9.634141157179023e-10	2.5085490830132244e-14	2.4866539477401447e-13	2.563152855873263e-18	1.8861442693337907e-08
0.046200000000000005	1.8206044858243438e-14	9.760328386690528e-10	2.530409850573554e-14	2.5083238022918043e-13	2.585489574081497e-18	1.9025725306742466e-08
0.046400000000000004	1.844349274798603e-14	9.887612496022088e-10	2.5523654571691152e-14	2.53008766623489e-13	2.607923197527641e-18	1.9190719517822163e-08
0.0466	1.868299611687302e-14	1.0015998228461303e-09	2.5744159027860433e-14	2.551945539543547e-13	2.6304537262094156e-18	1.9356425316863238e-08
0.0468	1.8924563820410405e-14	1.0145490327251755e-09	2.596561187410473e-14	2.5738974221919214e-13	2.6530811601245386e-18	1.9522842694152015e-08
0.047	1.9168204714067116e-14	1.0276093535592973e-09	2.618801311028538e-14	2.595943314154158e-13	2.6758054992707286e-18	1.9689971639974897e-08
0.0472	1.9413927653275036e-14	1.0407812596640477e-09	2.641136273626374e-14	2.6180832154044014e-13	2.6986267436457043e-18	1.9857812144618393e-08
0.047400000000000005	1.9661741493429013e-14	1.0540652253505742e-09	2.6635660751901143e-14	2.640317125916798e-13	2.721544893247186e-18	2.0026364198369088e-08
0.0476	1.9911655089886796e-14	1.067461724925621e-09	2.6860907157058943e-14	2.662645045665491e-13	2.744559948072889e-18	2.0195627791513638e-08
0.0478	2.0163677297969087e-14	1.0809712326915315e-09	2.708710195159848e-14	2.6850669746246267e-13	2.767671908120533e-18	2.036560291433882e-08
0.048	2.041781697295957e-14	1.094594222946244e-09	2.7314245135381104e-14	2.70758291276835e-13	2.7908807733878373e-18	2.0536289557131493e-08
0.0482	2.0674082970104834e-14	1.108331169983294e-09	2.7542336708268156e-14	2.7301928600708064e-13	2.81418654387252e-18	2.0707687710178584e-08
0.048400000000000006	2.093248414461445e-14	1.1221825480918159e-09	2.7771376670120987e-14	2.7528968165061406e-13	2.8375892195723007e-18	2.0879797363767124e-08
0.048600000000000004	2.1193029351660897e-14	1.1361488315565395e-09	2.800136502080093e-14	2.775694782048498e-13	2.8610888004848964e-18	2.105261850818423e-08
0.0488	2.1455727446379594e-14	1.1502304946577911e-09	2.8232301760169323e-14	2.7985867566720227e-13	2.884685286608026e-18	2.1226151133717104e-08
0.049	2.1720587283868943e-14	1.1644280116714974e-09	2.846418688808754e-14	2.821572740350861e-13	2.9083786779394085e-18	2.1400395230653037e-08
0.0492	2.1987617719190278e-14	1.178741856869179e-09	2.869702040441691e-14	2.8446527330591573e-13	2.9321689744767623e-18	2.157535078927942e-08
0.0494	2.225682760736785e-14	1.1931725045179547e-09	2.893080230901877e-14	2.867826734771057e-13	2.9560561762178054e-18	2.1751017799883715e-08
0.049600000000000005	2.2528225803388903e-14	1.207720428880542e-09	2.9165532601754496e-14	2.891094745460706e-13	2.980040283160258e-18	2.192739625275349e-08
0.049800000000000004	2.2801821162203574e-14	1.2223861042152536e-09	2.9401211282485394e-14	2.9144567651022486e-13	3.004121295301837e-18	2.2104486138176372e-08
0.05	2.3077622538724993e-14	1.2371700047760002e-09	2.9637838351072826e-14	2.937912793669829e-13	3.0282992126402615e-18	2.2282287446440106e-08
0.0502	2.3355638787829192e-14	1.252072604812291e-09	2.987541380737813e-14	2.961462831137595e-13	3.0525740351732495e-18	2.2460800167832515e-08
0.0504	2.363587876435518e-14	1.267094378569231e-09	3.0113937651262676e-14	2.9851068774796905e-13	3.0769457628985204e-18	2.264002429264152e-08
0.0506	2.391835132310492e-14	1.2822358002875226e-09	3.0353409882587776e-14	3.008844932670259e-13	3.101414395813793e-18	2.2819959811155105e-08
0.050800000000000005	2.420306531884329e-14	1.2974973442034672e-09	3.0593830501214796e-14	3.032676996683448e-13	3.1259799339167868e-18	2.300060671366137e-08
0.051000000000000004	2.4490029606298104e-14	1.3128794845489624e-09	3.083519950700507e-14	3.0566030694934027e-13	3.1506423772052175e-18	2.3181964990448477e-08
0.0512	2.4779253040160166e-14	1.3283826955515024e-09	3.107751689981996e-14	3.080623151074265e-13	3.175401725676805e-18	2.3364034631804695e-08
0.0514	2.5070744475083215e-14	1.3440074514341813e-09	3.132078267952079e-14	3.104737241400185e-13	3.200257979329268e-18	2.3546815628018387e-08
0.0516	2.5364512765683898e-14	1.359754226415688e-09	3.1564996845968916e-14	3.128945340445303e-13	3.2252111381603255e-18	2.3730307969377982e-08
0.051800000000000006	2.5660566766541866e-14	1.3756234947103127e-09	3.181015939902569e-14	3.1532474481837684e-13	3.250261202167696e-18	2.391451164617202e-08
0.052000000000000005	2.5958915332199658e-14	1.3916157305279377e-09	3.205627033855245e-14	3.177643564589724e-13	3.275408171349097e-18	2.4099426648689108e-08
0.0522	2.625956731716281e-14	1.4077314080740478e-09	3.230332966441054e-14	3.2021336896373146e-13	3.300652045702247e-18	2.4285052967217965e-08
0.0524	2.656253157589976e-14	1.4239710015497224e-09	3.255133737646131e-14	3.226717823300688e-13	3.325992825224866e-18	2.4471390592047366e-08
0.0526	2.686781696284193e-14	1.4403349851516411e-09	3.2800293474566087e-14	3.2513959655539863e-13	3.3514305099146714e-18	2.465843951346622e-08
0.0528	2.717543233238368e-14	1.456823833072078e-09	3.305019795858624e-14	3.2761681163713576e-13	3.376965099769383e-18	2.484619972176347e-08
0.053000000000000005	2.7485386538882297e-14	1.4734380194989092e-09	3.3301050828383115e-14	3.3010342757269456e-13	3.402596594786719e-18	2.5034671207228205e-08
0.053200000000000004	2.779768843665802e-14	1.4901780186156024e-09	3.3552852083818046e-14	3.325994443594896e-13	3.4283249949643968e-18	2.522385396014954e-08
0.0534	2.8112346879994055e-14	1.507044304601229e-09	3.380560172475237e-14	3.351048619949353e-13	3.4541503003001365e-18	2.5413747970816728e-08
0.0536	2.842937072313656e-14	1.524037351630455e-09	3.4059299751047434e-14	3.376196804764463e-13	3.480072510791654e-18	2.5604353229519097e-08
0.0538	2.874876882029458e-14	1.5411576338735454e-09	3.4313946162564597e-14	3.4014389980143695e-13	3.506091626436671e-18	2.5795669726546063e-08
0.054	2.907055002564018e-14	1.5584056254963616e-09	3.45695409591652e-14	3.4267751996732213e-13	3.532207647232904e-18	2.598769745218711e-08
0.054200000000000005	2.939472319330836e-14	1.5757818006603656e-09	3.48260841407106e-14	3.45220540971516e-13	3.558420573178074e-18	2.618043639673184e-08
0.054400000000000004	2.9721297177397026e-14	1.5932866335226128e-09	3.5083575707062126e-14	3.477729628114332e-13	3.584730404269897e-18	2.6373886550469922e-08
0.0546	3.005028083196704e-14	1.6109205982357611e-09	3.534201565808112e-14	3.503347854844884e-13	3.611137140506092e-18	2.6568047903691135e-08
0.0548	3.0381683011042247e-14	1.628684168948063e-09	3.560140399362894e-14	3.5290600898809594e-13	3.6376407818843776e-18	2.6762920446685313e-08
0.055	3.071551256860944e-14	1.6465778198033716e-09	3.586174071356693e-14	3.5548663331967047e-13	3.664241328402474e-18	2.6958504169742426e-08
0.055200000000000006	3.1051778358618325e-14	1.664602024941136e-09	3.612302581775642e-14	3.580766584766265e-13	3.690938780058097e-18	2.7154799063152483e-08
0.055400000000000005	3.1390489234981544e-14	1.682757258496404e-09	3.6385259306058775e-14	3.6067608445637843e-13	3.717733136848968e-18	2.7351805117205603e-08
0.055600000000000004	3.1731654051574735e-14	1.7010439945998202e-09	3.664844117833533e-14	3.632849112563409e-13	3.744624398772804e-18	2.7549522322192005e-08
0.0558	3.2075281662236485e-14	1.7194627073776305e-09	3.691257143444743e-14	3.659031388739285e-13	3.771612565827324e-18	2.774795066840198e-08
0.056	3.2421380920768275e-14	1.7380138709516752e-09	3.717765007425642e-14	3.685307673065556e-13	3.798697638010245e-18	2.7947090146125906e-08
0.0562	3.2769960680934576e-14	1.756697959439395e-09	3.744367709762366e-14	3.7116779655163697e-13	3.825879615319289e-18	2.8146940745654262e-08
0.056400000000000006	3.3121029796462816e-14	1.7755154469538283e-09	3.771065250441049e-14	3.738142266065869e-13	3.853158497752173e-18	2.8347502457277612e-08
0.056600000000000004	3.3474597121043354e-14	1.7944668076036104e-09	3.797857629447823e-14	3.764700574688199e-13	3.880534285306613e-18	2.854877527128659e-08
0.0568	3.3830671508329445e-14	1.8135525154929756e-09	3.824744846768826e-14	3.791352891357507e-13	3.908006977980331e-18	2.8750759177971952e-08
0.057	3.418926181193741e-14	1.8327730447217574e-09	3.851726902390192e-14	3.818099216047937e-13	3.935576575771043e-18	2.8953454167624512e-08
0.0572	3.455037688544643e-14	1.8521288693853852e-09	3.878803796298053e-14	3.8449395487336353e-13	3.96324307867647e-18	2.9156860230535186e-08
0.0574	3.491402558239865e-14	1.8716204635748903e-09	3.9059755284785463e-14	3.8718738893887466e-13	3.9910064866943275e-18	2.936097735699499e-08
0.057600000000000005	3.528021675629919e-14	1.8912483013768987e-09	3.933242098917806e-14	3.898902237987417e-13	4.0188667998223385e-18	2.9565805537294994e-08
0.057800000000000004	3.564895926061608e-14	1.911012856873636e-09	3.960603507601965e-14	3.9260245945037907e-13	4.046824018058217e-18	2.9771344761726376e-08
0.058	3.602026194878036e-14	1.930914604142926e-09	3.988059754517159e-14	3.953240958912014e-13	4.074878141399685e-18	2.997759502058042e-08
0.0582	3.639413367418593e-14	1.9509540172581915e-09	4.015610839649523e-14	3.9805513311862295e-13	4.1030291698444586e-18	3.018455630414847e-08
0.0584	3.677058329018972e-14	1.971131570288452e-09	4.0432567629851894e-14	4.007955711300588e-13	4.1312771033902574e-18	3.039222860272196e-08
0.058600000000000006	3.71496196501116e-14	1.9914477372983297e-09	4.070997524510297e-14	4.0354540992292305e-13	4.1596219420348e-18	3.0600611906592455e-08
0.058800000000000005	3.7531251607234335e-14	2.0119029923480377e-09	4.098833124210977e-14	4.0630464949463026e-13	4.188063685775806e-18	3.080970620605154e-08
0.059000000000000004	3.791548801480367e-14	2.032497809493396e-09	4.1267635620733644e-14	4.0907328984259516e-13	4.216602334610991e-18	3.1019511491390946e-08
0.0592	3.830233772602832e-14	2.053232662785815e-09	4.154788838083594e-14	4.118513309642321e-13	4.245237888538076e-18	3.123002775290245e-08
0.0594	3.869180959407995e-14	2.074108026272312e-09	4.1829089522278006e-14	4.1463877285695576e-13	4.273970347554778e-18	3.1441254980877955e-08
0.0596	3.908391247209313e-14	2.095124373995495e-09	4.211123904492119e-14	4.1743561551818054e-13	4.3027997116588175e-18	3.165319316560943e-08
0.059800000000000006	3.947865521316543e-14	2.116282179993577e-09	4.239433694862683e-14	4.202418589453212e-13	4.331725980847913e-18	3.186584229738895e-08
0.060000000000000005	3.987604667035733e-14	2.1375819183003633e-09	4.267838323325628e-14	4.230575031357922e-13	4.3607491551197805e-18	3.207920236650862e-08
0.060200000000000004	4.027609569669229e-14	2.1590240629452636e-09	4.296337789867089e-14	4.2588254808700787e-13	4.389869234472141e-18	3.229327336326073e-08
0.0604	4.067881114515671e-14	2.1806090879532816e-09	4.3249320944731996e-14	4.2871699379638305e-13	4.4190862189027126e-18	3.250805527793757e-08
0.0606	4.1084201868699935e-14	2.2023374673450246e-09	4.353621237130094e-14	4.315608402613319e-13	4.448400108409213e-18	3.2723548100831574e-08
0.0608	4.149227672023428e-14	2.2242096751366933e-09	4.3824052178239075e-14	4.3441408747926944e-13	4.477810902989362e-18	3.293975182223524e-08
0.061000000000000006	4.190304455263499e-14	2.2462261853400923e-09	4.411284036540777e-14	4.372767354476099e-13	4.507318602640877e-18	3.315666643244117e-08
0.061200000000000004	4.2316514218740236e-14	2.2683874719626183e-09	4.440257693266831e-14	4.40148784163768e-13	4.536923207361477e-18	3.3374291921742036e-08
0.0614	4.273269457135121e-14	2.2906940090072744e-09	4.469326187988209e-14	4.4303023362515796e-13	4.5666247171488805e-18	3.359262828043059e-08
0.0616	4.315159446323202e-14	2.313146270472656e-09	4.4984895206910456e-14	4.459210838291947e-13	4.596423132000806e-18	3.38116754987997e-08
0.0618	4.3573222747109676e-14	2.3357447303529623e-09	4.527747691361473e-14	4.488213347732924e-13	4.626318451914973e-18	3.403143356714232e-08
0.062	4.399758827567423e-14	2.3584898626379873e-09	4.5571006999856267e-14	4.5173098645486603e-13	4.656310676889099e-18	3.425190247575148e-08
0.062200000000000005	4.4424699901578635e-14	2.381382141313127e-09	4.586548546549645e-14	4.5465003887132986e-13	4.686399806920903e-18	3.4473082214920304e-08
0.062400000000000004	4.4854566477438794e-14	2.4044220403593742e-09	4.6160912310396555e-14	4.575784920200984e-13	4.716585842008103e-18	3.469497277494198e-08
0.0626	4.528719685583354e-14	2.427610033753322e-09	4.6457287534417974e-14	4.605163458985863e-13	4.746868782148418e-18	3.491757414610983e-08
0.06280000000000001	4.572259988930472e-14	2.4509465954671618e-09	4.6754611137422037e-14	4.634636005042083e-13	4.777248627339567e-18	3.514088631871723e-08
0.063	4.6160784430357065e-14	2.474432199468681e-09	4.7052883119270074e-14	4.664202558343783e-13	4.807725377579267e-18	3.536490928305764e-08
0.0632	4.660175933145835e-14	2.498067319721274e-09	4.73521034798235e-14	4.693863118865118e-13	4.838299032865238e-18	3.5589643029424646e-08
0.0634	4.704553344503913e-14	2.5218524301839246e-09	4.765227221894357e-14	4.723617686580223e-13	4.868969593195198e-18	3.581508754811188e-08
0.0636	4.749211562349315e-14	2.5457880048112236e-09	4.79533893364917e-14	4.753466261463252e-13	4.899737058566868e-18	3.6041242829413116e-08
0.06380000000000001	4.794151471917693e-14	2.569874517553356e-09	4.825545483232922e-14	4.783408843488347e-13	4.930601428977962e-18	3.6268108863622146e-08
0.064	4.839373958440997e-14	2.594112442356106e-09	4.855846870631744e-14	4.813445432629652e-13	4.961562704426201e-18	3.649568564103289e-08
0.06420000000000001	4.884879907147479e-14	2.6185022531608613e-09	4.8862430958317736e-14	4.843576028861317e-13	4.992620884909304e-18	3.672397315193937e-08
0.0644	4.9306702032616755e-14	2.643044423904603e-09	4.916734158819146e-14	4.873800632157482e-13	5.0237759704249895e-18	3.695297138663565e-08
0.0646	4.9767457320044324e-14	2.6677394285199157e-09	4.9473200595799935e-14	4.904119242492297e-13	5.055027960970975e-18	3.718268033541594e-08
0.0648	5.023107378592873e-14	2.69258774093498e-09	4.978000798100453e-14	4.934531859839905e-13	5.08637685654498e-18	3.741309998857449e-08
0.065	5.069756028240436e-14	2.7175898350735807e-09	5.008776374366657e-14	4.965038484174453e-13	5.117822657144722e-18	3.764423033640567e-08
0.06520000000000001	5.1166925661568425e-14	2.742746184855095e-09	5.039646788364744e-14	4.995639115470087e-13	5.149365362767922e-18	3.787607136920393e-08
0.0654	5.163917877548106e-14	2.7680572641945024e-09	5.070612040080842e-14	5.026333753700946e-13	5.181004973412295e-18	3.810862307726377e-08
0.0656	5.211432847616549e-14	2.7935235470023855e-09	5.101672129501093e-14	5.057122398841187e-13	5.212741489075563e-18	3.834188545087984e-08
0.0658	5.2592383615607726e-14	2.819145507184919e-09	5.132827056611625e-14	5.088005050864945e-13	5.244574909755441e-18	3.8575858480346834e-08
0.066	5.307335304575691e-14	2.844923618643884e-09	5.164076821398577e-14	5.118981709746375e-13	5.276505235449651e-18	3.881054215595958e-08
0.06620000000000001	5.355724561852498e-14	2.870858355276656e-09	5.195421423848084e-14	5.150052375459615e-13	5.3085324661559114e-18	3.904593646801294e-08
0.0664	5.4044070185786874e-14	2.8969501909762107e-09	5.226860863946275e-14	5.18121704797881e-13	5.3406566018719366e-18	3.928204140680189e-08
0.0666	5.453383559938057e-14	2.9231995996311265e-09	5.2583951416792934e-14	5.212475727278111e-13	5.3728776425954505e-18	3.9518856962621504e-08
0.0668	5.502655071110688e-14	2.9496070551255767e-09	5.290024257033264e-14	5.24382841333166e-13	5.405195588324166e-18	3.975638312576692e-08
0.067	5.552222437272967e-14	2.976173031339339e-09	5.321748209994331e-14	5.275275106113605e-13	5.437610439055808e-18	3.999461988653339e-08
0.06720000000000001	5.602086543597567e-14	3.002898002147787e-09	5.353567000548622e-14	5.306815805598091e-13	5.4701221947880915e-18	4.023356723521625e-08
0.0674	5.6522482752534564e-14	3.0297824414218904e-09	5.385480628682275e-14	5.338450511759261e-13	5.5027308555187334e-18	4.0473225162110886e-08
0.06760000000000001	5.702708517405914e-14	3.0568268230282288e-09	5.4174890943814235e-14	5.370179224571262e-13	5.535436421245457e-18	4.071359365751284e-08
0.0678	5.753468155216494e-14	3.084031620828972e-09	5.4495923976321996e-14	5.402001944008239e-13	5.568238891965976e-18	4.095467271171768e-08
0.068	5.804528073843061e-14	3.1113973086818935e-09	5.481790538420744e-14	5.433918670044343e-13	5.6011382676780135e-18	4.11964623150211e-08
0.0682	5.855889158439763e-14	3.1389243604403642e-09	5.5140835167331856e-14	5.46592940265371e-13	5.6341345483792824e-18	4.143896245771882e-08
0.0684	5.907552294157054e-14	3.1666132499533593e-09	5.5464713325556655e-14	5.498034141810494e-13	5.667227734067509e-18	4.168217313010679e-08
0.06860000000000001	5.959518366141679e-14	3.1944644510654483e-09	5.5789539858743135e-14	5.530232887488837e-13	5.700417824740406e-18	4.192609432248089e-08
0.0688	6.011788259536671e-14	3.2224784376168016e-09	5.611531476675261e-14	5.562525639662882e-13	5.733704820395691e-18	4.2170726025137165e-08
0.069	6.064362859481375e-14	3.250655683443193e-09	5.6442038049446486e-14	5.59491239830678e-13	5.767088721031087e-18	4.2416068228371745e-08
0.0692	6.117243051111419e-14	3.2789966623759907e-09	5.6769709706686094e-14	5.627393163394675e-13	5.8005695266443094e-18	4.2662120922480826e-08
0.0694	6.17042971955873e-14	3.307501848242167e-09	5.709832973833276e-14	5.65996793490071e-13	5.834147237233079e-18	4.2908884097760744e-08
0.06960000000000001	6.223923749951531e-14	3.336171714864294e-09	5.74278981442479e-14	5.692636712799034e-13	5.8678218527951136e-18	4.315635774450785e-08
0.0698	6.277726027414335e-14	3.365006736060536e-09	5.775841492429274e-14	5.725399497063788e-13	5.9015933733281305e-18	4.3404541853018625e-08
0.07	6.331837437067961e-14	3.3940073856446704e-09	5.808988007832873e-14	5.758256287669123e-13	5.93546179882985e-18	4.365343641358965e-08
0.0702	6.38625886402951e-14	3.4231741374260597e-09	5.842229360621717e-14	5.791207084589181e-13	5.9694271292979885e-18	4.390304141651755e-08
0.0704	6.440991193412397e-14	3.4525074652096823e-09	5.875565550781944e-14	5.824251887798111e-13	6.003489364730268e-18	4.4153356852099104e-08
0.07060000000000001	6.496035310326317e-14	3.482007842796102e-09	5.908996578299683e-14	5.857390697270058e-13	6.037648505124405e-18	4.440438271063111e-08
0.0708	6.55139209987726e-14	3.5116757439814888e-09	5.942522443161074e-14	5.89062351297916e-13	6.0719045504781155e-18	4.465611898241048e-08
0.07100000000000001	6.607062447167526e-14	3.5415116425576155e-09	5.976143145352249e-14	5.923950334899575e-13	6.106257500789124e-18	4.490856565773426e-08
0.0712	6.663047237295692e-14	3.571516012311848e-09	6.009858684859341e-14	5.957371163005437e-13	6.1407073560551426e-18	4.5161722726899484e-08
0.0714	6.719347355356649e-14	3.601689327027161e-09	6.043669061668491e-14	5.990885997270902e-13	6.175254116273896e-18	4.541559018020339e-08
0.0716	6.775963686441565e-14	3.6320320604821193e-09	6.077574275765827e-14	6.024494837670106e-13	6.209897781443096e-18	4.5670168007943196e-08
0.0718	6.832897115637925e-14	3.6625446864508973e-09	6.111574327137489e-14	6.058197684177205e-13	6.244638351560469e-18	4.5925456200416316e-08
0.07200000000000001	6.890148528029491e-14	3.693227678703264e-09	6.145669215769606e-14	6.091994536766337e-13	6.279475826623728e-18	4.6181454747920174e-08
0.0722	6.947718808696324e-14	3.724081511004585e-09	6.179858941648316e-14	6.125885395411649e-13	6.3144102066305915e-18	4.643816364075227e-08
0.0724	7.005608842714791e-14	3.755106657115838e-09	6.214143504759753e-14	6.159870260087288e-13	6.349441491578783e-18	4.669558286921027e-08
0.0726	7.063819515157543e-14	3.7863035907935864e-09	6.248522905090051e-14	6.193949130767397e-13	6.384569681466013e-18	4.695371242359187e-08
0.0728	7.122351711093534e-14	3.817672785790009e-09	6.282997142625349e-14	6.228122007426128e-13	6.4197947762900086e-18	4.721255229419488e-08
0.07300000000000001	7.18120631558801e-14	3.84921471585287e-09	6.31756621735178e-14	6.262388890037622e-13	6.455116776048483e-18	4.747210247131717e-08
0.0732	7.240384213702507e-14	3.8809298547255415e-09	6.352230129255471e-14	6.296749778576023e-13	6.490535680739156e-18	4.773236294525671e-08
0.0734	7.299886290494875e-14	3.912818676146998e-09	6.386988878322564e-14	6.331204673015481e-13	6.526051490359746e-18	4.7993333706311594e-08
0.0736	7.359713431019241e-14	3.944881653851809e-09	6.421842464539193e-14	6.365753573330138e-13	6.5616642049079715e-18	4.825501474477995e-08
0.0738	7.41986652032604e-14	3.977119261570149e-09	6.456790887891491e-14	6.400396479494143e-13	6.597373824381555e-18	4.851740605096003e-08
0.07400000000000001	7.480346443461989e-14	4.009531973027788e-09	6.491834148365598e-14	6.43513339148164e-13	6.63318034877821e-18	4.878050761515017e-08
0.0742	7.541154085470115e-14	4.0421202619461e-09	6.526972245947638e-14	6.469964309266774e-13	6.669083778095655e-18	4.904431942764874e-08
0.07440000000000001	7.602290331389731e-14	4.074884602042061e-09	6.562205180623757e-14	6.504889232823694e-13	6.705084112331613e-18	4.930884147875432e-08
0.0746	7.663756066256448e-14	4.1078254670282384e-09	6.597532952380082e-14	6.53990816212654e-13	6.7411813514837965e-18	4.957407375876543e-08
0.0748	7.725552175102184e-14	4.140943330612815e-09	6.632955561202751e-14	6.575021097149464e-13	6.77737549554993e-18	4.984001625798081e-08
0.075	7.787679542955134e-14	4.174238666499557e-09	6.668473007077897e-14	6.610228037866607e-13	6.813666544527727e-18	5.010666896669921e-08
0.0752	7.850139054839802e-14	4.2077119483878485e-09	6.704085289991656e-14	6.645528984252118e-13	6.850054498414912e-18	5.037403187521948e-08
0.07540000000000001	7.912931595776982e-14	4.241363649972658e-09	6.739792409930164e-14	6.680923936280143e-13	6.886539357209201e-18	5.0642104973840587e-08
0.0756	7.976058050783763e-14	4.275194244944563e-09	6.775594366879552e-14	6.716412893924823e-13	6.923121120908306e-18	5.091088825286152e-08
0.0758	8.039519304873535e-14	4.3092042069897445e-09	6.811491160825959e-14	6.751995857160309e-13	6.959799789509955e-18	5.118038170258146e-08
0.076	8.103316243055975e-14	4.3433940097899765e-09	6.847482791755512e-14	6.787672825960744e-13	6.996575363011862e-18	5.145058531329957e-08
0.0762	8.167449750337073e-14	4.37776412702264e-09	6.883569259654358e-14	6.823443800300274e-13	7.033447841411747e-18	5.1721499075315206e-08
0.07640000000000001	8.231920711719096e-14	4.412315032360712e-09	6.919750564508622e-14	6.859308780153049e-13	7.070417224707329e-18	5.19931229789277e-08
0.0766	8.29673001220061e-14	4.447047199472772e-09	6.956026706304442e-14	6.895267765493206e-13	7.107483512896322e-18	5.2265457014436534e-08
0.07680000000000001	8.361878536776492e-14	4.4819611020230026e-09	6.992397685027952e-14	6.931320756294901e-13	7.14464670597645e-18	5.2538501172141316e-08
0.077	8.427367170437896e-14	4.517057213671181e-09	7.028863500665284e-14	6.96746775253227e-13	7.181906803945428e-18	5.281225544234164e-08
0.0772	8.493196798172281e-14	4.552336008072696e-09	7.065424153202579e-14	7.003708754179467e-13	7.219263806800979e-18	5.308671981533731e-08
0.07740000000000001	8.559368304963406e-14	4.587797958878524e-09	7.102079642625968e-14	7.040043761210633e-13	7.25671771454082e-18	5.336189428142812e-08
0.0776	8.625882575791307e-14	4.623443539735247e-09	7.138829968921584e-14	7.076472773599913e-13	7.294268527162663e-18	5.3637778830913966e-08
0.07780000000000001	8.692740495632344e-14	4.659273224285056e-09	7.175675132075567e-14	7.112995791321459e-13	7.331916244664238e-18	5.391437345409489e-08
0.078	8.75994294945915e-14	4.695287486165732e-09	7.212615132074043e-14	7.149612814349409e-13	7.369660867043251e-18	5.4191678141270944e-08
0.0782	8.827490822240671e-14	4.731486799010663e-09	7.249649968903157e-14	7.186323842657914e-13	7.407502394297432e-18	5.446969288274237e-08
0.0784	8.895384998942126e-14	4.767871636448834e-09	7.286779642549036e-14	7.223128876221118e-13	7.445440826424492e-18	5.4748417668809386e-08
0.0786	8.963626364525058e-14	4.804442472104836e-09	7.324004152997819e-14	7.260027915013168e-13	7.483476163422152e-18	5.5027852489772384e-08
0.07880000000000001	9.032215803947286e-14	4.841199779598856e-09	7.36132350023564e-14	7.29702095900821e-13	7.521608405288135e-18	5.530799733593181e-08
0.079	9.101154202162922e-14	4.878144032546683e-09	7.398737684248628e-14	7.334108008180386e-13	7.559837552020149e-18	5.558885219758815e-08
0.0792	9.1704424441224e-14	4.915275704559711e-09	7.436246705022929e-14	7.371289062503847e-13	7.598163603615923e-18	5.5870417065042086e-08
0.0794	9.24008141477242e-14	4.952595269244928e-09	7.473850562544666e-14	7.408564121952734e-13	7.636586560073167e-18	5.615269192859428e-08
0.0796	9.310071999056e-14	4.990103200204935e-09	7.511549256799984e-14	7.445933186501199e-13	7.67510642138961e-18	5.643567677854559e-08
0.07980000000000001	9.380415081912439e-14	5.027799971037918e-09	7.549342787775009e-14	7.483396256123384e-13	7.713723187562962e-18	5.671937160519687e-08
0.08	9.451111548277336e-14	5.0656860553376746e-09	7.58723115545588e-14	7.520953330793434e-13	7.752436858590941e-18	5.7003776398849074e-08
0.08020000000000001	9.522162283082592e-14	5.103761926693603e-09	7.625214359828731e-14	7.558604410485496e-13	7.791247434471275e-18	5.7288891149803315e-08
0.0804	9.59356817125639e-14	5.142028058690699e-09	7.663292400879696e-14	7.596349495173717e-13	7.83015491520167e-18	5.7574715848360694e-08
0.0806	9.665330097723237e-14	5.180484924909565e-09	7.701465278594914e-14	7.634188584832241e-13	7.869159300779855e-18	5.78612504848225e-08
0.08080000000000001	9.737448947403905e-14	5.219132998926399e-09	7.739732992960517e-14	7.672121679435215e-13	7.908260591203542e-18	5.814849504949004e-08
0.081	9.809925605215474e-14	5.257972754313e-09	7.778095543962632e-14	7.710148778956784e-13	7.947458786470453e-18	5.843644953266471e-08
0.08120000000000001	9.88276095607133e-14	5.297004664636775e-09	7.816552931587406e-14	7.748269883371096e-13	7.986753886578304e-18	5.8725113924648056e-08
0.0814	9.955955884881134e-14	5.336229203460725e-09	7.855105155820969e-14	7.786484992652293e-13	8.026145891524818e-18	5.901448821574163e-08
0.0816	1.0029511276550866e-13	5.375646844343458e-09	7.893752216649452e-14	7.824794106774528e-13	8.065634801307708e-18	5.930457239624715e-08
0.0818	1.010342801598278e-13	5.4152580608391774e-09	7.932494114058997e-14	7.863197225711936e-13	8.105220615924695e-18	5.9595366456466376e-08
0.082	1.0177706988075447e-13	5.455063326497696e-09	7.97133084803573e-14	7.901694349438675e-13	8.144903335373499e-18	5.988687038670116e-08
0.08220000000000001	1.0252349077723723e-13	5.495063114864423e-09	8.010262418565795e-14	7.940285477928884e-13	8.18468295965184e-18	6.017908417725346e-08
0.0824	1.0327355169818754e-13	5.5352578994803626e-09	8.049288825635318e-14	7.978970611156707e-13	8.224559488757428e-18	6.047200781842527e-08
0.0826	1.0402726149247998e-13	5.575648153882134e-09	8.088410069230442e-14	8.017749749096297e-13	8.264532922687992e-18	6.076564130051876e-08
0.0828	1.0478462900895193e-13	5.616234351601946e-09	8.127626149337293e-14	8.056622891721791e-13	8.304603261441243e-18	6.105998461383611e-08
0.083	1.0554566309640388e-13	5.657016966167621e-09	8.166937065942011e-14	8.095590039007343e-13	8.344770505014906e-18	6.135503774867966e-08
0.08320000000000001	1.0631037260359918e-13	5.69799647110257e-09	8.206342819030735e-14	8.134651190927095e-13	8.385034653406696e-18	6.165080069535177e-08
0.0834	1.0707876637926407e-13	5.739173339925812e-09	8.24584340858959e-14	8.173806347455194e-13	8.425395706614328e-18	6.194727344415488e-08
0.08360000000000001	1.0785085327208804e-13	5.780548046151971e-09	8.285438834604718e-14	8.213055508565786e-13	8.465853664635529e-18	6.224445598539163e-08
0.0838	1.0862664213072322e-13	5.822121063291264e-09	8.325129097062247e-14	8.252398674233013e-13	8.506408527468008e-18	6.25423483093646e-08
0.084	1.094061418037849e-13	5.86389286484952e-09	8.364914195948323e-14	8.291835844431029e-13	8.547060295109493e-18	6.28409504063766e-08
0.08420000000000001	1.1018936113985125e-13	5.905863924328161e-09	8.404794131249068e-14	8.331367019133976e-13	8.587808967557696e-18	6.31402622667304e-08
0.0844	1.1097630898746337e-13	5.9480347152242096e-09	8.444768902950625e-14	8.370992198315997e-13	8.628654544810335e-18	6.344028388072894e-08
0.08460000000000001	1.1176699419512542e-13	5.990405711030304e-09	8.484838511039126e-14	8.410711381951242e-13	8.669597026865138e-18	6.374101523867523e-08
0.0848	1.1256142561130441e-13	6.032977385234664e-09	8.525002955500702e-14	8.450524570013853e-13	8.71063641371981e-18	6.404245633087234e-08
0.085	1.133596120844305e-13	6.075750211321128e-09	8.565262236321498e-14	8.490431762477981e-13	8.75177270537208e-18	6.434460714762348e-08
0.0852	1.1416156246289659e-13	6.118724662769127e-09	8.605616353487637e-14	8.530432959317769e-13	8.793005901819661e-18	6.46474676792319e-08
0.0854	1.149672855950587e-13	6.161901213053701e-09	8.646065306985264e-14	8.570528160507361e-13	8.834336003060275e-18	6.495103791600098e-08
0.08560000000000001	1.157767903292357e-13	6.205280335645485e-09	8.68660909680051e-14	8.61071736602091e-13	8.875763009091639e-18	6.525531784823416e-08
0.0858	1.1659008551370947e-13	6.2488625040107095e-09	8.727247722919503e-14	8.651000575832554e-13	8.91728691991147e-18	6.556030746623493e-08
0.08600000000000001	1.1740717999672493e-13	6.292648191611234e-09	8.767981185328387e-14	8.691377789916445e-13	8.958907735517489e-18	6.586600676030699e-08
0.0862	1.1822808262648978e-13	6.336637871904485e-09	8.808809484013292e-14	8.731849008246722e-13	9.000625455907412e-18	6.617241572075397e-08
0.0864	1.190528022511749e-13	6.380832018343518e-09	8.849732618960354e-14	8.77241423079754e-13	9.042440081078962e-18	6.647953433787974e-08
0.08660000000000001	1.19881347718914e-13	6.425231104376973e-09	8.89075059015571e-14	8.813073457543042e-13	9.084351611029856e-18	6.678736260198817e-08
0.0868	1.2071372787780374e-13	6.469835603449102e-09	8.93186339758549e-14	8.853826688457367e-13	9.126360045757805e-18	6.709590050338319e-08
0.08700000000000001	1.2154995157590384e-13	6.514645988999761e-09	8.973071041235834e-14	8.894673923514673e-13	9.168465385260541e-18	6.74051480323689e-08
0.0872	1.2239002766123681e-13	6.559662734464395e-09	9.01437352109287e-14	8.935615162689093e-13	9.21066762953577e-18	6.771510517924943e-08
0.0874	1.2323396498178843e-13	6.6048863132740605e-09	9.05577083714274e-14	8.976650405954784e-13	9.25296677858122e-18	6.802577193432906e-08
0.0876	1.2408177238550708e-13	6.650317198855418e-09	9.097262989371573e-14	9.017779653285883e-13	9.295362832394602e-18	6.833714828791206e-08
0.0878	1.2493345872030445e-13	6.695955864630731e-09	9.138849977765508e-14	9.059002904656548e-13	9.337855790973642e-18	6.864923423030291e-08
0.08800000000000001	1.257890328340549e-13	6.741802784017856e-09	9.180531802310681e-14	9.100320160040914e-13	9.380445654316055e-18	6.896202975180608e-08
0.0882	1.2664850357459585e-13	6.787858430430247e-09	9.222308462993216e-14	9.141731419413132e-13	9.423132422419557e-18	6.927553484272616e-08
0.0884	1.2751187978972777e-13	6.83412327727699e-09	9.264179959799265e-14	9.183236682747346e-13	9.46591609528187e-18	6.958974949336785e-08
0.0886	1.2837917032721396e-13	6.880597797962738e-09	9.306146292714944e-14	9.224835950017704e-13	9.508796672900708e-18	6.990467369403588e-08
0.0888	1.292503840347809e-13	6.927282465887769e-09	9.348207461726405e-14	9.266529221198348e-13	9.551774155273798e-18	7.022030743503517e-08
0.08900000000000001	1.3012552976011783e-13	6.9741777544479525e-09	9.390363466819772e-14	9.30831649626343e-13	9.594848542398854e-18	7.053665070667062e-08
0.0892	1.3100461635087695e-13	7.021284137034761e-09	9.432614307981183e-14	9.350197775187093e-13	9.638019834273588e-18	7.085370349924726e-08
0.08940000000000001	1.318876526546736e-13	7.068602087035281e-09	9.474959985196771e-14	9.392173057943485e-13	9.68128803089573e-18	7.117146580307023e-08
0.0896	1.3277464751908583e-13	7.116132077832182e-09	9.517400498452672e-14	9.434242344506745e-13	9.724653132262991e-18	7.148993760844471e-08
0.0898	1.3366560979165494e-13	7.1638745828037516e-09	9.559935847735025e-14	9.47640563485103e-13	9.768115138373095e-18	7.180911890567608e-08
0.09000000000000001	1.34560548319885e-13	7.2118300753238755e-09	9.60256603302996e-14	9.51866292895048e-13	9.811674049223754e-18	7.212900968506964e-08
0.0902	1.35459471951243e-13	7.259999028762033e-09	9.64529105432361e-14	9.56101422677924e-13	9.855329864812692e-18	7.244960993693088e-08
0.09040000000000001	1.363623895331592e-13	7.308381916483327e-09	9.688110911602115e-14	9.60345952831146e-13	9.899082585137624e-18	7.27709196515654e-08
0.0906	1.3726930991302642e-13	7.356979211848429e-09	9.731025604851604e-14	9.64599883352128e-13	9.942932210196271e-18	7.30929388192788e-08
0.0908	1.3818024193820083e-13	7.405791388213657e-09	9.774035134058217e-14	9.688632142382853e-13	9.98687873998635e-18	7.34156674303769e-08
0.091	1.3909519445600124e-13	7.454818918930892e-09	9.817139499208085e-14	9.731359454870321e-13	1.0030922174505581e-17	7.373910547516543e-08
0.0912	1.4001417631370962e-13	7.50406227734764e-09	9.860338700287348e-14	9.774180770957834e-13	1.0075062513751682e-17	7.40632529439504e-08
0.09140000000000001	1.4093719635857086e-13	7.553521936806999e-09	9.903632737282138e-14	9.817096090619535e-13	1.0119299757722373e-17	7.438810982703772e-08
0.0916	1.4186426343779267e-13	7.603198370647674e-09	9.947021610178584e-14	9.860105413829567e-13	1.0163633906415367e-17	7.471367611473353e-08
0.0918	1.4279538639854608e-13	7.653092052203981e-09	9.99050531896283e-14	9.903208740562084e-13	1.0208064959828393e-17	7.503995179734402e-08
0.092	1.437305740879647e-13	7.703203454805816e-09	1.0034083863621004e-13	9.946406070791226e-13	1.0252592917959155e-17	7.536693686517542e-08
0.0922	1.4466983535314543e-13	7.753533051778702e-09	1.0077757244139247e-13	9.989697404491143e-13	1.0297217780805388e-17	7.569463130853414e-08
0.09240000000000001	1.4561317904114786e-13	7.804081316443753e-09	1.0121525460503688e-13	1.0033082741635981e-12	1.0341939548364799e-17	7.60230351177266e-08
0.0926	1.465606139989946e-13	7.854848722117683e-09	1.0165388512700463e-13	1.0076562082199882e-12	1.0386758220635106e-17	7.635214828305929e-08
0.09280000000000001	1.4751214907367149e-13	7.905835742112816e-09	1.0209346400715712e-13	1.0120135426156994e-12	1.0431673797614037e-17	7.668197079483892e-08
0.093	1.4846779311212688e-13	7.957042849737068e-09	1.0253399124535561e-13	1.0163802773481462e-12	1.0476686279299302e-17	7.70125026433721e-08
0.0932	1.4942755496127263e-13	8.008470518293982e-09	1.0297546684146153e-13	1.0207564124147438e-12	1.0521795665688624e-17	7.73437438189657e-08
0.09340000000000001	1.5039144346798316e-13	8.060119221082677e-09	1.0341789079533618e-13	1.0251419478129065e-12	1.056700195677972e-17	7.767569431192662e-08
0.0936	1.5135946747909585e-13	8.111989431397884e-09	1.0386126310684093e-13	1.0295368835400482e-12	1.0612305152570307e-17	7.800835411256173e-08
0.09380000000000001	1.5233163584141134e-13	8.164081622529937e-09	1.0430558377583711e-13	1.0339412195935847e-12	1.065770525305811e-17	7.834172321117819e-08
0.094	1.533079574016929e-13	8.216396267764778e-09	1.0475085280218607e-13	1.0383549559709299e-12	1.0703202258240836e-17	7.867580159808311e-08
0.0942	1.5428844100666714e-13	8.26893384038395e-09	1.051970701857492e-13	1.0427780926694986e-12	1.0748796168116217e-17	7.901058926358376e-08
0.0944	1.5527309550302326e-13	8.32169481366459e-09	1.0564423592638777e-13	1.0472106296867055e-12	1.0794486982681959e-17	7.934608619798741e-08
0.0946	1.5626192973741383e-13	8.37467966087945e-09	1.0609235002396322e-13	1.0516525670199652e-12	1.084027470193579e-17	7.968229239160154e-08
0.09480000000000001	1.572549525564539e-13	8.427888855296885e-09	1.0654141247833681e-13	1.056103904666692e-12	1.0886159325875426e-17	8.001920783473363e-08
0.095	1.5825217280672182e-13	8.481322870180834e-09	1.0699142328936993e-13	1.0605646426243008e-12	1.0932140854498582e-17	8.035683251769121e-08
0.0952	1.5925359933475896e-13	8.534982178790862e-09	1.0744238245692393e-13	1.0650347808902066e-12	1.0978219287802983e-17	8.069516643078205e-08
0.0954	1.6025924098706921e-13	8.588867254382128e-09	1.0789428998086017e-13	1.0695143194618233e-12	1.102439462578634e-17	8.103420956431385e-08
0.0956	1.612691066101202e-13	8.642978570205396e-09	1.0834714586103998e-13	1.074003258336566e-12	1.1070666868446377e-17	8.137396190859452e-08
0.09580000000000001	1.622832050503417e-13	8.69731659950703e-09	1.0880095009732472e-13	1.0785015975118492e-12	1.1117036015780812e-17	8.171442345393198e-08
0.096	1.6330154515412698e-13	8.75188181552899e-09	1.0925570268957571e-13	1.0830093369850872e-12	1.1163502067787358e-17	8.205559419063428e-08
0.09620000000000001	1.643241357678322e-13	8.806674691508858e-09	1.0971140363765432e-13	1.0875264767536953e-12	1.1210065024463745e-17	8.239747410900949e-08
0.0964	1.6535098573777606e-13	8.861695700679804e-09	1.101680529414219e-13	1.0920530168150875e-12	1.1256724885807678e-17	8.274006319936584e-08
0.0966	1.6638210391024103e-13	8.916945316270613e-09	1.106256506007398e-13	1.096588957166679e-12	1.1303481651816887e-17	8.308336145201166e-08
0.09680000000000001	1.6741749913147182e-13	8.972424011505658e-09	1.1108419661546941e-13	1.1011342978058839e-12	1.1350335322489085e-17	8.34273688572553e-08
0.097	1.6845718024767637e-13	9.028132259604927e-09	1.1154369098547194e-13	1.105689038730117e-12	1.139728589782199e-17	8.377208540540524e-08
0.09720000000000001	1.6950115610502586e-13	9.084070533784015e-09	1.1200413371060892e-13	1.1102531799367933e-12	1.1444333377813323e-17	8.411751108677003e-08
0.0974	1.705494355496538e-13	9.140239307254099e-09	1.1246552479074148e-13	1.1148267214233265e-12	1.1491477762460801e-17	8.446364589165834e-08
0.0976	1.7160202742765726e-13	9.196639053221984e-09	1.1292786422573118e-13	1.1194096631871326e-12	1.1538719051762145e-17	8.481048981037891e-08
0.0978	1.7265894058509602e-13	9.253270244890066e-09	1.1339115201543929e-13	1.1240020052256245e-12	1.1586057245715066e-17	8.515804283324052e-08
0.098	1.737201838679929e-13	9.310133355456352e-09	1.1385538815972712e-13	1.1286037475362185e-12	1.1633492344317295e-17	8.550630495055215e-08
0.09820000000000001	1.747857661223338e-13	9.367228858114445e-09	1.1432057265845612e-13	1.1332148901163284e-12	1.168102434756654e-17	8.58552761526228e-08
0.0984	1.7585569619406714e-13	9.424557226053542e-09	1.1478670551148748e-13	1.1378354329633688e-12	1.1728653255460523e-17	8.620495642976147e-08
0.09860000000000001	1.7692998292910475e-13	9.482118932458466e-09	1.152537867186827e-13	1.1424653760747546e-12	1.1776379067996964e-17	8.655534577227744e-08
0.0988	1.7800863517332136e-13	9.539914450509627e-09	1.15721816279903e-13	1.1471047194478998e-12	1.1824201785173578e-17	8.690644417047992e-08
0.099	1.7909166177255468e-13	9.597944253383057e-09	1.1619079419500988e-13	1.1517534630802203e-12	1.1872121406988091e-17	8.725825161467828e-08
0.09920000000000001	1.8017907157260512e-13	9.656208814250362e-09	1.1666072046386458e-13	1.1564116069691296e-12	1.1920137933438217e-17	8.761076809518199e-08
0.0994	1.812708734192363e-13	9.71470860627878e-09	1.1713159508632847e-13	1.1610791511120426e-12	1.196825136452167e-17	8.796399360230049e-08
0.09960000000000001	1.8236707615817485e-13	9.773444102631138e-09	1.1760341806226286e-13	1.1657560955063743e-12	1.2016461700236176e-17	8.831792812634351e-08
0.0998	1.834676886351102e-13	9.832415776465865e-09	1.180761893915291e-13	1.1704424401495385e-12	1.2064768940579446e-17	8.867257165762068e-08
0.1	1.84572719695695e-13	9.891624100937002e-09	1.1854990907398869e-13	1.1751381850389506e-12	1.2113173085549206e-17	8.902792418644185e-08
0.10020000000000001	1.8568217818554452e-13	9.951069549194196e-09	1.1902457710950281e-13	1.1798433301720258e-12	1.216167413514317e-17	8.938398570311689e-08
