0.0	0.0	0.0	0.0	0.0	0.0	0.0
0.0002	8.442014190840483e-22	4.5271206116306903e-17	2.709778102280319e-19	2.686153012070285e-18	2.768736118984956e-23	2.0395447974247905e-13
0.0004	6.753604290075972e-21	3.6216880911775023e-16	1.0839111880899436e-18	1.0744611063290011e-17	1.1074944389027527e-22	8.158142107150761e-13
0.0006000000000000001	2.279339064276844e-20	1.2223168964111003e-15	2.4388000543524652e-18	2.4175372676172698e-17	2.4918624679759266e-22	1.835573630573456e-12
0.0008	5.4028721319242404e-20	2.8973370359854592e-15	4.335644329782334e-18	4.2978436373232106e-17	4.429977686081173e-22	3.2632271770238505e-12
0.001	1.0552473597392255e-19	5.658848276426868e-15	6.774443935146296e-18	6.71538006769823e-17	6.921840080181648e-22	5.0987692878230565e-12
0.0012000000000000001	1.8234655307363267e-19	9.778467146932914e-15	9.755198791211103e-18	9.670146410993765e-17	9.967449637240508e-22	7.34219440077844e-12
0.0014	2.8955926989765084e-19	1.5527807657327322e-14	1.3277908818743513e-17	1.3162142519461262e-16	1.3566806344220909e-21	9.99349695374793e-12
0.0016	4.322279625377654e-19	2.317848129807458e-14	1.7342573938510307e-17	1.7191368245352223e-16	1.7719910188086003e-21	1.305267138464002e-11
0.0018000000000000002	6.154176858983299e-19	3.300209704029455e-14	2.1949194071278245e-17	2.1757823440918154e-16	2.242676115579896e-21	1.6519712131413774e-11
0.002	8.441934736963178e-19	4.5270261335777e-14	2.7097769137814122e-17	2.686150795841059e-16	2.7687359234322918e-21	2.0394613632078802e-11
0.0022	1.1236203384613794e-18	6.025457811699636e-14	3.278829905888473e-17	3.250242165008111e-16	3.3501704410621047e-21	2.467737032469531e-11
0.0024000000000000002	1.458763271535897e-18	7.822664879712612e-14	3.902078375525685e-17	3.868056436818132e-16	3.986979667165651e-21	2.936797664737403e-11
0.0026000000000000003	1.8546872430750388e-18	9.945807227005368e-14	4.579522314769731e-17	4.53959359649628e-16	4.679163600439244e-21	3.446642703827631e-11
0.0028	2.316457202046813e-18	1.2422044491039463e-13	5.311161715697291e-17	5.264853629267723e-16	5.426722239579202e-21	3.9972715935613976e-11
0.003	2.849138076232131e-18	1.5278536057350784e-13	6.096996570385051e-17	6.043836520357629e-16	6.229655583281839e-21	4.5886837777649515e-11
0.0032	3.4577947722248526e-18	1.854244105955094e-13	6.937026870909688e-17	6.876542254991167e-16	7.087963630243471e-21	5.22087870026959e-11
0.0034000000000000002	4.14749217543185e-18	2.22409183793288e-13	7.83125260934789e-17	7.76297081839351e-16	8.001646379160418e-21	5.893855804911672e-11
0.0036000000000000003	4.923295150073052e-18	2.6401126646451883e-13	8.779673777776341e-17	8.703122195789837e-16	8.970703828728991e-21	6.607614535532608e-11
0.0038	5.790268539181514e-18	3.1050224238767844e-13	9.782290368271723e-17	9.69699637240532e-16	9.995135977645502e-21	7.362154335978866e-11
0.004	6.753477164603462e-18	3.621536928220598e-13	1.0839102372910729e-16	1.0744593333465146e-15	1.107494282460628e-20	8.157474650101971e-11
0.004200000000000001	7.817985826998359e-18	4.1923719650778627e-13	1.195010978377004e-16	1.1845913064194502e-15	1.2210124368307631e-20	8.993574921758509e-11
0.0044	8.988859305838934e-18	4.820243296658258e-13	1.3115312592926348e-16	1.3000955549818558e-15	1.340068060744587e-20	9.870454594810109e-11
0.0046	1.027116235941128e-17	5.507866659980073e-13	1.4334710792456334e-16	1.4209720775562522e-15	1.464661154071731e-20	1.0788113113123469e-10
0.0048000000000000004	1.1669959724814883e-17	6.257957766870336e-13	1.5608304374436695e-16	1.547220872665158e-15	1.5947917166818286e-20	1.174654992057033e-10
0.005	1.319031611796266e-17	7.073232303964962e-13	1.6936093330944116e-16	1.6788419388310919e-15	1.7304597484445093e-20	1.2745764461027504e-10
0.005200000000000001	1.4837296233581063e-17	7.956405932708908e-13	1.8318077654055294e-16	1.8158352745765746e-15	1.8716652492294057e-20	1.3785756178376856e-10
0.0054	1.6615964745210067e-17	8.910194289356309e-13	1.9754257335846909e-16	1.9582008784241257e-15	2.0184082189061495e-20	1.4866524516505283e-10
0.0056	1.8531386305203318e-17	9.937312984970627e-13	2.1244632368395662e-16	2.105938748896265e-15	2.1706886573443717e-20	1.5988068919304775e-10
0.0058000000000000005	2.0588625544728103e-17	1.1040477605424814e-12	2.2789202743778256e-16	2.2590488845155153e-15	2.3285065644137038e-20	1.7150388830672358e-10
0.006	2.279274707376542e-17	1.2222403711401413e-12	2.4387968454071363e-16	2.417531283804394e-15	2.4918619399837783e-20	1.83534836945101e-10
0.006200000000000001	2.5148815481110098e-17	1.348580683839276e-12	2.6040929491351694e-16	2.5813859452854255e-15	2.6607547839242267e-20	1.9597352954725156e-10
0.0064	2.7661895334370756e-17	1.4833402496701094e-12	2.7748085847695933e-16	2.750612867481128e-15	2.835185096104679e-20	2.088199605522971e-10
0.0066	3.0337051179969956e-17	1.626790617143871e-12	2.9509437515180783e-16	2.9252120489140254e-15	3.0151528763947686e-20	2.2207412439941017e-10
0.0068000000000000005	3.317934754314418e-17	1.7792033322528125e-12	3.1324984485882944e-16	3.105183488106639e-15	3.2006581246641275e-20	2.3573601552781385e-10
0.007	3.619384892794389e-17	1.9408499384702167e-12	3.31947267518791e-16	3.290527183581491e-15	3.391700840782384e-20	2.4980562837678167e-10
0.007200000000000001	3.938561981723368e-17	2.1120019767504214e-12	3.511866430524597e-16	3.481243133861104e-15	3.5882810246191756e-20	2.642829573856379e-10
0.0074	4.275972467269219e-17	2.292930985528823e-12	3.7096797138060234e-16	3.677331337468e-15	3.790398676044128e-20	2.7916799699375714e-10
0.0076	4.632122793481229e-17	2.4839085007219013e-12	3.9129125242398597e-16	3.878791792924703e-15	3.998053794926875e-20	2.9446074164056475e-10
0.0078000000000000005	5.007519402290103e-17	2.6852060557272283e-12	4.1215648610337784e-16	4.085624498753735e-15	4.211246381137051e-20	3.101611857655365e-10
0.008	5.402668733507975e-17	2.897095181423482e-12	4.3356367233954453e-16	4.297829453477621e-15	4.429976434544283e-20	3.2626932380819874e-10
0.0082	5.818077224828417e-17	3.1198474061704673e-12	4.555128110532534e-16	4.5154066556188846e-15	4.654243955018205e-20	3.4278515020812864e-10
0.008400000000000001	6.254251311826434e-17	3.3537342558091223e-12	4.780039021652713e-16	4.73835610370005e-15	4.884048942428449e-20	3.5970865940495327e-10
0.0086	6.711697427958477e-17	3.5990272536615355e-12	5.010369455963653e-16	4.966677796243638e-15	5.1193913966446453e-20	3.77039845838351e-10
0.0088	7.190922004562457e-17	3.855997920530971e-12	5.246119412673027e-16	5.200371731772178e-15	5.360271317536427e-20	3.9477870394805025e-10
0.009000000000000001	7.692431470857728e-17	4.124917774701865e-12	5.487288890988501e-16	5.439437908808195e-15	5.606688704973424e-20	4.129252281738302e-10
0.0092	8.216732253945111e-17	4.406058331939849e-12	5.7338778901177495e-16	5.683876325874208e-15	5.858643558825267e-20	4.3147941295552057e-10
0.0094	8.764330778806898e-17	4.699691105491776e-12	5.985886409268441e-16	5.933686981492748e-15	6.116135878961594e-20	4.504412527330015e-10
0.009600000000000001	9.335733468306843e-17	5.006087606085708e-12	6.243314447648247e-16	6.188869874186342e-15	6.379165665252031e-20	4.698107419462039e-10
0.0098	9.931446743190187e-17	5.32551934193096e-12	6.506162004464837e-16	6.44942500247751e-15	6.64773291756621e-20	4.895878750351091e-10
0.01	1.0551977022083656e-16	5.6582578187180945e-12	6.7744290789258855e-16	6.7153523648887826e-15	6.921837635773763e-20	5.097726464397489e-10
0.0102	1.1197830721495456e-16	6.00457453961894e-12	7.048115670239061e-16	6.9866519599426866e-15	7.201479819744324e-20	5.303650506002056e-10
0.010400000000000001	1.1869514255815298e-16	6.364741005286619e-12	7.327221777612034e-16	7.263323786161745e-15	7.486659469347522e-20	5.513650819566128e-10
0.0106	1.256753403731437e-16	6.739028713855539e-12	7.611747400252473e-16	7.545367842068487e-15	7.777376584452989e-20	5.727727349491532e-10
0.0108	1.3292396476145413e-16	7.12770916094143e-12	7.901692537368059e-16	7.832784126185443e-15	8.07363116493036e-20	5.945880040180613e-10
0.011000000000000001	1.4044607980342635e-16	7.531053839641345e-12	8.197057188166457e-16	8.125572637035138e-15	8.375423210649262e-20	6.16810883603622e-10
0.0112	1.4824674955821771e-16	7.94933424053367e-12	8.497841351855332e-16	8.423733373140096e-15	8.682752721479326e-20	6.394413681461697e-10
0.0114	1.5633103806380096e-16	8.38282185167817e-12	8.804045027642367e-16	8.727266333022851e-15	8.995619697290186e-20	6.62479452086091e-10
0.011600000000000001	1.6470400933696395e-16	8.831788158615963e-12	9.115668214735229e-16	9.036171515205933e-15	9.314024137951476e-20	6.859251298638216e-10
0.0118	1.7337072737330976e-16	9.29650464436955e-12	9.432710912341585e-16	9.35044891821186e-15	9.637966043332824e-20	7.09778395919848e-10
0.012	1.8233625614725733e-16	9.777242789442846e-12	9.755173119669115e-16	9.67009854056317e-15	9.967445413303866e-20	7.340392446947087e-10
0.0122	1.9160565961204059e-16	1.0274274071821167e-11	1.0083054835925481e-15	9.995120380782394e-15	1.0302462247734231e-19	7.587076706289904e-10
0.012400000000000001	2.0118400169970906e-16	1.0787869966971275e-11	1.0416356060318369e-15	1.0325514437392056e-14	1.064301654649355e-19	7.837836681633324e-10
0.0126	2.110763463211278e-16	1.1318301947841359e-11	1.0755076792055437e-15	1.0661280708914685e-14	1.0989108309451448e-19	8.09267231738423e-10
0.0128	2.2128775736597783e-16	1.1865841484861068e-11	1.1099217030344363e-15	1.1002419193872814e-14	1.1340737536477573e-19	8.351583557950023e-10
0.013000000000000001	2.3182329870275535e-16	1.2430760045941545e-11	1.1448776774392816e-15	1.1348929890788973e-14	1.1697904227441547e-19	8.614570347738603e-10
0.0132	2.426880341787726e-16	1.3013329096475385e-11	1.1803756023408472e-15	1.1700812798185691e-14	1.2060608382212996e-19	8.881632631158371e-10
0.0134	2.538870276201574e-16	1.3613820099336726e-11	1.2164154776599003e-15	1.2058067914585502e-14	1.2428850000661563e-19	9.152770352618243e-10
0.013600000000000001	2.6542534283185353e-16	1.4232504514881194e-11	1.2529973033172082e-15	1.2420695238510934e-14	1.2802629082656875e-19	9.427983456527636e-10
0.013800000000000002	2.773080435976206e-16	1.4869653800945952e-11	1.2901210792335378e-15	1.2788694768484522e-14	1.318194562806856e-19	9.707271887296476e-10
0.014	2.895401936800341e-16	1.5525539412849705e-11	1.3277868053296561e-15	1.3162066503028792e-14	1.356679963676625e-19	9.990635589335179e-10
0.0142	3.0212685682048573e-16	1.620043280339275e-11	1.365994481526331e-15	1.3540810440666284e-14	1.3957191108619588e-19	1.0278074507054688e-09
0.014400000000000001	3.150730967391833e-16	1.6894605422856912e-11	1.4047441077443302e-15	1.392492657991952e-14	1.4353120043498196e-19	1.0569588584866442e-09
0.0146	3.283839771351501e-16	1.760832871900563e-11	1.444035683904419e-15	1.4314414919311045e-14	1.47545864412717e-19	1.0865177767182382e-09
0.0148	3.4206456168622647e-16	1.8341874137083968e-11	1.4838692099273671e-15	1.4709275457363374e-14	1.5161590301809745e-19	1.1164841998414956e-09
0.015000000000000001	3.5611991404906833e-16	1.9095513119818574e-11	1.5242446857339402e-15	1.510950819259906e-14	1.5574131624981954e-19	1.1468581222977127e-09
0.0152	3.7055509785914815e-16	1.9869517107417733e-11	1.565162111244906e-15	1.551511312354062e-14	1.599221041065796e-19	1.177639538528234e-09
0.0154	3.8537517673075466e-16	2.0664157537571405e-11	1.606621486381032e-15	1.5926090248710604e-14	1.6415826658707396e-19	1.2088284429744577e-09
0.015600000000000001	4.005852142569929e-16	2.1479705845451198e-11	1.6486228110630858e-15	1.6342439566631524e-14	1.68449803689999e-19	1.24042483007783e-09
0.0158	4.161902740097846e-16	2.2316433463710387e-11	1.6911660852118335e-15	1.6764161075825936e-14	1.7279671541405093e-19	1.272428694279849e-09
0.016	4.321954195398674e-16	2.3174611822483944e-11	1.7342513087480437e-15	1.7191254774816356e-14	1.771990017579261e-19	1.3048400300220619e-09
0.0162	4.486057143767962e-16	2.4054512349388558e-11	1.777878481592483e-15	1.762372066212533e-14	1.8165666272032081e-19	1.3376588317460685e-09
0.0164	4.654262220289427e-16	2.4956406469522657e-11	1.822047603665919e-15	1.8061558736275397e-14	1.8616969829993146e-19	1.3708850938935181e-09
0.0166	4.82662005983494e-16	2.5880565605466338e-11	1.8667586748891183e-15	1.8504768995789085e-14	1.9073810849545428e-19	1.4045188109061095e-09
0.016800000000000002	5.003181297064553e-16	2.6827261177281538e-11	1.9120116951828502e-15	1.895335143918893e-14	1.953618933055857e-19	1.438559977225594e-09
0.017	5.183996566426474e-16	2.779676460251187e-11	1.95780666446788e-15	1.940730606499746e-14	2.0004105272902186e-19	1.4730085872937723e-09
0.0172	5.369116502157089e-16	2.8789347296182784e-11	2.0041435826649765e-15	1.986663287173722e-14	2.0477558676445917e-19	1.5078646355524949e-09
0.017400000000000002	5.558591738280953e-16	2.9805280670801543e-11	2.0510224496949068e-15	2.0331331857930752e-14	2.0956549541059399e-19	1.5431281164436647e-09
0.0176	5.752472908610776e-16	3.084483613635714e-11	2.0984432654784375e-15	2.080140302210058e-14	2.1441077866612258e-19	1.5787990244092337e-09
0.0178	5.950810646747457e-16	3.190828510032045e-11	2.1464060299363354e-15	2.1276846362769244e-14	2.1931143652974125e-19	1.6148773538912045e-09
0.018000000000000002	6.153655586080053e-16	3.2995898967644204e-11	2.1949107429893705e-15	2.1757661878459296e-14	2.242674690001464e-19	1.6513630993316322e-09
0.0182	6.361058359785799e-16	3.410794914076292e-11	2.243957404558308e-15	2.2243849567693252e-14	2.292788760760343e-19	1.6882562551726199e-09
0.0184	6.573069600830093e-16	3.524470701959302e-11	2.2935460145639164e-15	2.2735409428993654e-14	2.343456577561011e-19	1.7255568158563217e-09
0.018600000000000002	6.78973994196652e-16	3.640644400153286e-11	2.3436765729269628e-15	2.323234146088305e-14	2.394678140390435e-19	1.7632647758249433e-09
0.0188	7.011120015736817e-16	3.7593431481462556e-11	2.394349079568214e-15	2.3734645661883967e-14	2.446453449235574e-19	1.8013801295207396e-09
0.019	7.237260454470911e-16	3.880594085174427e-11	2.445563534408437e-15	2.4242322030518953e-14	2.498782504083394e-19	1.839902871386018e-09
0.019200000000000002	7.468211890286904e-16	4.004424350222205e-11	2.4973199373684024e-15	2.4755370565310552e-14	2.5516653049208577e-19	1.878832995863135e-09
0.0194	7.704024955091056e-16	4.130861082022184e-11	2.5496182883688744e-15	2.5273791264781275e-14	2.605101851734927e-19	1.9181704973944977e-09
0.0196	7.944750280577817e-16	4.259931419055158e-11	2.6024585873306213e-15	2.5797584127453685e-14	2.6590921445125666e-19	1.957915370422563e-09
0.0198	8.190438498229807e-16	4.391662499550119e-11	2.6558408341744117e-15	2.6326749151850324e-14	2.713636183240739e-19	1.9980676093898408e-09
0.02	8.441140239317822e-16	4.526081461484254e-11	2.709765028821012e-15	2.686128633649372e-14	2.7687339679064065e-19	2.038627208738888e-09
0.020200000000000003	8.696906134900836e-16	4.663215442582952e-11	2.76423117119119e-15	2.7401195679906414e-14	2.8243854984965337e-19	2.079594162912316e-09
0.0204	8.957786815825997e-16	4.8030915803197996e-11	2.8192392612057117e-15	2.794647718061096e-14	2.880590774998084e-19	2.1209684663527832e-09
0.0206	9.223832912728632e-16	4.945737011916594e-11	2.874789298785347e-15	2.8497130837129875e-14	2.937349797398018e-19	2.1627501135030016e-09
0.020800000000000003	9.495095056032258e-16	5.091178874343331e-11	2.930881283850863e-15	2.905315664798572e-14	2.9946625656833023e-19	2.2049390988057304e-09
0.021	9.771623875948543e-16	5.23944430431821e-11	2.987515216323026e-15	2.961455461170103e-14	3.0525290798408975e-19	2.247535416703782e-09
0.0212	1.0053470002477359e-15	5.390560438307645e-11	3.0446910961226035e-15	3.018132472679834e-14	3.110949339857768e-19	2.2905390616400177e-09
0.021400000000000002	1.034068406540676e-15	5.5445544125262525e-11	3.1024089231703654e-15	3.0753466991800203e-14	3.169923345720877e-19	2.3339500280573516e-09
0.0216	1.0633316694312953e-15	5.701453362936858e-11	3.1606686973870757e-15	3.133098140522915e-14	3.2294510974171876e-19	2.377768310398745e-09
0.0218	1.0931418518560356e-15	5.861284425250503e-11	3.2194704186935045e-15	3.191386796560772e-14	3.2895325949336615e-19	2.4219939031072136e-09
0.022000000000000002	1.1235040167301562e-15	6.024074734926448e-11	3.2788140870104197e-15	3.250212667145849e-14	3.350167838257265e-19	2.46662680062582e-09
0.0222	1.154423226947732e-15	6.189851427172147e-11	3.3386997022585865e-15	3.3095757521303955e-14	3.411356827374958e-19	2.5116669973976784e-09
0.0224	1.1859045453816603e-15	6.358641636943292e-11	3.399127264358773e-15	3.369476051366668e-14	3.4730995622737053e-19	2.5571144878659543e-09
0.022600000000000002	1.217953034883654e-15	6.530472498943786e-11	3.4600967732317503e-15	3.4299135647069217e-14	3.535396042940469e-19	2.602969266473865e-09
0.0228	1.2505737582842445e-15	6.705371147625739e-11	3.5216082287982804e-15	3.490888292003409e-14	3.598246269362214e-19	2.649231327664676e-09
0.023	1.2837717783927823e-15	6.883364717189498e-11	3.583661630979134e-15	3.552400233108386e-14	3.6616502415259018e-19	2.695900665881702e-09
0.023200000000000002	1.3175521579974374e-15	7.064480341583627e-11	3.646256979695081e-15	3.6144493878741076e-14	3.7256079594184986e-19	2.742977275568313e-09
0.0234	1.3519199598651958e-15	7.248745154504904e-11	3.709394274866884e-15	3.677035756152826e-14	3.790119423026964e-19	2.7904611511679243e-09
0.0236	1.3868802467418634e-15	7.436186289398341e-11	3.773073516415314e-15	3.740159337796796e-14	3.855184632338262e-19	2.8383522871240062e-09
0.0238	1.4224380813520674e-15	7.626830879457175e-11	3.8372947042611375e-15	3.803820132658274e-14	3.9208035873393587e-19	2.886650677880078e-09
0.024	1.4585985263992473e-15	7.820706057622873e-11	3.902057838325123e-15	3.8680181405895124e-14	3.9869762880172124e-19	2.9353563178797076e-09
0.024200000000000003	1.4953666445656683e-15	8.017838956585118e-11	3.967362918528037e-15	3.932753361442768e-14	4.0537027343587907e-19	2.9844692015665154e-09
0.0244	1.5327474985124102e-15	8.21825670878184e-11	4.033209944790645e-15	3.9980257950702935e-14	4.120982926351054e-19	3.033989323384171e-09
0.0246	1.5707461508793733e-15	8.421986446399197e-11	4.0995989170337205e-15	4.063835441324343e-14	4.1888168639809654e-19	3.0839166777763958e-09
0.024800000000000003	1.6093676642852758e-15	8.629055301371566e-11	4.166529835178028e-15	4.1301823000571746e-14	4.2572045472354904e-19	3.1342512591869624e-09
0.025	1.648617101327656e-15	8.839490405381578e-11	4.234002699144334e-15	4.1970663711210377e-14	4.32614597610159e-19	3.1849930620596915e-09
0.0252	1.6884995245828695e-15	9.053318889860097e-11	4.302017508853407e-15	4.264487654368193e-14	4.395641150566226e-19	3.2361420808384556e-09
0.025400000000000002	1.7290199966060956e-15	9.270567885986211e-11	4.370574264226016e-15	4.33244614965089e-14	4.465690070616369e-19	3.28769830996718e-09
0.0256	1.7701835799313246e-15	9.49126452468726e-11	4.439672965182926e-15	4.400941856821385e-14	4.536292736238973e-19	3.3396617438898333e-09
0.0258	1.8119953370713743e-15	9.715435936638824e-11	4.5093136116449076e-15	4.469974775731934e-14	4.607449147421006e-19	3.392032377050444e-09
0.026000000000000002	1.8544603305178774e-15	9.943109252264727e-11	4.579496203532727e-15	4.5395449062347924e-14	4.679159304149432e-19	3.444810203893086e-09
0.0262	1.8975836227412866e-15	1.017431160173702e-10	4.650220740767152e-15	4.6096522481822125e-14	4.751423206411209e-19	3.497995218861882e-09
0.0264	1.941370276190874e-15	1.0409070114976018e-10	4.72148722326895e-15	4.6802968014264494e-14	4.824240854193307e-19	3.5515874164010106e-09
0.026600000000000002	1.985825353294732e-15	1.0647411921650284e-10	4.793295650958893e-15	4.7514785658197614e-14	4.897612247482686e-19	3.6055867909546973e-09
0.0268	2.030953916459771e-15	1.0889364151176606e-10	4.865646023757739e-15	4.823197541214398e-14	4.971537386266306e-19	3.6599933369672158e-09
0.027	2.0767610280717207e-15	1.1134953932720046e-10	4.938538341586265e-15	4.895453727462619e-14	5.046016270531135e-19	3.7148070488828965e-09
0.027200000000000002	2.1232517504951353e-15	1.1384208395193912e-10	5.011972604365236e-15	4.968247124416675e-14	5.121048900264136e-19	3.770027921146117e-09
0.0274	2.1704311460733792e-15	1.1637154667259747e-10	5.085948812015418e-15	5.0415777319288256e-14	5.196635275452268e-19	3.8256559482013025e-09
0.027600000000000003	2.2183042771286487e-15	1.1893819877327373e-10	5.160466964457581e-15	5.115445549851324e-14	5.272775396082498e-19	3.881691124492937e-09
0.027800000000000002	2.2668762059619462e-15	1.2154231153554847e-10	5.235527061612492e-15	5.189850578036424e-14	5.349469262141786e-19	3.938133444465543e-09
0.028	2.3161519948531062e-15	1.2418415623848493e-10	5.311129103400917e-15	5.2647928163363806e-14	5.426716873617098e-19	3.994982902563705e-09
0.028200000000000003	2.366136706060776e-15	1.26864004158629e-10	5.387273089743626e-15	5.340272264603452e-14	5.504518230495399e-19	4.052239493232052e-09
0.0284	2.416835401822424e-15	1.2958212657000898e-10	5.4639590205613865e-15	5.416288922689889e-14	5.582873332763647e-19	4.1099032109152634e-09
0.0286	2.468253144354341e-15	1.3233879474413583e-10	5.541186895774967e-15	5.492842790447948e-14	5.661782180408808e-19	4.167974050058073e-09
0.028800000000000003	2.5203949958516355e-15	1.351342799500034e-10	5.6189567153051345e-15	5.569933867729887e-14	5.741244773417847e-19	4.226452005105262e-09
0.029	2.573266018488236e-15	1.3796885345408774e-10	5.697268479072655e-15	5.6475621543879604e-14	5.821261111777723e-19	4.2853370705016615e-09
0.0292	2.6268712744168908e-15	1.4084278652034794e-10	5.776122186998297e-15	5.725727650274421e-14	5.901831195475402e-19	4.344629240692154e-09
0.029400000000000003	2.6812158257691735e-15	1.4375635041022557e-10	5.855517839002833e-15	5.804430355241522e-14	5.982955024497846e-19	4.4043285101216746e-09
0.0296	2.7363047346554688e-15	1.4670981638264486e-10	5.9354554350070245e-15	5.883670269141525e-14	6.064632598832019e-19	4.4644348732352056e-09
0.0298	2.792143063164991e-15	1.4970345569401285e-10	6.015934974931643e-15	5.963447391826681e-14	6.146863918464882e-19	4.524948324477783e-09
0.030000000000000002	2.8487358733657687e-15	1.527375395982193e-10	6.096956458697454e-15	6.04376172314925e-14	6.229648983383402e-19	4.585868858294491e-09
0.0302	2.9060882273046534e-15	1.5581233934663651e-10	6.178519886225227e-15	6.124613262961481e-14	6.312987793574539e-19	4.647196469130463e-09
0.0304	2.9642051870073167e-15	1.5892812618811972e-10	6.2606252574357305e-15	6.206002011115632e-14	6.396880349025257e-19	4.7089311514308865e-09
0.030600000000000002	3.0230918144782502e-15	1.6208517136900697e-10	6.3432725722497325e-15	6.287927967463959e-14	6.481326649722522e-19	4.771072899641e-09
0.0308	3.0827531717007664e-15	1.6528374613311877e-10	6.426461830587998e-15	6.370391131858719e-14	6.566326695653292e-19	4.833621708206086e-09
0.031	3.1431943206369974e-15	1.6852412172175874e-10	6.510193032371297e-15	6.453391504152162e-14	6.651880486804535e-19	4.896577571571485e-09
0.031200000000000002	3.204420323227901e-15	1.718065693737132e-10	6.594466177520401e-15	6.536929084196549e-14	6.737988023163213e-19	4.959940484182584e-09
0.031400000000000004	3.2664362413932484e-15	1.751313603252512e-10	6.679281265956071e-15	6.621003871844137e-14	6.824649304716287e-19	5.023710440484823e-09
0.0316	3.329247137031636e-15	1.7849876581012462e-10	6.764638297599078e-15	6.705615866947175e-14	6.91186433145072e-19	5.0878874349236865e-09
0.0318	3.3928580720204775e-15	1.819090570595683e-10	6.85053727237019e-15	6.790765069357921e-14	6.999633103353479e-19	5.152471461944719e-09
0.032	3.4572741082160162e-15	1.8536250530229991e-10	6.936978190190176e-15	6.876451478928631e-14	7.087955620411522e-19	5.217462515993506e-09
0.0322	3.522500307453306e-15	1.8885938176452e-10	7.023961050979801e-15	6.962675095511562e-14	7.176831882611816e-19	5.282860591515693e-09
0.0324	3.588541731546227e-15	1.923999576699119e-10	7.111485854659838e-15	7.04943591895897e-14	7.266261889941324e-19	5.3486656829569665e-09
0.032600000000000004	3.6554034422874824e-15	1.9598450423964215e-10	7.199552601151051e-15	7.13673394912311e-14	7.35624564238701e-19	5.4148777847630725e-09
0.0328	3.7230905014485894e-15	1.9961329269235964e-10	7.288161290374207e-15	7.224569185856235e-14	7.446783139935832e-19	5.481496891379799e-09
0.033	3.7916079707798936e-15	2.032865942441967e-10	7.377311922250073e-15	7.312941629010605e-14	7.53787438257476e-19	5.548522997252986e-09
0.0332	3.860960912010557e-15	2.0700468010876843e-10	7.467004496699425e-15	7.40185127843847e-14	7.629519370290751e-19	5.615956096828533e-09
0.0334	3.931154386848567e-15	2.107678214971729e-10	7.557239013643024e-15	7.491298133992091e-14	7.721718103070773e-19	5.68379618455238e-09
0.033600000000000005	4.0021934569807325e-15	2.1457628961799136e-10	7.648015473001643e-15	7.581282195523726e-14	7.81447058090179e-19	5.752043254870524e-09
0.033800000000000004	4.074083184072674e-15	2.184303556772875e-10	7.739333874696044e-15	7.671803462885624e-14	7.90777680377076e-19	5.820697302229005e-09
0.034	4.146828629768848e-15	2.2233029087860855e-10	7.831194218646996e-15	7.762861935930042e-14	8.001636771664649e-19	5.8897583210739225e-09
0.0342	4.220434855692524e-15	2.2627636642298457e-10	7.92359650477527e-15	7.854457614509239e-14	8.096050484570418e-19	5.959226305851416e-09
0.0344	4.2949069234457925e-15	2.3026885350892864e-10	8.016540733001634e-15	7.94659049847547e-14	8.191017942475034e-19	6.029101251007687e-09
0.0346	4.370249894609572e-15	2.343080233324369e-10	8.110026903246855e-15	8.03926058768099e-14	8.286539145365456e-19	6.099383150988977e-09
0.034800000000000005	4.4464688307435985e-15	2.3839414708698883e-10	8.204055015431703e-15	8.132467881978058e-14	8.382614093228653e-19	6.170072000241592e-09
0.035	4.523568793386426e-15	2.4252749596354635e-10	8.29862506947694e-15	8.226212381218927e-14	8.479242786051582e-19	6.24116779321187e-09
0.0352	4.601554844055433e-15	2.4670834115055495e-10	8.39373706530334e-15	8.320494085255852e-14	8.576425223821211e-19	6.312670524346212e-09
0.0354	4.680432044246826e-15	2.5093695383394323e-10	8.489391002831666e-15	8.415312993941092e-14	8.674161406524497e-19	6.3845801880910674e-09
0.0356	4.760205455435627e-15	2.5521360519712275e-10	8.58558688198269e-15	8.510669107126901e-14	8.772451334148413e-19	6.456896778892934e-09
0.0358	4.8408801390756805e-15	2.595385664209883e-10	8.682324702677183e-15	8.606562424665536e-14	8.871295006679912e-19	6.529620291198363e-09
0.036000000000000004	4.9224611565996566e-15	2.639121086839179e-10	8.77960446483591e-15	8.702992946409259e-14	8.970692424105967e-19	6.602750719453957e-09
0.0362	5.004953569419042e-15	2.683345031617724e-10	8.877426168379634e-15	8.799960672210315e-14	9.070643586413533e-19	6.67628805810636e-09
0.0364	5.08836243892415e-15	2.728060210278961e-10	8.975789813229132e-15	8.897465601920967e-14	9.171148493589576e-19	6.750232301602279e-09
0.0366	5.172692826484111e-15	2.773269334531165e-10	9.074695399305165e-15	8.995507735393466e-14	9.272207145621054e-19	6.824583444388458e-09
0.0368	5.257949793446886e-15	2.8189751160574425e-10	9.174142926528506e-15	9.094087072480075e-14	9.37381954249494e-19	6.899341480911707e-09
0.037000000000000005	5.344138401139255e-15	2.8651802665157347e-10	9.274132394819921e-15	9.193203613033049e-14	9.475985684198196e-19	6.974506405618875e-09
0.037200000000000004	5.431263710866813e-15	2.9118874975388106e-10	9.374663804100177e-15	9.29285735690464e-14	9.578705570717778e-19	7.050078212956864e-09
0.0374	5.519330783913983e-15	2.959099520734272e-10	9.475737154290043e-15	9.393048303947107e-14	9.681979202040651e-19	7.1260568973726266e-09
0.0376	5.608344681544016e-15	3.0068190476845586e-10	9.577352445310289e-15	9.493776454012706e-14	9.785806578153783e-19	7.20244245331317e-09
0.0378	5.6983104649989784e-15	3.055048789946939e-10	9.679509677081676e-15	9.595041806953694e-14	9.890187699044134e-19	7.279234875225549e-09
0.038	5.789233195499758e-15	3.103791459053515e-10	9.782208849524981e-15	9.696844362622328e-14	9.995122564698667e-19	7.356434157556866e-09
0.038200000000000005	5.881117934246076e-15	3.1530497665112227e-10	9.885449962560972e-15	9.799184120870866e-14	1.0100611175104352e-18	7.4340402947542805e-09
0.038400000000000004	5.97396974241646e-15	3.2028264238018303e-10	9.989233016110415e-15	9.90206108155156e-14	1.0206653530248137e-18	7.512053281264991e-09
0.0386	6.067793681168275e-15	3.2531241423819415e-10	1.0093558010094073e-14	1.0005475244516667e-13	1.0313249630117e-18	7.590473111536262e-09
0.0388	6.162594811637697e-15	3.303945633682988e-10	1.0198424944432721e-14	1.0109426609618445e-13	1.0420399474697893e-18	7.669299780015394e-09
0.039	6.258378194939737e-15	3.355293609111243e-10	1.0303833819047126e-14	1.0213915176709151e-13	1.052810306397779e-18	7.748533281149749e-09
0.0392	6.35514889216822e-15	3.407170780047808e-10	1.0409784633858051e-14	1.0318940945641041e-13	1.0636360397943644e-18	7.828173609386733e-09
0.039400000000000004	6.452911964395799e-15	3.4595798578486224e-10	1.0516277388786275e-14	1.0424503916266374e-13	1.074517147658243e-18	7.908220759173806e-09
0.0396	6.551672472673939e-15	3.512523553844454e-10	1.0623312083752554e-14	1.0530604088437404e-13	1.0854536299881099e-18	7.988674724958474e-09
0.0398	6.651435478032947e-15	3.566004579340912e-10	1.0730888718677664e-14	1.0637241462006386e-13	1.0964454867826617e-18	8.069535501188298e-09
0.04	6.7522060414819376e-15	3.620025645618434e-10	1.0839007293482368e-14	1.074441603682558e-13	1.107492718040595e-18	8.150803082310886e-09
0.0402	6.8539892240088516e-15	3.6745894639322945e-10	1.0947667808087439e-14	1.085212781274724e-13	1.1185953237606064e-18	8.232477462773903e-09
0.040400000000000005	6.9567900865804654e-15	3.729698745512607e-10	1.1056870262413647e-14	1.0960376789623626e-13	1.1297533039413916e-18	8.31455863702506e-09
0.040600000000000004	7.06061369014236e-15	3.78535620156431e-10	1.1166614656381751e-14	1.1069162967306993e-13	1.1409666585816474e-18	8.397046599512111e-09
0.0408	7.165465095618948e-15	3.8415645432671864e-10	1.127690098991253e-14	1.11784863456496e-13	1.15223538768007e-18	8.479941344682872e-09
0.041	7.271349363913465e-15	3.89832648177585e-10	1.1387729262926743e-14	1.1288346924503698e-13	1.1635594912353554e-18	8.563242866985212e-09
0.0412	7.37827155590798e-15	3.9556447282197514e-10	1.1499099475345163e-14	1.1398744703721547e-13	1.1749389692462004e-18	8.646951160867032e-09
0.0414	7.486236732463367e-15	4.0135219937031744e-10	1.161101162708856e-14	1.1509679683155406e-13	1.1863738217113008e-18	8.731066220776304e-09
0.041600000000000005	7.595249954419341e-15	4.071960989305241e-10	1.1723465718077701e-14	1.162115186265753e-13	1.1978640486293539e-18	8.815588041161039e-09
0.041800000000000004	7.70531628259442e-15	4.130964426079907e-10	1.1836461748233353e-14	1.1733161242080179e-13	1.209409649999055e-18	8.9005166164693e-09
0.042	7.816440777785972e-15	4.1905350150559646e-10	1.1949999717476286e-14	1.1845707821275603e-13	1.2210106258191002e-18	8.985851941149202e-09
0.0422	7.928628500770168e-15	4.250675467237043e-10	1.2064079625727265e-14	1.1958791600096064e-13	1.232666976088187e-18	9.071594009648911e-09
0.0424	8.041884512302008e-15	4.311388493601608e-10	1.2178701472907058e-14	1.2072412578393816e-13	1.2443787008050108e-18	9.157742816416644e-09
0.0426	8.156213873115324e-15	4.3726768051029567e-10	1.2293865258936439e-14	1.2186570756021124e-13	1.2561457999682682e-18	9.244298355900666e-09
0.042800000000000005	8.271621643922768e-15	4.434543112669235e-10	1.2409570983736179e-14	1.2301266132830237e-13	1.267968273576656e-18	9.331260622549297e-09
0.043000000000000003	8.388112885415801e-15	4.496990127203407e-10	1.2525818647227034e-14	1.2416498708673415e-13	1.2798461216288699e-18	9.418629610810899e-09
0.0432	8.505692658264728e-15	4.5600205595832904e-10	1.264260824932978e-14	1.253226848340291e-13	1.2917793441236061e-18	9.50640531513389e-09
0.0434	8.624366023118672e-15	4.623637120661528e-10	1.2759939789965185e-14	1.2648575456870984e-13	1.303767941059561e-18	9.594587729966747e-09
0.0436	8.744138040605576e-15	4.68784252126561e-10	1.2877813269054016e-14	1.2765419628929894e-13	1.3158119124354314e-18	9.683176849757976e-09
0.0438	8.865013771332215e-15	4.752639472197855e-10	1.2996228686517042e-14	1.28828009994319e-13	1.3279112582499131e-18	9.772172668956155e-09
0.044000000000000004	8.986998275884184e-15	4.818030684235428e-10	1.311518604227504e-14	1.300071956822926e-13	1.3400659785017033e-18	9.861575182009903e-09
0.0442	9.110096614825891e-15	4.884018868130316e-10	1.323468533624876e-14	1.3119175335174222e-13	1.352276073189497e-18	9.951384383367884e-09
0.0444	9.234313848700584e-15	4.950606734609362e-10	1.3354726568358982e-14	1.323816830011905e-13	1.3645415423119913e-18	1.0041600267478823e-08
0.0446	9.359655038030339e-15	5.017796994374234e-10	1.3475309738526476e-14	1.3357698462916e-13	1.3768623858678825e-18	1.0132222828791488e-08
0.0448	9.486125243316036e-15	5.085592358101447e-10	1.3596434846672001e-14	1.3477765823417326e-13	1.3892386038558668e-18	1.0223252061754708e-08
0.045000000000000005	9.613729525037404e-15	5.153995536442346e-10	1.3718101892716343e-14	1.3598370381475297e-13	1.4016701962746405e-18	1.0314687960817351e-08
0.045200000000000004	9.742472943652968e-15	5.223009240023119e-10	1.3840310876580253e-14	1.3719512136942157e-13	1.4141571631229e-18	1.0406530520428336e-08
0.0454	9.872360559600105e-15	5.292636179444786e-10	1.39630617981845e-14	1.3841191089670166e-13	1.4266995043993416e-18	1.049877973503664e-08
0.0456	1.0003397433295003e-14	5.362879065283217e-10	1.4086354657449865e-14	1.3963407239511587e-13	1.4392972201026614e-18	1.0591435599091288e-08
0.0458	1.0135588625132672e-14	5.433740608089111e-10	1.4210189454297106e-14	1.4086160586318672e-13	1.4519503102315563e-18	1.0684498107041348e-08
0.046	1.0268939195486962e-14	5.505223518388014e-10	1.4334566188646997e-14	1.4209451129943684e-13	1.4646587747847217e-18	1.0777967253335948e-08
0.046200000000000005	1.0403454204710534e-14	5.577330506680302e-10	1.445948486042031e-14	1.433327887023888e-13	1.4774226137608553e-18	1.0871843032424267e-08
0.046400000000000004	1.0539138713134874e-14	5.650064283441194e-10	1.4584945469537804e-14	1.4457643807056513e-13	1.4902418271586523e-18	1.0966125438755522e-08
0.0466	1.0675997781070294e-14	5.723427559120744e-10	1.471094801592025e-14	1.458254594024884e-13	1.503116414976809e-18	1.1060814466778993e-08
0.0468	1.0814036468805945e-14	5.79742304414386e-10	1.4837492499488417e-14	1.4707985269668123e-13	1.5160463772140222e-18	1.1155910110944007e-08
0.047	1.0953259836609779e-14	5.87205344891027e-10	1.496457892016308e-14	1.4833961795166616e-13	1.5290317138689878e-18	1.1251412365699942e-08
0.0472	1.109367294472859e-14	5.947321483794559e-10	1.5092207277864997e-14	1.496047551659658e-13	1.5420724249404028e-18	1.1347321225496223e-08
0.047400000000000005	1.1235280853388005e-14	6.023229859146139e-10	1.522037757251494e-14	1.5087526433810273e-13	1.5551685104269633e-18	1.1443636684782335e-08
0.0476	1.1378088622792452e-14	6.099781285289263e-10	1.5349089804033684e-14	1.521511454665995e-13	1.5683199703273651e-18	1.1540358738007792e-08
0.0478	1.152210131312519e-14	6.176978472523038e-10	1.547834397234199e-14	1.5343239854997867e-13	1.5815268046403047e-18	1.1637487379622184e-08
0.048	1.1667323984548324e-14	6.254824131121394e-10	1.5608140077360632e-14	1.5471902358676285e-13	1.5947890133644785e-18	1.173502260407514e-08
0.0482	1.1813761697202761e-14	6.333320971333108e-10	1.5738478119010374e-14	1.5601102057547464e-13	1.6081065964985832e-18	1.1832964405816331e-08
0.048400000000000006	1.1961419511208256e-14	6.412471703381805e-10	1.5869358097211994e-14	1.5730838951463662e-13	1.6214795540413148e-18	1.19313127792955e-08
0.048600000000000004	1.2110302486663368e-14	6.49227903746594e-10	1.6000780011886247e-14	1.5861113040277133e-13	1.6349078859913695e-18	1.2030067718962415e-08
0.0488	1.226041568364548e-14	6.572745683758807e-10	1.6132743862953897e-14	1.599192432384013e-13	1.6483915923474435e-18	1.2129229219266915e-08
0.049	1.2411764162210823e-14	6.653874352408557e-10	1.6265249650335734e-14	1.6123272802004918e-13	1.6619306731082334e-18	1.2228797274658878e-08
0.0492	1.2564352982394442e-14	6.735667753538167e-10	1.639829737395252e-14	1.6255158474623754e-13	1.6755251282724357e-18	1.2328771879588239e-08
0.0494	1.2718187204210196e-14	6.818128597245455e-10	1.6531887033725013e-14	1.6387581341548897e-13	1.689174957838746e-18	1.2429153028504979e-08
0.049600000000000005	1.2873271887650798e-14	6.901259593603097e-10	1.6666018629573995e-14	1.6520541402632608e-13	1.702880161805862e-18	1.2529940715859135e-08
0.049800000000000004	1.3029612092687753e-14	6.985063452658593e-10	1.6800692161420224e-14	1.6654038657727135e-13	1.7166407401724786e-18	1.2631134936100785e-08
0.05	1.3187212879271421e-14	7.069542884434287e-10	1.693590762918447e-14	1.6788073106684738e-13	1.7304566929372926e-18	1.273273568368006e-08
0.0502	1.3346079307330965e-14	7.154700598927377e-10	1.7071665032787505e-14	1.6922644749357686e-13	1.7443280200989997e-18	1.2834742953047153e-08
0.0504	1.3506216436774387e-14	7.240539306109891e-10	1.72079643721501e-14	1.705775358559823e-13	1.7582547216562973e-18	1.2937156738652296e-08
0.0506	1.3667629327488523e-14	7.3270617159287e-10	1.7344805647193018e-14	1.7193399615258621e-13	1.772236797607882e-18	1.3039977034945774e-08
0.050800000000000005	1.3830323039339021e-14	7.414270538305528e-10	1.7482188857837024e-14	1.7329582838191134e-13	1.78627424795245e-18	1.3143203836377927e-08
0.051000000000000004	1.3994302632170343e-14	7.502168483136928e-10	1.7620114004002898e-14	1.7466303254248015e-13	1.800367072688696e-18	1.3246837137399129e-08
0.0512	1.4159573165805807e-14	7.590758260294298e-10	1.7758581085611406e-14	1.7603560863281516e-13	1.814515271815317e-18	1.3350876932459825e-08
0.0514	1.432613970004755e-14	7.680042579623893e-10	1.7897590102583308e-14	1.7741355665143915e-13	1.8287188453310103e-18	1.3455323216010505e-08
0.0516	1.4494007294676512e-14	7.77002415094679e-10	1.8037141054839384e-14	1.7879687659687446e-13	1.842977793234472e-18	1.3560175982501704e-08
0.051800000000000006	1.4663181009452493e-14	7.86070568405893e-10	1.8177233942300398e-14	1.8018556846764392e-13	1.857292115524398e-18	1.3665435226384013e-08
0.052000000000000005	1.4833665904114087e-14	7.952089888731072e-10	1.8317868764887116e-14	1.8157963226226996e-13	1.871661812199484e-18	1.3771100942108063e-08
0.0522	1.5005467038378745e-14	8.044179474708845e-10	1.845904552252031e-14	1.829790679792751e-13	1.8860868832584273e-18	1.387717312412455e-08
0.0524	1.5178589471942716e-14	8.1369771517127e-10	1.8600764215120746e-14	1.843838756171822e-13	1.9005673286999235e-18	1.398365176688421e-08
0.0526	1.53530382644811e-14	8.230485629437949e-10	1.8743024842609194e-14	1.8579405517451352e-13	1.9151031485226694e-18	1.4090536864837839e-08
0.0528	1.5528818475647816e-14	8.324707617554731e-10	1.8885827404906424e-14	1.8720960664979187e-13	1.929694342725362e-18	1.4197828412436267e-08
0.053000000000000005	1.5705935165075597e-14	8.419645825708052e-10	1.902917190193321e-14	1.8863053004153977e-13	1.944340911306697e-18	1.4305526404130403e-08
0.053200000000000004	1.5884393392376008e-14	8.515302963517728e-10	1.9173058333610312e-14	1.9005682534827978e-13	1.95904285426537e-18	1.4413630834371167e-08
0.0534	1.6064198217139456e-14	8.611681740578452e-10	1.93174866998585e-14	1.9148849256853445e-13	1.973800171600078e-18	1.452214169760956e-08
0.0536	1.6245354698935174e-14	8.708784866459743e-10	1.9462457000598533e-14	1.9292553170082642e-13	1.9886128633095167e-18	1.4631058988296626e-08
0.0538	1.6427867897311185e-14	8.806615050705974e-10	1.96079692357512e-14	1.9436794274367827e-13	2.003480929392383e-18	1.4740382700883462e-08
0.054	1.661174287179439e-14	8.905175002836352e-10	1.9754023405237256e-14	1.9581572569561262e-13	2.018404369847374e-18	1.4850112829821205e-08
0.054200000000000005	1.6796984681890488e-14	9.004467432344947e-10	1.9900619508977488e-14	1.9726888055515202e-13	2.033383184673185e-18	1.496024936956105e-08
0.054400000000000004	1.698359838708401e-14	9.104495048700646e-10	2.0047757546892644e-14	1.9872740732081895e-13	2.0484173738685127e-18	1.507079231455424e-08
0.0546	1.717158904683831e-14	9.205260561347207e-10	2.0195437518903502e-14	2.0019130599113622e-13	2.0635069374320526e-18	1.518174165925208e-08
0.0548	1.736096172059557e-14	9.306766679703217e-10	2.034365942493082e-14	2.0166057656462624e-13	2.0786518753625018e-18	1.5293097398105893e-08
0.055	1.755172146777682e-14	9.409016113162123e-10	2.049242326489539e-14	2.0313521903981167e-13	2.0938521876585566e-18	1.5404859525567102e-08
0.055200000000000006	1.7743873347781897e-14	9.512011571092205e-10	2.0641729038717955e-14	2.0461523341521512e-13	2.109107874318913e-18	1.5517028036087136e-08
0.055400000000000005	1.793742241998945e-14	9.615755762836593e-10	2.07915767463193e-14	2.061006196893591e-13	2.1244189353422678e-18	1.562960292411749e-08
0.055600000000000004	1.813237374375699e-14	9.720251397713258e-10	2.0941966387620188e-14	2.0759137786076622e-13	2.1397853707273163e-18	1.5742584184109715e-08
0.0558	1.832873237842085e-14	9.825501185015032e-10	2.1092897962541388e-14	2.0908750792795917e-13	2.1552071804727567e-18	1.5855971810515415e-08
0.056	1.8526503383296154e-14	9.93150783400957e-10	2.124437147100367e-14	2.1058900988946035e-13	2.1706843645772832e-18	1.596976579778623e-08
0.0562	1.8725691817676898e-14	1.00382740539394e-09	2.1396386912927808e-14	2.1209588374379253e-13	2.186216923039594e-18	1.6083966140373863e-08
0.056400000000000006	1.8926302740835894e-14	1.0145802554021874e-09	2.1548944288234563e-14	2.136081294894782e-13	2.2018048558583847e-18	1.6198572832730062e-08
0.056600000000000004	1.912834121202477e-14	1.0254096043449204e-09	2.1702043596844708e-14	2.1512574712503996e-13	2.2174481630323505e-18	1.6313585869306625e-08
0.0568	1.9331812290473968e-14	1.0363157231388433e-09	2.1855684838679007e-14	2.166487366490004e-13	2.233146844560189e-18	1.64290052445554e-08
0.057	1.95367210353928e-14	1.047298882698147e-09	2.2009868013658238e-14	2.181770980598821e-13	2.2489009004405957e-18	1.6544830952928294e-08
0.0572	1.9743072505969385e-14	1.058359353934506e-09	2.2164593121703163e-14	2.1971083135620774e-13	2.2647103306722684e-18	1.666106298887725e-08
0.0574	1.9950871761370653e-14	1.0694974077570802e-09	2.2319860162734548e-14	2.2124993653649979e-13	2.280575135253902e-18	1.6777701346854278e-08
0.057600000000000005	2.016012386074239e-14	1.0807133150725136e-09	2.2475669136673174e-14	2.2279441359928098e-13	2.296495314184194e-18	1.6894746021311424e-08
0.057800000000000004	2.0370833863209188e-14	1.0920073467849349e-09	2.26320200434398e-14	2.2434426254307374e-13	2.3124708674618385e-18	1.701219700670079e-08
0.058	2.058300682787449e-14	1.1033797737959575e-09	2.2788912882955196e-14	2.2589948336640082e-13	2.328501795085534e-18	1.7130054297474523e-08
0.0582	2.079664781382053e-14	1.1148308670046809e-09	2.2946347655140135e-14	2.2746007606778457e-13	2.344588097053976e-18	1.7248317888084838e-08
0.0584	2.101176188010841e-14	1.1263608973076869e-09	2.3104324359915366e-14	2.290260406457479e-13	2.3607297733658615e-18	1.736698777298398e-08
0.058600000000000006	2.1228354085778054e-14	1.1379701355990457e-09	2.3262842997201698e-14	2.305973770988132e-13	2.3769268240198858e-18	1.748606394662426e-08
0.058800000000000005	2.144642948984819e-14	1.1496588527703073e-09	2.342190356691987e-14	2.3217408542550296e-13	2.3931792490147465e-18	1.7605546403458022e-08
0.059000000000000004	2.166599315131638e-14	1.1614273197105119e-09	2.3581506068990653e-14	2.337561656243401e-13	2.4094870483491377e-18	1.772543513793768e-08
0.0592	2.1887050129159038e-14	1.17327580730618e-09	2.3741650503334825e-14	2.3534361769384687e-13	2.425850222021758e-18	1.7845730144515686e-08
0.0594	2.21096054823314e-14	1.1852045864413211e-09	2.390233686987315e-14	2.3693644163254614e-13	2.442268770031302e-18	1.7966431417644545e-08
0.0596	2.2333664269767497e-14	1.1972139279974255e-09	2.4063565168526396e-14	2.3853463743896034e-13	2.458742692376468e-18	1.8087538951776818e-08
0.059800000000000006	2.2559231550380242e-14	1.2093041028534727e-09	2.4225335399215334e-14	2.401382051116121e-13	2.47527198905595e-18	1.8209052741365112e-08
0.060000000000000005	2.2786312383061324e-14	1.2214753818859216e-09	2.4387647561860735e-14	2.4174714464902413e-13	2.4918566600684464e-18	1.833097278086207e-08
0.060200000000000004	2.3014911826681308e-14	1.233728035968722e-09	2.4550501656383368e-14	2.433614560497188e-13	2.508496705412652e-18	1.8453299064720417e-08
0.0604	2.3245034940089542e-14	1.246062335973304e-09	2.4713897682704e-14	2.449811393122189e-13	2.5251921250872647e-18	1.8576031587392898e-08
0.0606	2.3476686782114243e-14	1.2584785527685854e-09	2.4877835640743393e-14	2.4660619443504683e-13	2.541942919090979e-18	1.869917034333233e-08
0.0608	2.370987241156244e-14	1.2709769572209676e-09	2.504231553042233e-14	2.482366214167254e-13	2.5587490874224923e-18	1.8822715326991568e-08
0.061000000000000006	2.394459688721999e-14	1.2835578201943385e-09	2.5207337351661583e-14	2.498724202557771e-13	2.5756106300805015e-18	1.8946666532823528e-08
0.061200000000000004	2.418086526785156e-14	1.296221412550068e-09	2.5372901104381894e-14	2.5151359095072454e-13	2.5925275470637015e-18	1.907102395528116e-08
0.0614	2.4418682612200686e-14	1.308968005147014e-09	2.5539006788504056e-14	2.5316013350009023e-13	2.6094998383707894e-18	1.919578758881748e-08
0.0616	2.465805397898972e-14	1.3217978688415178e-09	2.570565440394883e-14	2.5481204790239697e-13	2.6265275040004607e-18	1.9320957427885543e-08
0.0618	2.4898984426919812e-14	1.3347112744874072e-09	2.587284395063699e-14	2.564693341561671e-13	2.6436105439514133e-18	1.9446533466938468e-08
0.062	2.5141479014670985e-14	1.3477084929359926e-09	2.6040575428489297e-14	2.581319922599234e-13	2.660748958222342e-18	1.9572515700429418e-08
0.062200000000000005	2.5385542800902073e-14	1.3607897950360725e-09	2.620884883742654e-14	2.598000222121885e-13	2.6779427468119447e-18	1.9698904122811604e-08
0.062400000000000004	2.5631180844250735e-14	1.3739554516339283e-09	2.6377664177369462e-14	2.6147342401148474e-13	2.6951919097189163e-18	1.9825698728538274e-08
0.0626	2.5878398203333446e-14	1.3872057335733268e-09	2.6547021448238842e-14	2.6315219765633505e-13	2.712496446941953e-18	1.9952899512062754e-08
0.06280000000000001	2.6127199936745552e-14	1.4005409116955208e-09	2.6716920649955448e-14	2.648363431452618e-13	2.729856358479753e-18	2.0080506467838417e-08
0.063	2.6377591103061176e-14	1.4139612568392465e-09	2.6887361782440046e-14	2.665258604767876e-13	2.7472716443310093e-18	2.020851959031865e-08
0.0632	2.6629576760833337e-14	1.427467039840728e-09	2.7058344845613425e-14	2.6822074964943523e-13	2.764742304494422e-18	2.033693887395694e-08
0.0634	2.6883161968593784e-14	1.4410585315336713e-09	2.7229869839396325e-14	2.6992101066172705e-13	2.782268338968685e-18	2.046576431320679e-08
0.0636	2.7138351784853225e-14	1.4547360027492705e-09	2.7401936763709546e-14	2.716266435121859e-13	2.799849747752496e-18	2.059499590252178e-08
0.06380000000000001	2.7395151268101097e-14	1.4684997243162032e-09	2.7574545618473846e-14	2.733376481993341e-13	2.81748653084455e-18	2.072463363635551e-08
0.064	2.765356547680569e-14	1.4823499670606321e-09	2.7747696403609966e-14	2.750540247216944e-13	2.835178688243544e-18	2.085467750916165e-08
0.06420000000000001	2.791359946941416e-14	1.4962870018062067e-09	2.7921389119038705e-14	2.7677577307778957e-13	2.852926219948174e-18	2.0985127515393925e-08
0.0644	2.8175258304352428e-14	1.5103110993740589e-09	2.8095623764680833e-14	2.7850289326614183e-13	2.8707291259571366e-18	2.1115983649506085e-08
0.0646	2.843854704002532e-14	1.524422530582809e-09	2.8270400340457107e-14	2.802353852852741e-13	2.888587406269129e-18	2.1247245905951967e-08
0.0648	2.870347073481641e-14	1.5386215662485601e-09	2.84457188462883e-14	2.819732491337088e-13	2.9065010608828454e-18	2.1378914279185423e-08
0.065	2.8970034447088195e-14	1.5529084771849032e-09	2.8621579282095185e-14	2.8371648480996873e-13	2.924470089796984e-18	2.151098876366038e-08
0.06520000000000001	2.923824323518195e-14	1.5672835342029115e-09	2.879798164779854e-14	2.8546509231257637e-13	2.9424944930102413e-18	2.1643469353830813e-08
0.0654	2.950810215741775e-14	1.5817470081111444e-09	2.89749259433191e-14	2.8721907164005413e-13	2.9605742705213114e-18	2.177635604415072e-08
0.0656	2.977961627209456e-14	1.5962991697156488e-09	2.915241216857767e-14	2.8897842279092496e-13	2.978709422328893e-18	2.1909648829074194e-08
0.0658	3.0052790637490127e-14	1.6109402898199535e-09	2.9330440323495003e-14	2.9074314576371115e-13	2.9968999484316802e-18	2.204334770305533e-08
0.066	3.032763031186109e-14	1.6256706392250763e-09	2.950901040799187e-14	2.9251324055693565e-13	3.0151458488283723e-18	2.2177452660548326e-08
0.06620000000000001	3.0604140353442846e-14	1.6404904887295177e-09	2.968812242198905e-14	2.9428870716912086e-13	3.0334471235176636e-18	2.2311963696007393e-08
0.0664	3.0882325820449636e-14	1.6554001091292633e-09	2.986777636540729e-14	2.960695455987891e-13	3.0518037724982494e-18	2.2446880803886793e-08
0.0666	3.116219177107461e-14	1.6703997712177868e-09	3.0047972238167395e-14	2.9785575584446353e-13	3.070215795768829e-18	2.258220397864086e-08
0.0668	3.144374326348964e-14	1.6854897457860438e-09	3.022871004019008e-14	2.996473379046663e-13	3.088683193328095e-18	2.2717933214723954e-08
0.067	3.172698535584552e-14	1.7006703036224795e-09	3.040998977139618e-14	3.014442917779203e-13	3.1072059651747478e-18	2.285406850659051e-08
0.06720000000000001	3.201192310627181e-14	1.715941715513021e-09	3.0591811431706416e-14	3.0324661746274805e-13	3.125784111307481e-18	2.2990609848695003e-08
0.0674	3.22985615728769e-14	1.7313042522410801e-09	3.0774175021041574e-14	3.05054314957672e-13	3.1444176317249907e-18	2.3127557235491933e-08
0.06760000000000001	3.258690581374808e-14	1.7467581845875594e-09	3.0957080539322425e-14	3.06867384261215e-13	3.163106526425976e-18	2.3264910661435907e-08
0.0678	3.287696088695139e-14	1.7623037833308411e-09	3.114052798646971e-14	3.086858253718994e-13	3.1818507954091296e-18	2.340267012098153e-08
0.068	3.3168731850531767e-14	1.7779413192467963e-09	3.132451736240425e-14	3.105096382882481e-13	3.200650438673151e-18	2.3540835608583484e-08
0.0682	3.3462223762512926e-14	1.7936710631087795e-09	3.1509048667046775e-14	3.1233882300878344e-13	3.219505456216733e-18	2.3679407118696474e-08
0.0684	3.3757441680897445e-14	1.809493285687634e-09	3.169412190031809e-14	3.141733795320282e-13	3.2384158480385764e-18	2.3818384645775307e-08
0.06860000000000001	3.405439066366673e-14	1.8254082577516847e-09	3.187973706213893e-14	3.1601330785650493e-13	3.257381614137375e-18	2.3957768184274794e-08
0.0688	3.435307576878097e-14	1.8414162500667438e-09	3.206589415243006e-14	3.178586079807361e-13	3.276402754511824e-18	2.409755772864981e-08
0.069	3.4653502054179286e-14	1.8575175333961103e-09	3.225259317111228e-14	3.1970927990324464e-13	3.295479269160621e-18	2.423775327335528e-08
0.0692	3.495567457777953e-14	1.873712378500566e-09	3.2439834118106346e-14	3.2156532362255277e-13	3.3146111580824627e-18	2.4378354812846187e-08
0.0694	3.525959839747845e-14	1.890001056138381e-09	3.2627616993333017e-14	3.234267391371834e-13	3.3337984212760453e-18	2.4519362341577566e-08
0.06960000000000001	3.55652785711516e-14	1.9063838370653108e-09	3.2815941796713086e-14	3.2529352644565906e-13	3.3530410587400654e-18	2.4660775854004484e-08
0.0698	3.5872720156653335e-14	1.922860992034592e-09	3.300480852816728e-14	3.271656855465022e-13	3.3723390704732175e-18	2.480259534458207e-08
0.07	3.618192821181691e-14	1.9394327917969544e-09	3.319421718761642e-14	3.2904321643823564e-13	3.3916924564742e-18	2.4944820807765514e-08
0.0702	3.649290779445434e-14	1.956099507100606e-09	3.338416777498124e-14	3.3092611911938175e-13	3.4111012167417083e-18	2.5087452238010028e-08
0.0704	3.680566396235654e-14	1.972861408691247e-09	3.357466029018254e-14	3.3281439358846343e-13	3.430565351274439e-18	2.5230489629770917e-08
0.07060000000000001	3.7120201773293227e-14	1.9897187673120585e-09	3.376569473314105e-14	3.347080398440033e-13	3.450084860071089e-18	2.537393297750349e-08
0.0708	3.7436526285012905e-14	2.006671853703708e-09	3.395727110377756e-14	3.366070578845234e-13	3.469659743130352e-18	2.5517782275663134e-08
0.07100000000000001	3.7754642555243e-14	2.0237209386043517e-09	3.414938940201286e-14	3.3851144770854715e-13	3.489290000450928e-18	2.566203751870529e-08
0.0712	3.8074555641689667e-14	2.0408662927496278e-09	3.434204962776766e-14	3.404212093145964e-13	3.508975632031511e-18	2.580669870108542e-08
0.0714	3.839627060203799e-14	2.0581081868726634e-09	3.453525178096281e-14	3.423363427011944e-13	3.528716637870797e-18	2.5951765817259078e-08
0.0716	3.87197924939518e-14	2.075446891704068e-09	3.472899586151901e-14	3.4425684786686315e-13	3.548513017967484e-18	2.6097238861681828e-08
0.0718	3.904512637507385e-14	2.092882677971941e-09	3.492328186935708e-14	3.4618272481012595e-13	3.568364772320268e-18	2.6243117828809324e-08
0.07200000000000001	3.937227730302565e-14	2.110415816401865e-09	3.511810980439775e-14	3.48113973529505e-13	3.588271900927844e-18	2.6389402713097237e-08
0.0722	3.970125033540756e-14	2.128046577716906e-09	3.5313479666561806e-14	3.5005059402352274e-13	3.60823440378891e-18	2.6536093509001295e-08
0.0724	4.00320505297988e-14	2.1457752326376218e-09	3.550939145577002e-14	3.5199258629070216e-13	3.628252280902162e-18	2.6683190210977298e-08
0.0726	4.036468294375738e-14	2.16360205188205e-09	3.5705845171943156e-14	3.539399503295655e-13	3.648325532266293e-18	2.683069281348107e-08
0.0728	4.069915263482019e-14	2.181527306165719e-09	3.5902840815002e-14	3.558926861386359e-13	3.668454157880006e-18	2.6978601310968507e-08
0.07300000000000001	4.103546466050291e-14	2.1995512662016396e-09	3.6100378384867307e-14	3.578507937164355e-13	3.688638157741991e-18	2.7126915697895527e-08
0.0732	4.137362407830003e-14	2.217674202700309e-09	3.629845788145983e-14	3.59814273061487e-13	3.708877531850946e-18	2.727563596871812e-08
0.0734	4.1713635945685e-14	2.235896386369713e-09	3.649707930470037e-14	3.617831241723132e-13	3.72917228020557e-18	2.742476211789234e-08
0.0736	4.205550532010994e-14	2.2542180879153192e-09	3.669624265450968e-14	3.6375734704743645e-13	3.7495224028045555e-18	2.7574294139874257e-08
0.0738	4.239923725900593e-14	2.272639578040085e-09	3.689594793080853e-14	3.6573694168537957e-13	3.7699278996466034e-18	2.7724232029120015e-08
0.07400000000000001	4.274483681978279e-14	2.2911611274444508e-09	3.7096195133517704e-14	3.6772190808466515e-13	3.7903887707304056e-18	2.787457578008581e-08
0.0742	4.3092309059829215e-14	2.309783006826343e-09	3.7296984262557935e-14	3.6971224624381563e-13	3.81090501605466e-18	2.8025325387227854e-08
0.07440000000000001	4.344165903651275e-14	2.328505486881178e-09	3.7498315317850043e-14	3.717079561613539e-13	3.831476635618065e-18	2.8176480845002465e-08
0.0746	4.3792891807179693e-14	2.347328838301851e-09	3.7700188299314745e-14	3.737090378358023e-13	3.8521036294193125e-18	2.832804214786596e-08
0.0748	4.414601242915533e-14	2.3662533317787513e-09	3.790260320687287e-14	3.7571549126568366e-13	3.8727859974571036e-18	2.848000929027475e-08
0.075	4.450102595974362e-14	2.3852792379997468e-09	3.810556004044512e-14	3.777273164495204e-13	3.89352373973013e-18	2.863238226668526e-08
0.0752	4.4857937456227433e-14	2.4044068276501988e-09	3.830905879995233e-14	3.797445133858353e-13	3.914316856237093e-18	2.8785161071553986e-08
0.07540000000000001	4.521675197586846e-14	2.423636371412947e-09	3.851309948531522e-14	3.81767082073151e-13	3.935165346976686e-18	2.8938345699337478e-08
0.0756	4.557747457590721e-14	2.4429681399683218e-09	3.8717682096454583e-14	3.8379502250998986e-13	3.956069211947604e-18	2.90919361444923e-08
0.0758	4.594011031356305e-14	2.4624024039941396e-09	3.89228066332912e-14	3.8582833469487477e-13	3.977028451148546e-18	2.924593240147512e-08
0.076	4.630466424603414e-14	2.481939434165701e-09	3.912847309574579e-14	3.878670186263282e-13	3.998043064578207e-18	2.9400334464742612e-08
0.0762	4.6671141430497547e-14	2.501579501155794e-09	3.933468148373919e-14	3.899110743028728e-13	4.019113052235284e-18	2.9555142328751544e-08
0.07640000000000001	4.703954692410911e-14	2.5213228756346926e-09	3.9541431797192124e-14	3.9196050172303137e-13	4.040238414118474e-18	2.9710355987958686e-08
0.0766	4.7409885784003483e-14	2.5411698282701553e-09	3.974872403602538e-14	3.9401530088532603e-13	4.06141915022647e-18	2.986597543682088e-08
0.07680000000000001	4.7782163067294235e-14	2.56112062972743e-09	3.9956558200159724e-14	3.9607547178828005e-13	4.082655260557972e-18	3.002200066979503e-08
0.077	4.8156383831073674e-14	2.581175550669247e-09	4.016493428951592e-14	3.981410144304154e-13	4.103946745111674e-18	3.017843168133808e-08
0.0772	4.853255313241303e-14	2.6013348617558264e-09	4.0373852304014734e-14	4.002119288102552e-13	4.125293603886274e-18	3.033526846590703e-08
0.07740000000000001	4.891067602836231e-14	2.62159883364487e-09	4.058331224357696e-14	4.022882149263219e-13	4.146695836880468e-18	3.049251101795893e-08
0.0776	4.929075757595031e-14	2.6419677369915697e-09	4.079331410812334e-14	4.043698727771378e-13	4.16815344409295e-18	3.065015933195083e-08
0.07780000000000001	4.967280283218481e-14	2.6624418424486036e-09	4.100385789757467e-14	4.064569023612262e-13	4.189666425522421e-18	3.0808213402339934e-08
0.078	5.005681685405228e-14	2.6830214206661325e-09	4.121494361185168e-14	4.0854930367710904e-13	4.211234781167572e-18	3.09666732235834e-08
0.0782	5.0442804698518103e-14	2.703706742291807e-09	4.142657125087518e-14	4.106470767233093e-13	4.232858511027104e-18	3.1125538790138494e-08
0.0784	5.0830771422526424e-14	2.724498077970762e-09	4.163874081456592e-14	4.1275022149834955e-13	4.254537615099709e-18	3.1284810096462505e-08
0.0786	5.1220722083000326e-14	2.7453956983456205e-09	4.1851452302844677e-14	4.148587380007524e-13	4.2762720933840874e-18	3.144448713701279e-08
0.07880000000000001	5.161266173684162e-14	2.766399874056489e-09	4.206470571563223e-14	4.169726262290405e-13	4.298061945878934e-18	3.1604569906246747e-08
0.079	5.200659544093098e-14	2.787510875740962e-09	4.2278501052849303e-14	4.1909188618173635e-13	4.319907172582942e-18	3.17650583986218e-08
0.0792	5.240252825212799e-14	2.8087289740341204e-09	4.2492838314416737e-14	4.212165178573627e-13	4.341807773494813e-18	3.192595260859548e-08
0.0794	5.2800465227270964e-14	2.8300544395685307e-09	4.270771750025524e-14	4.2334652125444195e-13	4.363763748613239e-18	3.20872525306253e-08
0.0796	5.3200411423177136e-14	2.8514875429742485e-09	4.292313861028562e-14	4.254818963714971e-13	4.38577509793692e-18	3.2248958159168906e-08
0.07980000000000001	5.36023718966425e-14	2.8730285548788104e-09	4.313910164442862e-14	4.2762264320705055e-13	4.407841821464549e-18	3.241106948868392e-08
0.08	5.4006351704441904e-14	2.8946777459072426e-09	4.3355606602605033e-14	4.2976876175962477e-13	4.429963919194824e-18	3.257358651362804e-08
0.08020000000000001	5.441235590332909e-14	2.9164353866820593e-09	4.3572653484735614e-14	4.3192025202774263e-13	4.452141391126443e-18	3.2736509228459036e-08
0.0804	5.4820389550036503e-14	2.9383017478232567e-09	4.3790242290741126e-14	4.3407711400992663e-13	4.474374237258097e-18	3.289983762763468e-08
0.0806	5.523045770127563e-14	2.960277099948323e-09	4.400837302054237e-14	4.3623934770469946e-13	4.496662457588489e-18	3.306357170561285e-08
0.08080000000000001	5.5642565413736595e-14	2.9823617136722278e-09	4.42270456740601e-14	4.384069531105837e-13	4.519006052116309e-18	3.322771145685145e-08
0.081	5.605671774408842e-14	3.004555859607429e-09	4.4446260251215047e-14	4.405799302261019e-13	4.5414050208402586e-18	3.3392256875808405e-08
0.08120000000000001	5.647291974897902e-14	3.0268598083638717e-09	4.466601675192804e-14	4.427582790497769e-13	4.563859363759031e-18	3.355720795694174e-08
0.0814	5.689117648503504e-14	3.049273830548986e-09	4.488631517611982e-14	4.449419995801311e-13	4.586369080871325e-18	3.37225646947095e-08
0.0816	5.731149300886209e-14	3.0717981967676908e-09	4.510715552371116e-14	4.471310918156873e-13	4.608934172175833e-18	3.38883270835698e-08
0.0818	5.773387437704444e-14	3.0944331776223873e-09	4.532853779462283e-14	4.4932555575496777e-13	4.631554637671253e-18	3.405449511798078e-08
0.082	5.81583256461454e-14	3.1171790437129694e-09	4.5550461988775605e-14	4.5152539139649573e-13	4.654230477356285e-18	3.4221068792400667e-08
0.08220000000000001	5.858485187270698e-14	3.1400360656368133e-09	4.577292810609026e-14	4.537305987387934e-13	4.676961691229623e-18	3.438804810128769e-08
0.0824	5.901345811325001e-14	3.1630045139887786e-09	4.599593614648753e-14	4.559411777803833e-13	4.69974827928996e-18	3.4555433039100156e-08
0.0826	5.944414942427426e-14	3.1860846593612196e-09	4.6219486109888244e-14	4.581571285197883e-13	4.722590241535996e-18	3.472322360029643e-08
0.0828	5.987693086225823e-14	3.2092767723439695e-09	4.6443577996213103e-14	4.60378450955531e-13	4.745487577966425e-18	3.489141977933492e-08
0.083	6.031180748365935e-14	3.2325811235243544e-09	4.6668211805382926e-14	4.626051450861339e-13	4.768440288579947e-18	3.5060021570674096e-08
0.08320000000000001	6.074878434491382e-14	3.255997983487183e-09	4.689338753731848e-14	4.648372109101197e-13	4.791448373375255e-18	3.522902896877243e-08
0.0834	6.118786650243661e-14	3.2795276228147495e-09	4.7119105191940513e-14	4.670746484260111e-13	4.814511832351045e-18	3.53984419680885e-08
0.08360000000000001	6.162905901262173e-14	3.303170312086841e-09	4.7345364769169817e-14	4.693174576323306e-13	4.837630665506017e-18	3.556826056308093e-08
0.0838	6.207236693184183e-14	3.3269263218807225e-09	4.757216626892713e-14	4.715656385276007e-13	4.860804872838862e-18	3.5738484748208344e-08
0.084	6.25177953164485e-14	3.3507959227711544e-09	4.779950969113327e-14	4.738191911103445e-13	4.884034454348282e-18	3.590911451792948e-08
0.08420000000000001	6.296534922277213e-14	3.3747793853303783e-09	4.802739503570896e-14	4.760781153790844e-13	4.90731941003297e-18	3.608014986670309e-08
0.0844	6.341503370712192e-14	3.39887698012812e-09	4.8255822302575005e-14	4.783424113323427e-13	4.930659739891621e-18	3.625159078898796e-08
0.08460000000000001	6.386685382578595e-14	3.423088977731602e-09	4.848479149165215e-14	4.806120789686423e-13	4.9540554439229365e-18	3.6423437279242985e-08
0.0848	6.432081463503109e-14	3.4474156487055227e-09	4.871430260286116e-14	4.828871182865059e-13	4.977506522125606e-18	3.659568933192704e-08
0.085	6.477692119110313e-14	3.4718572636120734e-09	4.8944355636122846e-14	4.85167529284456e-13	5.001012974498332e-18	3.676834694149913e-08
0.0852	6.523517855022661e-14	3.4964140930109293e-09	4.9174950591357927e-14	4.874533119610153e-13	5.0245748010398065e-18	3.6941410102418226e-08
0.0854	6.569559176860496e-14	3.5210864074592575e-09	4.940608746848723e-14	4.897444663147064e-13	5.048192001748729e-18	3.7114878809143416e-08
0.08560000000000001	6.615816590242039e-14	3.545874477511706e-09	4.9637766267431485e-14	4.92040992344052e-13	5.071864576623794e-18	3.72887530561338e-08
0.0858	6.662290600783396e-14	3.5707785737204057e-09	4.986998698811145e-14	4.943428900475745e-13	5.095592525663697e-18	3.746303283784853e-08
0.08600000000000001	6.708981714098566e-14	3.5957989666349905e-09	5.010274963044793e-14	4.966501594237969e-13	5.1193758488671374e-18	3.7637718148746846e-08
0.0862	6.755890435799413e-14	3.6209359268025627e-09	5.033605419436167e-14	4.989628004712413e-13	5.143214546232807e-18	3.781280898328798e-08
0.0864	6.803017271495707e-14	3.646189724767725e-09	5.0569900679773456e-14	5.012808131884309e-13	5.167108617759408e-18	3.798830533593128e-08
0.08660000000000001	6.850362726795085e-14	3.671560631072556e-09	5.080428908660406e-14	5.03604197573888e-13	5.1910580634456326e-18	3.81642072011361e-08
0.0868	6.897927307303068e-14	3.6970489162566296e-09	5.1039219414774227e-14	5.059329536261353e-13	5.215062883290174e-18	3.834051457336181e-08
0.08700000000000001	6.945711518623076e-14	3.7226548508570063e-09	5.127469166420477e-14	5.082670813436955e-13	5.239123077291738e-18	3.8517227447067937e-08
0.0872	6.993715866356388e-14	3.748378705408225e-09	5.1510705834816394e-14	5.106065807250909e-13	5.2632386454490115e-18	3.8694345816713955e-08
0.0874	7.041940856102194e-14	3.77422075044232e-09	5.174726192652994e-14	5.129514517688448e-13	5.287409587760697e-18	3.887186967675946e-08
0.0876	7.090386993457546e-14	3.800181256488811e-09	5.198435993926613e-14	5.15301694473479e-13	5.311635904225487e-18	3.904979902166404e-08
0.0878	7.139054784017395e-14	3.826260494074703e-09	5.222199987294576e-14	5.176573088375171e-13	5.335917594842081e-18	3.922813384588737e-08
0.08800000000000001	7.187944733374564e-14	3.852458733724489e-09	5.24601817274896e-14	5.200182948594809e-13	5.360254659609175e-18	3.9406874143889195e-08
0.0882	7.23705734711976e-14	3.878776245960141e-09	5.2698905502818376e-14	5.223846525378931e-13	5.384647098525461e-18	3.958601991012923e-08
0.0884	7.286393130841586e-14	3.905213301301137e-09	5.293817119885294e-14	5.247563818712769e-13	5.40909491158964e-18	3.976557113906734e-08
0.0886	7.335952590126511e-14	3.931770170264422e-09	5.317797881551397e-14	5.271334828581544e-13	5.433598098800406e-18	3.994552782516336e-08
0.0888	7.385736230558907e-14	3.958447123364439e-09	5.3418328352722316e-14	5.295159554970485e-13	5.4581566601564565e-18	4.012588996287724e-08
0.08900000000000001	7.435744557721018e-14	3.985244431113116e-09	5.36592198103987e-14	5.319037997864817e-13	5.482770595656488e-18	4.030665754666893e-08
0.0892	7.485978077192968e-14	4.012162364019864e-09	5.3900653188463905e-14	5.342970157249767e-13	5.507439905299194e-18	4.0487830570998426e-08
0.08940000000000001	7.536437294552775e-14	4.0392011925915895e-09	5.414262848683869e-14	5.366956033110562e-13	5.532164589083274e-18	4.0669409030325844e-08
0.0896	7.587122715376331e-14	4.066361187332675e-09	5.438514570544384e-14	5.390995625432425e-13	5.556944647007424e-18	4.085139291911127e-08
0.0898	7.638034845237424e-14	4.093642618745001e-09	5.4628204844200146e-14	5.415088934200589e-13	5.58178007907034e-18	4.10337822318149e-08
0.09000000000000001	7.689174189707713e-14	4.121045757327929e-09	5.4871805903028346e-14	5.439235959400273e-13	5.606670885270716e-18	4.121657696289694e-08
0.0902	7.740541254356742e-14	4.1485708735783046e-09	5.51159488818492e-14	5.463436701016708e-13	5.631617065607253e-18	4.139977710681764e-08
0.09040000000000001	7.792136544751953e-14	4.176218237990473e-09	5.5360633780583523e-14	5.48769115903512e-13	5.656618620078642e-18	4.1583382658037376e-08
0.0906	7.843960566458652e-14	4.203988121056245e-09	5.5605860599152015e-14	5.511999333440731e-13	5.681675548683584e-18	4.176739361101646e-08
0.0908	7.896013825040047e-14	4.231880793264947e-09	5.585162933747552e-14	5.536361224218773e-13	5.706787851420772e-18	4.195180996021537e-08
0.091	7.948296826057212e-14	4.2598965251033664e-09	5.609793999547478e-14	5.560776831354469e-13	5.731955528288905e-18	4.213663170009452e-08
0.0912	8.00081007506912e-14	4.288035587055794e-09	5.634479257307056e-14	5.585246154833048e-13	5.757178579286676e-18	4.232185882511451e-08
0.09140000000000001	8.05355407763262e-14	4.316298249603999e-09	5.659218707018365e-14	5.609769194639734e-13	5.782457004412785e-18	4.2507491329735844e-08
0.0916	8.106529339302437e-14	4.344684783227242e-09	5.684012348673477e-14	5.634345950759752e-13	5.807790803665925e-18	4.269352920841916e-08
0.0918	8.159736365631203e-14	4.373195458402275e-09	5.708860182264474e-14	5.658976423178334e-13	5.833179977044796e-18	4.2879972455625145e-08
0.092	8.213175662169411e-14	4.401830545603324e-09	5.73376220778343e-14	5.6836606118807e-13	5.858624524548089e-18	4.306682106581453e-08
0.0922	8.266847734465452e-14	4.4305903153021144e-09	5.758718425222426e-14	5.708398516852082e-13	5.884124446174507e-18	4.325407503344808e-08
0.09240000000000001	8.32075308806559e-14	4.459475037967859e-09	5.783728834573536e-14	5.733190138077703e-13	5.909679741922742e-18	4.344173435298663e-08
0.0926	8.374892228513977e-14	4.488484984067246e-09	5.808793435828837e-14	5.758035475542789e-13	5.93529041179149e-18	4.362979901889103e-08
0.09280000000000001	8.429265661352655e-14	4.517620424064467e-09	5.833912228980407e-14	5.782934529232568e-13	5.96095645577945e-18	4.3818269025622236e-08
0.093	8.483873892121535e-14	4.546881628421182e-09	5.85908521402032e-14	5.807887299132265e-13	5.9866778738853146e-18	4.4007144367641195e-08
0.0932	8.538717426358433e-14	4.576268867596561e-09	5.884312390940659e-14	5.832893785227108e-13	6.012454666107786e-18	4.4196425039408976e-08
0.09340000000000001	8.593796769599037e-14	4.605782412047245e-09	5.909593759733497e-14	5.857953987502322e-13	6.038286832445555e-18	4.438611103538664e-08
0.0936	8.649112427376905e-14	4.635422532227362e-09	5.93492932039091e-14	5.883067905943133e-13	6.0641743728973194e-18	4.4576202350035273e-08
0.09380000000000001	8.704664905223503e-14	4.665189498588536e-09	5.960319072904979e-14	5.908235540534769e-13	6.090117287461777e-18	4.4766698977816114e-08
0.094	8.760454708668165e-14	4.6950835815798725e-09	5.985763017267777e-14	5.933456891262456e-13	6.1161155761376216e-18	4.495760091319035e-08
0.0942	8.81648234323812e-14	4.725105051647972e-09	6.011261153471383e-14	5.958731958111421e-13	6.142169238923553e-18	4.5148908150619286e-08
0.0944	8.87274831445847e-14	4.75525417923691e-09	6.036813481507874e-14	5.984060741066888e-13	6.168278275818263e-18	4.534062068456423e-08
0.0946	8.929253127852218e-14	4.785531234788258e-09	6.062420001369327e-14	6.009443240114086e-13	6.1944426868204516e-18	4.5532738509486596e-08
0.09480000000000001	8.98599728894022e-14	4.815936488741077e-09	6.088080713047818e-14	6.03487945523824e-13	6.2206624719288155e-18	4.572526161984779e-08
0.095	9.042981303241244e-14	4.846470211531906e-09	6.113795616535425e-14	6.060369386424577e-13	6.246937631142047e-18	4.591819001010926e-08
0.0952	9.100205676271939e-14	4.877132673594778e-09	6.139564711824225e-14	6.085913033658322e-13	6.273268164458848e-18	4.6111523674732595e-08
0.0954	9.157670913546812e-14	4.907924145361216e-09	6.165387998906296e-14	6.111510396924705e-13	6.2996540718779086e-18	4.630526260817934e-08
0.0956	9.215377520578294e-14	4.938844897260226e-09	6.191265477773713e-14	6.137161476208949e-13	6.3260953533979296e-18	4.649940680491116e-08
0.09580000000000001	9.273326002876667e-14	4.969895199718303e-09	6.217197148418555e-14	6.162866271496281e-13	6.352592009017607e-18	4.6693956259389706e-08
0.096	9.331516865950111e-14	5.001075323159423e-09	6.243183010832898e-14	6.188624782771926e-13	6.3791440387356345e-18	4.688891096607673e-08
0.09620000000000001	9.389950615304696e-14	5.032385538005061e-09	6.269223065008818e-14	6.214437010021117e-13	6.4057514425507116e-18	4.7084270919433995e-08
0.0964	9.448627756444346e-14	5.063826114674173e-09	6.295317310938395e-14	6.240302953229071e-13	6.432414220461531e-18	4.728003611392333e-08
0.0966	9.507548794870915e-14	5.0953973235832075e-09	6.321465748613704e-14	6.266222612381023e-13	6.459132372466793e-18	4.747620654400666e-08
0.09680000000000001	9.566714236084103e-14	5.127099435146091e-09	6.347668378026824e-14	6.292195987462194e-13	6.485905898565192e-18	4.767278220414589e-08
0.097	9.626124585581507e-14	5.158932719774244e-09	6.373925199169825e-14	6.318223078457811e-13	6.512734798755423e-18	4.7869763088802986e-08
0.09720000000000001	9.685780348858619e-14	5.19089744787658e-09	6.400236212034795e-14	6.344303885353105e-13	6.5396190730361856e-18	4.806714919244001e-08
0.0974	9.745682031408786e-14	5.222993889859485e-09	6.426601416613799e-14	6.370438408133294e-13	6.566558721406172e-18	4.826494050951905e-08
0.0976	9.805830138723271e-14	5.255222316126848e-09	6.453020812898924e-14	6.396626646783614e-13	6.593553743864083e-18	4.846313703450223e-08
0.0978	9.866225176291201e-14	5.287582997080038e-09	6.479494400882244e-14	6.422868601289283e-13	6.6206041404086095e-18	4.8661738761851726e-08
0.098	9.926867649599593e-14	5.320076203117916e-09	6.506022180555835e-14	6.449164271635534e-13	6.647709911038454e-18	4.886074568602981e-08
0.09820000000000001	9.987758064133357e-14	5.352702204636826e-09	6.532604151911779e-14	6.475513657807591e-13	6.674871055752309e-18	4.906015780149874e-08
0.0984	1.0048896925375262e-13	5.3854612720305954e-09	6.559240314942142e-14	6.501916759790679e-13	6.702087574548871e-18	4.925997510272084e-08
0.09860000000000001	1.0110284738805983e-13	5.418353675690551e-09	6.585930669639012e-14	6.528373577570026e-13	6.729359467426838e-18	4.9460197584158536e-08
0.0988	1.0171922009904076e-13	5.451379686005502e-09	6.612675215994459e-14	6.554884111130858e-13	6.756686734384903e-18	4.9660825240274234e-08
0.099	1.023380924414598e-13	5.484539573361747e-09	6.639473954000566e-14	6.581448360458401e-13	6.7840693754217664e-18	4.986185806553045e-08
0.09920000000000001	1.0295946947006004e-13	5.517833608143065e-09	6.666326883649404e-14	6.608066325537884e-13	6.8115073905361244e-18	5.00632960543897e-08
0.0994	1.0358335623956358e-13	5.5512620607307316e-09	6.693234004933055e-14	6.634738006354528e-13	6.839000779726668e-18	5.026513920131457e-08
0.09960000000000001	1.0420975780467132e-13	5.584825201503508e-09	6.720195317843592e-14	6.661463402893567e-13	6.866549542992101e-18	5.0467387500767724e-08
0.0998	1.0483867922006296e-13	5.618523300837638e-09	6.747210822373092e-14	6.68824251514022e-13	6.894153680331112e-18	5.067004094721182e-08
0.1	1.0547012554039713e-13	5.652356629106858e-09	6.774280518513639e-14	6.715075343079717e-13	6.921813191742405e-18	5.0873099535109633e-08
0.10020000000000001	1.0610410182031113e-13	5.6863254566823975e-09	6.801404406257304e-14	6.741961886697289e-13	6.949528077224671e-18	5.107656325892393e-08
