0.0	0.0	0.0	0.0	0.0	0.0	0.0
0.0002	1.8994531929391086e-21	1.0186021376169054e-16	6.0970007301307185e-19	6.043844277158142e-18	6.22965626771615e-23	4.588975794205779e-13
0.0004	1.5195609652670938e-20	8.148798205149381e-16	2.4388001732023736e-18	2.4175374892402528e-17	2.4918624875311934e-22	1.8355819741089214e-12
0.0006000000000000001	5.1285128946228985e-20	2.750213016924976e-15	5.487300122293047e-18	5.439458852138858e-17	5.606690552945835e-22	4.1300406687902764e-12
0.0008	1.215646229682954e-19	6.519008330967284e-15	9.755199742010252e-18	9.670148183977225e-17	9.967449793682639e-22	7.342261148303663e-12
0.001	2.3743065594132576e-19	1.2732408621960457e-14	1.5242498854079167e-17	1.510960515232102e-16	1.5574140180408706e-21	1.1472230897601878e-11
0.0012000000000000001	4.102797444156735e-19	2.2001551080599057e-14	2.1949197280224983e-17	2.1757829424735976e-16	2.2426761683791142e-21	1.6519937401751494e-11
0.0014	6.515083572697145e-19	3.493756722898648e-14	2.987529484217291e-17	2.961482066878784e-16	3.052531427449704e-21	2.2485368145932838e-11
0.0016	9.725129157099723e-19	5.2151582920667814e-14	3.902079136164819e-17	3.8680578552042504e-16	3.98697979231935e-21	2.936851061544005e-11
0.0018000000000000002	1.3846897932712422e-18	7.425471834066275e-14	4.9385686660376056e-17	4.895510274206585e-16	5.046021260054765e-21	3.716935229568099e-11
0.002	1.899435315816715e-18	1.0185808800549827e-13	6.096998056008178e-17	6.043839290642384e-16	6.229655827722656e-21	4.58878806721773e-11
0.0022	2.528145761538104e-18	1.3557280076324183e-13	7.377367288249064e-17	7.313044871268252e-16	7.537883492389734e-21	5.5524083230564444e-11
0.0024000000000000002	3.2822173609557683e-18	1.760099597935338e-13	8.779676344932792e-17	8.703126982840798e-16	8.970704251122714e-21	6.607794745659158e-11
0.0026000000000000003	4.173046296918837e-18	2.2378066260762078e-13	1.0303925208231895e-16	1.0214085592116633e-15	1.0528118100988298e-20	7.75494608361217e-11
0.0028	5.2120287046053296e-18	2.79496001048388e-13	1.1950113860318905e-16	1.1845920665852379e-15	1.2210125039053204e-20	8.993861085513143e-11
0.003	6.410560671522295e-18	3.437670612903927e-13	1.3718242283366363e-16	1.3598632170804668e-15	1.4016725062384135e-20	1.0324538499971141e-10
0.0032	7.78003823750592e-18	4.172049238398962e-13	1.5608310459546798e-16	1.5472220073730127e-15	1.5947918168047812e-20	1.1746977075606577e-10
0.0034000000000000002	9.331857394721662e-18	5.00420663534898e-13	1.7620318371032752e-16	1.74666843413854e-15	1.800370435311094e-20	1.3261175561051263e-10
0.0036000000000000003	1.1077414087664367e-17	5.940253495451675e-13	1.975426599999677e-16	1.9582024940527134e-15	2.0184083614640226e-20	1.486713270494837e-10
0.0038	1.3028104213158406e-17	6.986300453722765e-13	2.2010153328611378e-16	2.1818241837911977e-15	2.2489055949702377e-20	1.6564847255952447e-10
0.004	1.519532362035779e-17	8.148458088496346e-13	2.438798033904914e-16	2.4175335000296582e-15	2.4918621355364125e-20	1.8354317962729436e-10
0.004200000000000001	1.7590468110746305e-17	9.432836921425194e-13	2.6887747013482595e-16	2.6653304394437633e-15	2.7472779828692166e-20	2.0235543573956644e-10
0.0044	2.02249334381376e-17	1.0845547417481084e-12	2.9509453334084285e-16	2.925214998709176e-15	3.01515313667532e-20	2.2208522838322744e-10
0.0046	2.3110115308675385e-17	1.2392699984955166e-12	3.225309928302675e-16	3.1971871745015676e-15	3.2954875966613943e-20	2.42732545045278e-10
0.0048000000000000004	2.6257409380833486e-17	1.4080404975458258e-12	3.5118684842482564e-16	3.481246963496606e-15	3.5882813625341144e-20	2.642973732128325e-10
0.005	2.9678211265415985e-17	1.5914772683921166e-12	3.8106209994624267e-16	3.777394362369957e-15	3.8935344340001456e-20	2.8677970037311886e-10
0.005200000000000001	3.338391652555739e-17	1.7901913348595044e-12	4.1215674721624414e-16	4.085629367797294e-15	4.2112468107661623e-20	3.1017951401347924e-10
0.0054	3.7385920676722655e-17	2.00479371510517e-12	4.444707900565555e-16	4.405951976454283e-15	4.5414184925388356e-20	3.3449680162136886e-10
0.0056	4.1695619186707467e-17	2.2358954216183915e-12	4.780042282889024e-16	4.738362185016597e-15	4.8840494790248356e-20	3.5973155068435737e-10
0.0058000000000000005	4.6324407475638227e-17	2.484107461220583e-12	5.127570617350107e-16	5.082859990159909e-15	5.239139769930833e-20	3.858837486901281e-10
0.006	5.1283680915972197e-17	2.750040835065318e-12	5.487292902166057e-16	5.4394453885598876e-15	5.606689364963501e-20	4.129533831264773e-10
0.006200000000000001	5.658483483249772e-17	3.0343065386383712e-12	5.859209135554132e-16	5.808118376892207e-15	5.98669826382951e-20	4.40940441481316e-10
0.0064	6.22392645023342e-17	3.3375155617577463e-12	6.243319315731585e-16	6.188878951832539e-15	6.379166466235527e-20	4.698449112426685e-10
0.0066	6.82583651549324e-17	3.66027888857371e-12	6.639623440915675e-16	6.581727110056558e-15	6.784093971888228e-20	4.996667798986729e-10
0.0068000000000000005	7.465353197207441e-17	4.003207497568829e-12	7.048121509323663e-16	6.986662848239939e-15	7.201480780494286e-20	5.304060349375812e-10
0.007	8.143616008787375e-17	4.366912361557989e-12	7.468813519172799e-16	7.403686163058356e-15	7.631326891760364e-20	5.620626638477588e-10
0.007200000000000001	8.861764458877579e-17	4.752004447688449e-12	7.901699468680344e-16	7.832797051187486e-15	8.073632305393144e-20	5.946366541176853e-10
0.0074	9.620938051355741e-17	5.159094717439852e-12	8.346779356063553e-16	8.273995509303001e-15	8.528397021099287e-20	6.281279932359535e-10
0.0076	1.0422276285332765e-16	5.588794126624279e-12	8.804053179539685e-16	8.727281534080583e-15	8.995621038585468e-20	6.625366686912706e-10
0.0078000000000000005	1.126691865515273e-16	6.041713625386264e-12	9.273520937326e-16	9.192655122195906e-15	9.475304357558363e-20	6.978626679724572e-10
0.008	1.2156004650392943e-16	6.518464158202835e-12	9.755182627639752e-16	9.670116270324649e-15	9.967446977724634e-20	7.341059785684472e-10
0.0082	1.309067375586394e-16	7.019656663883552e-12	1.0249038248698203e-15	1.0159664975142493e-14	1.047204889879096e-19	7.712665879682894e-10
0.008400000000000001	1.4072065451609478e-16	7.545902075570526e-12	1.0755087798718604e-15	1.0661301233325115e-14	1.098911012046401e-19	8.093444836611448e-10
0.0086	1.5101319212906572e-16	8.097811320738457e-12	1.127333127591822e-15	1.1175025041548187e-14	1.151863064245045e-19	8.483396531362897e-10
0.0088	1.6179574510265527e-16	8.675995321194687e-12	1.180376867851431e-15	1.1700836396487402e-14	1.206061046445696e-19	8.88252083883113e-10
0.009000000000000001	1.730797080942989e-16	9.281064993079198e-12	1.2346400004724128e-15	1.2238735294818439e-14	1.2615049586190204e-19	9.290817633911181e-10
0.0092	1.8487647571376502e-16	9.913631246864663e-12	1.2901225252764935e-15	1.278872173321697e-14	1.318194800735685e-19	9.708286791499213e-10
0.0094	1.971974425231552e-16	1.0574304987356497e-11	1.3468244420853992e-15	1.3350795708358686e-14	1.3761305727663585e-19	1.0134928186492535e-09
0.009600000000000001	2.1005400303690398e-16	1.1263697113692846e-11	1.4047457507208555e-15	1.3924957216919272e-14	1.435312274681707e-19	1.0570741693789591e-09
0.0098	2.2345755172177923e-16	1.198241851934466e-11	1.4638864510045886e-15	1.45112062555744e-14	1.495739906452397e-19	1.1015727188289954e-09
0.01	2.3741948299688225e-16	1.2731080092115713e-11	1.5242465427583244e-15	1.5109542820999763e-14	1.5574134680490968e-19	1.146988454489435e-09
0.0102	2.5195119123364777e-16	1.3510292714142618e-11	1.5858260258037886e-15	1.5719966909871046e-14	1.6203329594424725e-19	1.193321363850463e-09
0.010400000000000001	2.6706407075584417e-16	1.4320667261894894e-11	1.6486248999627076e-15	1.634247851886393e-14	1.684498380603192e-19	1.2405714344023788e-09
0.0106	2.8276951583957337e-16	1.5162814606174963e-11	1.7126431650568066e-15	1.69770776446541e-14	1.749909731501922e-19	1.2887386536355947e-09
0.0108	2.990789207132718e-16	1.603734561211822e-11	1.7778808209078135e-15	1.762376428391725e-14	1.8165670121093305e-19	1.3378230090406378e-09
0.011000000000000001	3.160036795577093e-16	1.6944871139193025e-11	1.8443378673374527e-15	1.828253843332906e-14	1.8844702223960835e-19	1.3878244881081494e-09
0.0112	3.3355518650598987e-16	1.788600204120076e-11	1.91201430416745e-15	1.895340008956522e-14	1.953619362332848e-19	1.4387430783288815e-09
0.0114	3.5174483564355217e-16	1.8861349166275885e-11	1.9809101312195325e-15	1.9636349249301418e-14	2.0240144318902914e-19	1.490578767193705e-09
0.011600000000000001	3.705840210081689e-16	1.987152335688592e-11	2.0510253483154264e-15	2.033138590921335e-14	2.095655431039082e-19	1.5433315421935985e-09
0.0118	3.90084136589947e-16	2.0917135449831487e-11	2.1223599552768567e-15	2.1038510065976692e-14	2.168542359749885e-19	1.5970013908196582e-09
0.012	4.1025657633132905e-16	2.1998796276246405e-11	2.1949139519255508e-15	2.175772171626714e-14	2.2426752179933696e-19	1.6515883005630945e-09
0.0122	4.311127341270913e-16	2.3117116661597626e-11	2.2686873380832335e-15	2.248902085676039e-14	2.3180540057402017e-19	1.7070922589152286e-09
0.012400000000000001	4.526640038243454e-16	2.427270742568537e-11	2.343680113571633e-15	2.3232407484132124e-14	2.3946787229610485e-19	1.7635132533674978e-09
0.0126	4.749217792225376e-16	2.546617938264306e-11	2.4198922782124735e-15	2.3987881595058045e-14	2.4725493696265757e-19	1.820851271411452e-09
0.0128	4.978974540734502e-16	2.669814334093741e-11	2.4973238318274817e-15	2.4755443186213832e-14	2.5516659457074533e-19	1.8791063005387553e-09
0.013000000000000001	5.216024220811996e-16	2.7969210103368478e-11	2.575974774238384e-15	2.5535092254275193e-14	2.6320284511743475e-19	1.9382783282411856e-09
0.0132	5.460480769022383e-16	2.927999046706962e-11	2.655845105266906e-15	2.6326828795917805e-14	2.7136368859979234e-19	1.9983673420106334e-09
0.0134	5.712458121453541e-16	3.063109522350764e-11	2.736934824734776e-15	2.7130652807817384e-14	2.7964912501488516e-19	2.0593733293391044e-09
0.013600000000000001	5.972070213716704e-16	3.202313515848269e-11	2.8192439324637184e-15	2.7946564286649605e-14	2.8805915435977963e-19	2.1212962777187183e-09
0.013800000000000002	6.239430980946464e-16	3.345672105212839e-11	2.90277242827546e-15	2.877456322909018e-14	2.9659377663154255e-19	2.1841361746417066e-09
0.014	6.514654357800767e-16	3.493246367891185e-11	2.9875203119917267e-15	2.961464963181479e-14	3.052529918272406e-19	2.2478930076004154e-09
0.0142	6.79785427846093e-16	3.645097380763369e-11	3.073487583434245e-15	3.046682349149914e-14	3.140367999439407e-19	2.312566764087305e-09
0.014400000000000001	7.089144676631624e-16	3.801286220142806e-11	3.1606742424247432e-15	3.133108480481893e-14	3.2294520097870933e-19	2.37815743159495e-09
0.0146	7.388639485540877e-16	3.9618739617762674e-11	3.2490802887849427e-15	3.220743356844985e-14	3.319781949286132e-19	2.4446649976160358e-09
0.0148	7.696452637940095e-16	4.126921680843893e-11	3.338705722336576e-15	3.309586977906759e-14	3.4113578179071925e-19	2.512089449643365e-09
0.015000000000000001	8.012698066104039e-16	4.2964904519591796e-11	3.4295505429013655e-15	3.399639343334788e-14	3.504179615620939e-19	2.5804307751698535e-09
0.0152	8.337489701830834e-16	4.4706413491689905e-11	3.5216147503010388e-15	3.49090045279664e-14	3.5982473423980404e-19	2.6496889616885264e-09
0.0154	8.67094147644198e-16	4.649435445953567e-11	3.614898344357322e-15	3.5833703059598864e-14	3.6935609982091636e-19	2.7198639966925297e-09
0.015600000000000001	9.01316732078234e-16	4.83293381522652e-11	3.709401324891943e-15	3.6770489024920934e-14	3.790120583024977e-19	2.7909558676751175e-09
0.0158	9.364281165220153e-16	5.0211975293348376e-11	3.8051236917266255e-15	3.771936242060836e-14	3.887926096816145e-19	2.86296456212966e-09
0.016	9.724396939647014e-16	5.214287660058888e-11	3.902065444683098e-15	3.868032324333681e-14	3.986977539553337e-19	2.935890067549639e-09
0.0162	1.0093628573477914e-15	5.412265278612426e-11	4.000226583583086e-15	3.9653371489782e-14	4.087274911207218e-19	3.0097323714286544e-09
0.0164	1.0472089995651212e-15	5.615191455642598e-11	4.099607108248319e-15	4.0638507156619657e-14	4.1888182117484574e-19	3.0844914612604155e-09
0.0166	1.0859895134628613e-15	5.823127261229926e-11	4.200207018500516e-15	4.1635730240525456e-14	4.29160744114772e-19	3.1601673245387465e-09
0.016800000000000002	1.1257157918395247e-15	6.036133764888347e-11	4.302026314161413e-15	4.26450407381751e-14	4.395642599375678e-19	3.236759948757586e-09
0.017	1.1663992274459566e-15	6.254272035565171e-11	4.40506499505273e-15	4.366643864624429e-14	4.500923686402991e-19	3.3142693214109876e-09
0.0172	1.208051212985345e-15	6.477603141641127e-11	4.509323060996197e-15	4.469992396140875e-14	4.607450702200331e-19	3.392695429993113e-09
0.017400000000000002	1.2506831411132145e-15	6.706188150930348e-11	4.614800511813541e-15	4.57454966803442e-14	4.715223646738364e-19	3.4720382619982455e-09
0.0176	1.2943064044374244e-15	6.940088130680356e-11	4.7214973473264845e-15	4.680315679972631e-14	4.824242519987757e-19	3.5522978049207754e-09
0.0178	1.3389323955181777e-15	7.179364147572102e-11	4.829413567356755e-15	4.7872904316230807e-14	4.934507321919178e-19	3.63347404625521e-09
0.018000000000000002	1.3845725068680122e-15	7.424077267719947e-11	4.9385491717260836e-15	4.895473922653342e-14	5.046018052503294e-19	3.715566973496173e-09
0.0182	1.4312381309518048e-15	7.674288556671658e-11	5.048904160256193e-15	5.0048661527309825e-14	5.158774711710771e-19	3.798576574138395e-09
0.0184	1.4789406601867711e-15	7.930059079408431e-11	5.160478532768811e-15	5.1154671215235725e-14	5.272777299512274e-19	3.882502835676724e-09
0.018600000000000002	1.5276914869424671e-15	8.191449900344894e-11	5.273272289085666e-15	5.227276828698687e-14	5.388025815878477e-19	3.967345745606123e-09
0.0188	1.577502003540784e-15	8.458522083329076e-11	5.3872854290284816e-15	5.340295273923893e-14	5.504520260780042e-19	4.053105291421664e-09
0.019	1.628383602255955e-15	8.731336691642462e-11	5.502517952418983e-15	5.4545224568667644e-14	5.622260634187637e-19	4.13978146061854e-09
0.019200000000000002	1.6803476753145536e-15	9.009954787999962e-11	5.6189698590789054e-15	5.569958377194874e-14	5.74124693607193e-19	4.227374240692055e-09
0.0194	1.7334056148954875e-15	9.294437434549916e-11	5.736641148829967e-15	5.686603034575787e-14	5.861479166403586e-19	4.31588361913762e-09
0.0196	1.787568813130009e-15	9.584845692874107e-11	5.855531821493899e-15	5.80445642867708e-14	5.982957325153273e-19	4.405309583450767e-09
0.0198	1.8428486621017063e-15	9.88124062398777e-11	5.975641876892427e-15	5.923518559166323e-14	6.105681412291663e-19	4.495652121127141e-09
0.02	1.89925655384651e-15	1.0183683288339572e-10	6.096971314847277e-15	6.043789425711088e-14	6.229651427789414e-19	4.586911219662498e-09
0.020200000000000003	1.956803880352688e-15	1.0492234745811642e-10	6.219520135180178e-15	6.165269027978944e-14	6.3548673716172e-19	4.679086866552712e-09
0.0204	2.0155020335608496e-15	1.080695605571955e-10	6.343288337712852e-15	6.287957365637467e-14	6.481329243745687e-19	4.772179049293763e-09
0.0206	2.0753624053639424e-15	1.1127908276812338e-10	6.468275922267031e-15	6.411854438354222e-14	6.60903704414554e-19	4.8661877553817535e-09
0.020800000000000003	2.1363963876072575e-15	1.1455152467272496e-10	6.594482888664442e-15	6.536960245796788e-14	6.737990772787429e-19	4.961112972312894e-09
0.021	2.198615372088422e-15	1.1788749684715973e-10	6.721909236726808e-15	6.663274787632732e-14	6.868190429642018e-19	5.056954687583509e-09
0.0212	2.2620307505574056e-15	1.2128760986192203e-10	6.850554966275858e-15	6.790798063529626e-14	6.999636014679976e-19	5.15371288869004e-09
0.021400000000000002	2.326653914716521e-15	1.2475247428184068e-10	6.980420077133323e-15	6.919530073155045e-14	7.132327527871973e-19	5.251387563129041e-09
0.0216	2.3924962562204148e-15	1.2828270066607933e-10	7.111504569120921e-15	7.049470816176559e-14	7.2662649691886705e-19	5.349978698397177e-09
0.0218	2.45956916667608e-15	1.3187889956813637e-10	7.243808442060385e-15	7.180620292261738e-14	7.401448338600738e-19	5.449486281991231e-09
0.022000000000000002	2.5278840376428513e-15	1.3554168153584505e-10	7.377331695773444e-15	7.312978501078159e-14	7.537877636078846e-19	5.549910301408095e-09
0.0222	2.5974522606323975e-15	1.3927165711137335e-10	7.512074330081819e-15	7.44654544229339e-14	7.675552861593654e-19	5.651250744144776e-09
0.0224	2.668285227108736e-15	1.430694368312241e-10	7.64803634480724e-15	7.581321115575004e-14	7.814474015115837e-19	5.753507597698397e-09
0.022600000000000002	2.7403943284882214e-15	1.469356312262352e-10	7.785217739771439e-15	7.717305520590575e-14	7.954641096616054e-19	5.856680849566197e-09
0.0228	2.8137909561395503e-15	1.5087085082157913e-10	7.923618514796132e-15	7.85449865700767e-14	8.09605410606498e-19	5.960770487245521e-09
0.023	2.8884865013837602e-15	1.5487570613676374e-10	8.063238669703054e-15	7.992900524493869e-14	8.238713043433278e-19	6.065776498233828e-09
0.023200000000000002	2.964492355494234e-15	1.5895080768563164e-10	8.204078204313932e-15	8.132511122716744e-14	8.382617908691622e-19	6.171698870028704e-09
0.0234	3.0418199096966907e-15	1.6309676597636036e-10	8.34613711845049e-15	8.273330451343859e-14	8.527768701810668e-19	6.2785375901278295e-09
0.0236	3.1204805551691926e-15	1.6731419151146266e-10	8.489415411934456e-15	8.415358510042794e-14	8.674165422761088e-19	6.386292646029014e-09
0.0238	3.2004856830421514e-15	1.7160369478778645e-10	8.633913084587558e-15	8.558595298481117e-14	8.821808071513555e-19	6.4949640252301755e-09
0.024	3.2818466843983067e-15	1.7596588629651463e-10	8.779630136231525e-15	8.703040816326405e-14	8.970696648038727e-19	6.604551715229342e-09
0.024200000000000003	3.364574950272754e-15	1.8040137652316518e-10	8.926566566688083e-15	8.848695063246229e-14	9.120831152307276e-19	6.71505570352466e-09
0.0244	3.448681871652923e-15	1.849107759475914e-10	9.074722375778952e-15	8.995558038908163e-14	9.27221158428987e-19	6.826475977614384e-09
0.0246	3.5341788394785897e-15	1.8949469504398193e-10	9.22409756332587e-15	9.143629742979774e-14	9.42483794395717e-19	6.938812524996891e-09
0.024800000000000003	3.62107724464187e-15	1.9415374428086027e-10	9.374692129150562e-15	9.292910175128643e-14	9.578710231279852e-19	7.052065333170666e-09
0.025	3.7093884779872265e-15	1.9888853412108553e-10	9.526506073074752e-15	9.443399335022335e-14	9.733828446228576e-19	7.166234389634305e-09
0.0252	3.799123930311456e-15	2.036996750218522e-10	9.679539394920167e-15	9.595097222328435e-14	9.890192588774009e-19	7.281319681886526e-09
0.025400000000000002	3.890294992363715e-15	2.0858777743468977e-10	9.833792094508535e-15	9.748003836714503e-14	1.0047802658886827e-18	7.397321197426154e-09
0.0256	3.9829130548454804e-15	2.135534518054634e-10	9.989264171661584e-15	9.902119177848117e-14	1.0206658656537688e-18	7.514238923752124e-09
0.0258	4.076989508410592e-15	2.1859730857437356e-10	1.0145955626201042e-14	1.0057443245396853e-13	1.0366760581697263e-18	7.632072848363499e-09
0.026000000000000002	4.172535743665224e-15	2.2371995817595638e-10	1.0303866457948636e-14	1.0213976039028282e-13	1.052810843433622e-18	7.750822958759444e-09
0.0262	4.269563151167895e-15	2.28922011039083e-10	1.0462996666726092e-14	1.0371717558409979e-13	1.069070221442522e-18	7.870489242439235e-09
0.0264	4.368083121429467e-15	2.3420407758696046e-10	1.0623346252355138e-14	1.0530667803209512e-13	1.0854541921934938e-18	7.991071686902275e-09
0.026600000000000002	4.468107044913146e-15	2.395667682371314e-10	1.0784915214657508e-14	1.0690826773094464e-13	1.101962755683604e-18	8.112570279648068e-09
0.0268	4.569646312034485e-15	2.450106934014737e-10	1.0947703553454914e-14	1.0852194467732398e-13	1.118595911909919e-18	8.234985008176236e-09
0.027	4.672712313161372e-15	2.505364634862011e-10	1.1111711268569097e-14	1.1014770886790893e-13	1.1353536608695052e-18	8.358315859986517e-09
0.027200000000000002	4.777316438614054e-15	2.5614468889186306e-10	1.1276938359821781e-14	1.1178556029937521e-13	1.1522360025594302e-18	8.482562822578762e-09
0.0274	4.8834700786651034e-15	2.6183598001334437e-10	1.1443384827034692e-14	1.1343549896839859e-13	1.1692429369767601e-18	8.60772588345293e-09
0.027600000000000003	4.9911846235394595e-15	2.6761094723986597e-10	1.1611050670029558e-14	1.150975248716548e-13	1.1863744641185616e-18	8.733805030109106e-09
0.027800000000000002	5.10047146341438e-15	2.734702009549841e-10	1.1779935888628106e-14	1.1677163800581956e-13	1.2036305839819019e-18	8.860800250047473e-09
0.028	5.211341988419489e-15	2.794143515365912e-10	1.1950040482652065e-14	1.1845783836756857e-13	1.221011296563847e-18	8.988711530768335e-09
0.028200000000000003	5.3238075886367455e-15	2.8544400935691533e-10	1.212136445192316e-14	1.2015612595357769e-13	1.2385166018614647e-18	9.117538859772117e-09
0.0284	5.437879654100455e-15	2.915597847825202e-10	1.2293907796263119e-14	1.218665007605225e-13	1.2561464998718207e-18	9.247282224559344e-09
0.0286	5.5535695747972676e-15	2.977622881743057e-10	1.2467670515493674e-14	1.2358896278507885e-13	1.2739009905919816e-18	9.377941612630663e-09
0.028800000000000003	5.67088874066618e-15	3.040521298875077e-10	1.2642652609436554e-14	1.2532351202392247e-13	1.2917800740190154e-18	9.50951701148684e-09
0.029	5.789848541598531e-15	3.1042992027169754e-10	1.2818854077913474e-14	1.270701484737291e-13	1.3097837501499876e-18	9.642008408628738e-09
0.0292	5.910460367438004e-15	3.168962696707829e-10	1.2996274920746168e-14	1.2882887213117449e-13	1.3279120189819651e-18	9.775415791557346e-09
0.029400000000000003	6.03273560798064e-15	3.234517884230076e-10	1.3174915137756375e-14	1.3059968299293429e-13	1.3461648805120154e-18	9.909739147773769e-09
0.0296	6.156685652974804e-15	3.3009708686095095e-10	1.3354774728765806e-14	1.323825810556843e-13	1.364542334737204e-18	1.0044978464779213e-08
0.0298	6.282321892121229e-15	3.3683277531152896e-10	1.3535853693596196e-14	1.3417756631610034e-13	1.3830443816545983e-18	1.0181133730075013e-08
0.030000000000000002	6.40965571507298e-15	3.4365946409599346e-10	1.3718152032069271e-14	1.3598463877085812e-13	1.4016710212612652e-18	1.0318204931162604e-08
0.0302	6.53869851143547e-15	3.5057776352993225e-10	1.3901669744006762e-14	1.3780379841663333e-13	1.420422253554271e-18	1.0456192055543541e-08
0.0304	6.6694616707664626e-15	3.5758828392326945e-10	1.4086406829230395e-14	1.3963504525010172e-13	1.4392980785306828e-18	1.0595095090719494e-08
0.030600000000000002	6.801956582576063e-15	3.646916355802657e-10	1.42723632875619e-14	1.4147837926793913e-13	1.4582984961875671e-18	1.0734914024192248e-08
0.0308	6.936194636326725e-15	3.718884287995173e-10	1.4459539118822997e-14	1.433338004668212e-13	1.4774235065219906e-18	1.0875648843463692e-08
0.031	7.0721872214332435e-15	3.791792738739572e-10	1.464793432283542e-14	1.452013088434237e-13	1.49667310953102e-18	1.101729953603584e-08
0.031200000000000002	7.209945727262776e-15	3.865647810908547e-10	1.4837548899420903e-14	1.4708090439442238e-13	1.5160473052117227e-18	1.1159866089410813e-08
0.031400000000000004	7.349481543134809e-15	3.9404556073181524e-10	1.502838284840116e-14	1.489725871164931e-13	1.5355460935611643e-18	1.1303348491090852e-08
0.0316	7.49080605832118e-15	4.0162222307278047e-10	1.5220436169597926e-14	1.5087635700631142e-13	1.5551694745764119e-18	1.1447746728578296e-08
0.0318	7.633930662046075e-15	4.0929537838402876e-10	1.5413708862832928e-14	1.5279221406055326e-13	1.5749174482545325e-18	1.1593060789375617e-08
0.032	7.778866743486036e-15	4.1706563693017486e-10	1.5608200927927896e-14	1.5472015827589422e-13	1.5947900145925923e-18	1.173929066098539e-08
0.0322	7.925625691769938e-15	4.2493360897017e-10	1.5803912364704554e-14	1.5666018964901018e-13	1.6147871735876584e-18	1.1886436330910308e-08
0.0324	8.07421889597901e-15	4.328999047573018e-10	1.6000843172984632e-14	1.5861230817657684e-13	1.6349089252367977e-18	1.2034497786653175e-08
0.032600000000000004	8.224657745146836e-15	4.409651345391949e-10	1.6198993352589868e-14	1.6057651385526997e-13	1.6551552695370768e-18	1.2183475015716913e-08
0.0328	8.376953628259327e-15	4.4912990855780925e-10	1.6398362903341968e-14	1.625528066817653e-13	1.675526206485562e-18	1.2333368005604544e-08
0.033	8.53111793425476e-15	4.573948370494427e-10	1.659895182506267e-14	1.6454118665273863e-13	1.6960217360793206e-18	1.248417674381922e-08
0.0332	8.687162052023753e-15	4.657605302447291e-10	1.6800760117573704e-14	1.6654165376486564e-13	1.7166418583154187e-18	1.2635901217864201e-08
0.0334	8.845097370409276e-15	4.74227598368639e-10	1.7003787780696804e-14	1.685542080148221e-13	1.7373865731909236e-18	1.2788541415242855e-08
0.033600000000000005	9.004935278206649e-15	4.827966516404806e-10	1.7208034814253695e-14	1.7057884939928387e-13	1.7582558807029026e-18	1.2942097323458679e-08
0.033800000000000004	9.166687164163518e-15	4.914683002738969e-10	1.74135012180661e-14	1.7261557791492654e-13	1.779249780848421e-18	1.3096568930015262e-08
0.034	9.330364416979908e-15	5.002431544768693e-10	1.7620186991955742e-14	1.7466439355842597e-13	1.8003682736245458e-18	1.3251956222416326e-08
0.0342	9.49597842530818e-15	5.091218244517153e-10	1.7828092135744365e-14	1.7672529632645791e-13	1.8216113590283435e-18	1.3408259188165687e-08
0.0344	9.663540577753034e-15	5.181049203950895e-10	1.8037216649253677e-14	1.787982862156981e-13	1.8429790370568824e-18	1.3565477814767293e-08
0.0346	9.833062262871536e-15	5.271930524979831e-10	1.8247560532305424e-14	1.808833632228223e-13	1.8644713077072276e-18	1.3723612089725199e-08
0.034800000000000005	1.0004554869173097e-14	5.36386830945725e-10	1.845912378472133e-14	1.8298052734450634e-13	1.8860881709764465e-18	1.3882662000543581e-08
0.035	1.0178029785119457e-14	5.456868659179794e-10	1.8671906406323116e-14	1.8508977857742589e-13	1.9078296268616058e-18	1.4042627534726706e-08
0.0352	1.0353498399124724e-14	5.550937675887488e-10	1.8885908396932515e-14	1.872111169182567e-13	1.9296956753597722e-18	1.4203508679778976e-08
0.0354	1.053097209955536e-14	5.646081461263723e-10	1.910112975637125e-14	1.893445423636746e-13	1.951686316468012e-18	1.4365305423204902e-08
0.0356	1.0710462274730163e-14	5.742306116935263e-10	1.9317570484461055e-14	1.914900549103553e-13	1.9738015501833925e-18	1.4528017752509101e-08
0.0358	1.089198031292028e-14	5.839617744472237e-10	1.9535230581023662e-14	1.9364765455497455e-13	1.9960413765029796e-18	1.4691645655196316e-08
0.036000000000000004	1.1075537602349228e-14	5.938022445388154e-10	1.9754110045880797e-14	1.9581734129420835e-13	2.0184057954238422e-18	1.4856189118771403e-08
0.0362	1.1261145531192847e-14	6.037526321139879e-10	1.997420887885418e-14	1.9799911512473212e-13	2.0408948069430446e-18	1.5021648130739308e-08
0.0364	1.1448815487579337e-14	6.138135473127662e-10	2.0195527079765547e-14	2.0019297604322175e-13	2.0635084110576543e-18	1.5188022678605128e-08
0.0366	1.163855885958925e-14	6.239856002695121e-10	2.0418064648436622e-14	2.02398924046353e-13	2.086246607764737e-18	1.535531274987403e-08
0.0368	1.1830387035255495e-14	6.342694011129247e-10	2.064182158468914e-14	2.046169591308017e-13	2.109109397061361e-18	1.552351833205134e-08
0.037000000000000005	1.2024311402563324e-14	6.446655599660404e-10	2.0866797888344822e-14	2.0684708129324362e-13	2.1320967789445936e-18	1.569263941264247e-08
0.037200000000000004	1.222034334945033e-14	6.551746869462324e-10	2.1092993559225398e-14	2.0908929053035443e-13	2.1552087534114993e-18	1.5862675979152945e-08
0.0374	1.2418494263806461e-14	6.657973921652113e-10	2.1320408597152597e-14	2.1134358683880995e-13	2.1784453204591465e-18	1.603362801908841e-08
0.0376	1.2618775533474036e-14	6.765342857290258e-10	2.1549043001948148e-14	2.136099702152859e-13	2.2018064800846013e-18	1.6205495519954633e-08
0.0378	1.28211985462477e-14	6.873859777380614e-10	2.177889677343377e-14	2.1588844065645817e-13	2.2252922322849296e-18	1.6378278469257482e-08
0.038	1.3025774689874455e-14	6.983530782870408e-10	2.2009969911431208e-14	2.181789981590024e-13	2.2489025770572004e-18	1.6551976854502945e-08
0.038200000000000005	1.3232515352053672e-14	7.094361974650253e-10	2.224226241576219e-14	2.2048164271959453e-13	2.2726375143984787e-18	1.6726590663197128e-08
0.038400000000000004	1.3441431920437037e-14	7.206359453554119e-10	2.2475774286248434e-14	2.2279637433491013e-13	2.2964970443058308e-18	1.690211988284623e-08
0.0386	1.3652535782628617e-14	7.319529320359369e-10	2.2710505522711667e-14	2.2512319300162506e-13	2.3204811667763243e-18	1.707856450095659e-08
0.0388	1.3865838326184818e-14	7.433877675786725e-10	2.2946456124973623e-14	2.2746209871641504e-13	2.3445898818070256e-18	1.7255924505034638e-08
0.039	1.4081350938614407e-14	7.549410620500299e-10	2.318362609285603e-14	2.298130914759559e-13	2.368823189395002e-18	1.7434199882586937e-08
0.0392	1.4299085007378494e-14	7.66613425510757e-10	2.342201542618062e-14	2.321761712769234e-13	2.3931810895373195e-18	1.7613390621120147e-08
0.039400000000000004	1.4519051919890548e-14	7.784054680159401e-10	2.366162412476912e-14	2.3455133811599345e-13	2.4176635822310464e-18	1.7793496708141066e-08
0.0396	1.4741263063516362e-14	7.903177996150024e-10	2.390245218844325e-14	2.369385919898416e-13	2.4422706674732468e-18	1.7974518131156563e-08
0.0398	1.4965729825574133e-14	8.023510303517053e-10	2.4144499617024747e-14	2.393379328951437e-13	2.4670023452609887e-18	1.8156454877673666e-08
0.04	1.519246359333436e-14	8.145057702641477e-10	2.438776641033533e-14	2.417493608285756e-13	2.4918586155913386e-18	1.8339306935199493e-08
0.0402	1.5421475754019918e-14	8.267826293847665e-10	2.4632252568196735e-14	2.441728757868129e-13	2.5168394784613643e-18	1.852307429124128e-08
0.040400000000000005	1.5652777694806048e-14	8.391822177403365e-10	2.487795809043071e-14	2.4660847776653163e-13	2.5419449338681312e-18	1.8707756933306382e-08
0.040600000000000004	1.5886380802820308e-14	8.517051453519698e-10	2.512488297685894e-14	2.490561667644074e-13	2.567174981808706e-18	1.889335484890225e-08
0.0408	1.6122296465142633e-14	8.64352022235117e-10	2.537302722730319e-14	2.5151594277711605e-13	2.592529622280157e-18	1.9079868025536465e-08
0.041	1.6360536068805297e-14	8.771234583995664e-10	2.5622390841585173e-14	2.5398780580133323e-13	2.6180088552795493e-18	1.9267296450716725e-08
0.0412	1.6601111000792952e-14	8.900200638494443e-10	2.587297381952662e-14	2.564717558337348e-13	2.643612680803951e-18	1.9455640111950826e-08
0.0414	1.6844032648042576e-14	9.030424485832143e-10	2.6124776160949263e-14	2.5896779287099665e-13	2.6693410988504264e-18	1.964489899674668e-08
0.041600000000000005	1.7089312397443517e-14	9.161912225936794e-10	2.6377797865674828e-14	2.614759169097945e-13	2.695194109416046e-18	1.9835073092612338e-08
0.041800000000000004	1.7336961635837446e-14	9.294669958679791e-10	2.6632038933525047e-14	2.6399612794680404e-13	2.721171712497873e-18	2.0026162387055926e-08
0.042	1.7586991750018438e-14	9.42870378387592e-10	2.6887499364321644e-14	2.6652842597870105e-13	2.7472739080929756e-18	2.02181668675857e-08
0.0422	1.7839414126732878e-14	9.564019801283346e-10	2.7144179157886345e-14	2.6907281100216144e-13	2.77350069619842e-18	2.041108652171005e-08
0.0424	1.8094240152679518e-14	9.700624110603618e-10	2.7402078314040882e-14	2.716292830138609e-13	2.799852076811274e-18	2.060492133693745e-08
0.0426	1.8351481214509478e-14	9.838522811481655e-10	2.766119683260699e-14	2.7419784201047527e-13	2.8263280499286032e-18	2.07996713007765e-08
0.042800000000000005	1.8611148698826226e-14	9.97772200350578e-10	2.7921534713406405e-14	2.767784879886803e-13	2.852928615547476e-18	2.0995336400735918e-08
0.043000000000000003	1.887325399218555e-14	1.0118227786207666e-09	2.8183091956260826e-14	2.793712209451518e-13	2.8796537736649567e-18	2.1191916624324522e-08
0.0432	1.9137808481095637e-14	1.0260046259062407e-09	2.844586856099201e-14	2.819760408765655e-13	2.906503524278113e-18	2.1389411959051254e-08
0.0434	1.9404823552017012e-14	1.0403183521488439e-09	2.8709864527421664e-14	2.845929477795972e-13	2.933477867384012e-18	2.158782239242518e-08
0.0436	1.9674310591362547e-14	1.0547645672847628e-09	2.897507985537154e-14	2.8722194165092264e-13	2.96057680297972e-18	2.1787147911955447e-08
0.0438	1.9946280985497483e-14	1.0693438812445173e-09	2.924151454466335e-14	2.8986302248721777e-13	2.9878003310623038e-18	2.1987388505151347e-08
0.044000000000000004	2.022074612073941e-14	1.0840569039529714e-09	2.9509168595118835e-14	2.9251619028515834e-13	3.015148451628832e-18	2.218854415952228e-08
0.0442	2.0497717383358258e-14	1.0989042453293213e-09	2.9778042006559706e-14	2.9518144504142007e-13	3.042621164676368e-18	2.239061486257774e-08
0.0444	2.0777206159576314e-14	1.1138865152871068e-09	3.004813477880771e-14	2.9785878675267863e-13	3.07021847020198e-18	2.2593600601827347e-08
0.0446	2.105922383556826e-14	1.1290043237342028e-09	3.031944691168457e-14	3.0054821541561e-13	3.097940368202735e-18	2.279750136478085e-08
0.0448	2.134378179746108e-14	1.1442582805728256e-09	3.0591978405012e-14	3.032497310268899e-13	3.1257868586757e-18	2.300231713894809e-08
0.045000000000000005	2.1630891431334154e-14	1.159648995699528e-09	3.0865729258611776e-14	3.059633335831942e-13	3.1537579416179404e-18	2.3208047911839038e-08
0.045200000000000004	2.192056412321918e-14	1.1751770790052019e-09	3.114069947230557e-14	3.086890230811986e-13	3.181853617026524e-18	2.341469367096376e-08
0.0454	2.2212811259100234e-14	1.190843140375077e-09	3.141688904591513e-14	3.114267995175787e-13	3.2100738848985182e-18	2.3622254403832437e-08
0.0456	2.2507644224913756e-14	1.2066477896887241e-09	3.1694297979262195e-14	3.141766628890107e-13	3.2384187452309878e-18	2.38307300979554e-08
0.0458	2.2805074406548514e-14	1.2225916368200504e-09	3.197292627216849e-14	3.1693861319217015e-13	3.2668881980210007e-18	2.4040120740843035e-08
0.046	2.3105113189845664e-14	1.2386752916373033e-09	3.2252773924455746e-14	3.197126504237329e-13	3.2954822432656236e-18	2.425042632000588e-08
0.046200000000000005	2.3407771960598703e-14	1.2548993640030681e-09	3.253384093594569e-14	3.224987745803749e-13	3.3242008809619243e-18	2.44616468229546e-08
0.046400000000000004	2.3713062104553465e-14	1.2712644637742688e-09	3.2816127306460057e-14	3.2529698565877155e-13	3.3530441111069673e-18	2.4673782237199923e-08
0.0466	2.4020995007408163e-14	1.2877712008021677e-09	3.3099633035820554e-14	3.281072836555989e-13	3.38201193369782e-18	2.4886832550252735e-08
0.0468	2.4331582054813376e-14	1.3044201849323687e-09	3.338435812384894e-14	3.3092966856753276e-13	3.4111043487315496e-18	2.5100797749624015e-08
0.047	2.4644834632372e-14	1.3212120260048109e-09	3.3670302570366925e-14	3.3376414039124893e-13	3.4403213562052224e-18	2.5315677822824867e-08
0.0472	2.496076412563933e-14	1.3381473338537756e-09	3.395746637519624e-14	3.3661069912342313e-13	3.4696629561159056e-18	2.5531472757366503e-08
0.047400000000000005	2.5279381920123013e-14	1.3552267183078814e-09	3.424584953815862e-14	3.394693447607312e-13	3.499129148460667e-18	2.574818254076025e-08
0.0476	2.5600699401283016e-14	1.3724507891900845e-09	3.453545205907579e-14	3.423400772998489e-13	3.528719933236571e-18	2.5965807160517535e-08
0.0478	2.5924727954531678e-14	1.3898201563176834e-09	3.4826273937769474e-14	3.45222896737452e-13	3.558435310440685e-18	2.6184346604149915e-08
0.048	2.625147896523373e-14	1.4073354295023139e-09	3.5118315174061427e-14	3.481178030702165e-13	3.588275280070076e-18	2.6403800859169065e-08
0.0482	2.658096381870621e-14	1.4249972185499497e-09	3.5411575767773345e-14	3.51024796294818e-13	3.618239842121812e-18	2.6624169913086745e-08
0.048400000000000006	2.6913193900218576e-14	1.4428061332609065e-09	3.570605571872699e-14	3.539438764079324e-13	3.648328996592957e-18	2.6845453753414874e-08
0.048600000000000004	2.724818059499258e-14	1.4607627834298366e-09	3.600175502674405e-14	3.568750434062355e-13	3.6785427434805804e-18	2.7067652367665437e-08
0.0488	2.758593528820233e-14	1.4788677788457316e-09	3.6298673691646275e-14	3.5981829728640295e-13	3.708881082781747e-18	2.729076574335056e-08
0.049	2.7926469364974348e-14	1.4971217292919255e-09	3.6596811713255406e-14	3.627736380451107e-13	3.739344014493524e-18	2.751479386798248e-08
0.0492	2.8269794210387498e-14	1.5155252445460876e-09	3.6896169091393166e-14	3.6574106567903455e-13	3.769931538612979e-18	2.773973672907354e-08
0.0494	2.861592120947294e-14	1.5340789343802277e-09	3.719674582588128e-14	3.687205801848502e-13	3.800643655137178e-18	2.7965594314136204e-08
0.049600000000000005	2.896486174721429e-14	1.552783408560697e-09	3.749854191654149e-14	3.717121815592337e-13	3.831480364063189e-18	2.8192366610683054e-08
0.049800000000000004	2.931662720854745e-14	1.5716392768481836e-09	3.78015573631955e-14	3.7471586979886055e-13	3.862441665388076e-18	2.842005360622676e-08
0.05	2.96712289783607e-14	1.5906471489977148e-09	3.810579216566506e-14	3.777316449004066e-13	3.8935275591089075e-18	2.8648655288280133e-08
0.0502	3.0028678441494674e-14	1.60980763475866e-09	3.8411246323771885e-14	3.80759506860548e-13	3.924738045222748e-18	2.8878171644356092e-08
0.0504	3.038898698274237e-14	1.6291213438747258e-09	3.871791983733773e-14	3.8379945567596026e-13	3.9560731237266694e-18	2.9108602661967668e-08
0.0506	3.0752165986849174e-14	1.6485888860839578e-09	3.902581270618428e-14	3.8685149134331903e-13	3.987532794617734e-18	2.933994832862799e-08
0.050800000000000005	3.1118226838512797e-14	1.668210871118744e-09	3.9334924930133314e-14	3.8991561385930055e-13	4.019117057893012e-18	2.957220863185033e-08
0.051000000000000004	3.1487180922383265e-14	1.687987908705809e-09	3.9645256509006525e-14	3.929918232205804e-13	4.050825913549565e-18	2.980538355914804e-08
0.0512	3.1859039623063067e-14	1.7079206085662175e-09	3.9956807442625665e-14	3.960801194238341e-13	4.082659361584464e-18	3.0039473098034604e-08
0.0514	3.2233814325106984e-14	1.7280095804153763e-09	4.0269577730812445e-14	3.991805024657381e-13	4.1146174019947734e-18	3.027447723602364e-08
0.0516	3.261151641302215e-14	1.748255433963028e-09	4.0583567373388614e-14	4.0229297234296763e-13	4.1467000347775605e-18	3.051039596062883e-08
0.051800000000000006	3.299215727126811e-14	1.7686587789132595e-09	4.089877637017589e-14	4.054175290521988e-13	4.1789072599298946e-18	3.074722925936403e-08
0.052000000000000005	3.33757482842567e-14	1.7892202249644914e-09	4.121520472099601e-14	4.085541725901074e-13	4.211239077448839e-18	3.098497711974314e-08
0.0522	3.376230083635218e-14	1.8099403818094904e-09	4.1532852425670693e-14	4.1170290295336907e-13	4.24369548733146e-18	3.122363952928023e-08
0.0524	3.415182631187112e-14	1.8308198591353577e-09	4.1851719484021675e-14	4.1486372013865993e-13	4.2762764895748265e-18	3.146321647548947e-08
0.0526	3.454433609508248e-14	1.8518592666235388e-09	4.217180589587069e-14	4.1803662414265544e-13	4.3089820841760056e-18	3.170370794588514e-08
0.0528	3.493984157020758e-14	1.8730592139498145e-09	4.249311166103945e-14	4.212216149620317e-13	4.341812271132064e-18	3.19451139279816e-08
0.053000000000000005	3.533835412142009e-14	1.8944203107843117e-09	4.281563677934972e-14	4.244186925934645e-13	4.3747670504400674e-18	3.21874344092934e-08
0.053200000000000004	3.573988513284602e-14	1.915943166791489e-09	4.3139381250623196e-14	4.276278570336295e-13	4.4078464220970815e-18	3.2430669377335124e-08
0.0534	3.614444598856378e-14	1.9376283916301523e-09	4.346434507468162e-14	4.308491082792025e-13	4.441050386100175e-18	3.267481881962151e-08
0.0536	3.655204807260414e-14	1.9594765949534427e-09	4.37905282513467e-14	4.340824463268595e-13	4.4743789424464125e-18	3.291988272366741e-08
0.0538	3.696270276895017e-14	1.981488386408844e-09	4.411793078044019e-14	4.3732787117327614e-13	4.507832091132862e-18	3.316586107698779e-08
0.054	3.7376421461537374e-14	2.0036643756381796e-09	4.444655266178384e-14	4.4058538281512846e-13	4.5414098321565906e-18	3.341275386709771e-08
0.054200000000000005	3.7793215534253604e-14	2.0260051722776136e-09	4.477639389519935e-14	4.4385498124909206e-13	4.575112165514667e-18	3.3660561081512365e-08
0.054400000000000004	3.8213096370939027e-14	2.0485113859576455e-09	4.510745448050845e-14	4.471366664718427e-13	4.6089390912041524e-18	3.390928270774704e-08
0.0546	3.863607535538619e-14	2.0711836263031215e-09	4.543973441753287e-14	4.5043043848005653e-13	4.642890609222118e-18	3.415891873331717e-08
0.0548	3.906216387134003e-14	2.094022502933224e-09	4.5773233706094347e-14	4.537362972704091e-13	4.676966719565628e-18	3.4409469145738253e-08
0.055	3.949137330249785e-14	2.117028625461478e-09	4.610795234601462e-14	4.570542428395763e-13	4.711167422231751e-18	3.466093393252598e-08
0.055200000000000006	3.992371503250927e-14	2.140202603495747e-09	4.64438903371154e-14	4.60384275184234e-13	4.745492717217553e-18	3.491331308119605e-08
0.055400000000000005	4.035920044497626e-14	2.163545046638234e-09	4.678104767921842e-14	4.63726394301058e-13	4.779942604520101e-18	3.5166606579264346e-08
0.055600000000000004	4.079784092345323e-14	2.1870565644854833e-09	4.7119424372145424e-14	4.670806001867241e-13	4.814517084136462e-18	3.5420814414246866e-08
0.0558	4.123964785144691e-14	2.2107377666283824e-09	4.745902041571813e-14	4.704468928379082e-13	4.849216156063702e-18	3.567593657365969e-08
0.056	4.1684632612416347e-14	2.234589262652154e-09	4.7799835809758266e-14	4.738252722512858e-13	4.8840398202988864e-18	3.5931973045019015e-08
0.0562	4.213280658977302e-14	2.2586116621363654e-09	4.8141870554087565e-14	4.772157384235332e-13	4.918988076839085e-18	3.618892381584119e-08
0.056400000000000006	4.258418116688076e-14	2.2828055746549223e-09	4.8485124648527773e-14	4.80618291351326e-13	4.954060925681365e-18	3.644678887364265e-08
0.056600000000000004	4.303876772705573e-14	2.307171609776071e-09	4.882959809290059e-14	4.8403293103134e-13	4.989258366822788e-18	3.67055682059399e-08
0.0568	4.349657765356643e-14	2.3317103770623976e-09	4.9175290887027767e-14	4.87459657460251e-13	5.024580400260425e-18	3.696526180024966e-08
0.057	4.39576223296338e-14	2.356422486070831e-09	4.952220303073104e-14	4.908984706347347e-13	5.06002702599134e-18	3.7225869644088664e-08
0.0572	4.4421913138431114e-14	2.3813085463526388e-09	4.987033452383211e-14	4.943493705514674e-13	5.0955982440126025e-18	3.748739172497381e-08
0.0574	4.488946146308397e-14	2.406369167453431e-09	5.0219685366152736e-14	4.978123572071246e-13	5.131294054321279e-18	3.774982803042213e-08
0.057600000000000005	4.536027868667038e-14	2.431604958913156e-09	5.057025555751465e-14	5.012874305983822e-13	5.167114456914435e-18	3.8013178547950704e-08
0.057800000000000004	4.5834376192220676e-14	2.457016530266104e-09	5.0922045097739554e-14	5.04774590721916e-13	5.2030594517891365e-18	3.827744326507677e-08
0.058	4.63117653627176e-14	2.482604491040905e-09	5.127505398664919e-14	5.082738375744018e-13	5.239129038942451e-18	3.854262216931768e-08
0.0582	4.6792457581096186e-14	2.508369450760532e-09	5.16292822240653e-14	5.117851711525153e-13	5.275323218371445e-18	3.880871524819088e-08
0.0584	4.727646423024392e-14	2.5343120189422957e-09	5.198472980980957e-14	5.153085914529328e-13	5.311641990073187e-18	3.907572248921395e-08
0.058600000000000006	4.776379669300062e-14	2.5604328050978534e-09	5.234139674370382e-14	5.188440984723298e-13	5.348085354044743e-18	3.934364387990458e-08
0.058800000000000005	4.825446635215842e-14	2.586732418733192e-09	5.2699283025569704e-14	5.223916922073818e-13	5.3846533102831785e-18	3.9612479407780555e-08
0.059000000000000004	4.874848459046186e-14	2.613211469348652e-09	5.3058388655228975e-14	5.259513726547652e-13	5.421345858785559e-18	3.988222906035978e-08
0.0592	4.9245862790607833e-14	2.6398705664389053e-09	5.341871363250335e-14	5.295231398111556e-13	5.4581629995489545e-18	4.015289282516029e-08
0.0594	4.9746612335245646e-14	2.6667103194929726e-09	5.378025795721458e-14	5.331069936732289e-13	5.495104732570429e-18	4.0424470689700226e-08
0.0596	5.025074460697687e-14	2.693731337994208e-09	5.41430216291844e-14	5.367029342376608e-13	5.5321710578470516e-18	4.069696264149784e-08
0.059800000000000006	5.075827098835555e-14	2.720934231420314e-09	5.450700464823451e-14	5.403109615011273e-13	5.569361975375888e-18	4.09703686680715e-08
0.060000000000000005	5.126920286188798e-14	2.748319609243324e-09	5.487220701418665e-14	5.439310754603043e-13	5.6066774851540035e-18	4.1244688756939654e-08
0.060200000000000004	5.178355161003294e-14	2.775888080929625e-09	5.523862872686257e-14	5.475632761118673e-13	5.644117587178467e-18	4.151992289562093e-08
0.0604	5.230132861520147e-14	2.8036402559399345e-09	5.5606269786083994e-14	5.512075634524927e-13	5.681682281446345e-18	4.179607107163402e-08
0.0606	5.2822545259757045e-14	2.831576743729318e-09	5.5975130191672644e-14	5.548639374788554e-13	5.719371567954702e-18	4.207313327249774e-08
0.0608	5.334721292601549e-14	2.8596981537471776e-09	5.6345209943450246e-14	5.585323981876322e-13	5.757185446700607e-18	4.235110948573102e-08
0.061000000000000006	5.387534299624498e-14	2.888005095437262e-09	5.671650904123856e-14	5.622129455754985e-13	5.795123917681128e-18	4.262999969885294e-08
0.061200000000000004	5.440694685266601e-14	2.916498178237653e-09	5.708902748485927e-14	5.659055796391303e-13	5.8331869808933275e-18	4.290980389938261e-08
0.0614	5.494203587745155e-14	2.945178011580782e-09	5.746276527413413e-14	5.696103003752031e-13	5.871374636334275e-18	4.319052207483933e-08
0.0616	5.548062145272687e-14	2.9740452048934154e-09	5.783772240888487e-14	5.733271077803933e-13	5.909686884001036e-18	4.347215421274247e-08
0.0618	5.6022714960569584e-14	3.0031003675966663e-09	5.821389888893323e-14	5.77056001851376e-13	5.948123723890679e-18	4.375470030061156e-08
0.062	5.656832778300971e-14	3.032344109105984e-09	5.859129471410092e-14	5.807969825848279e-13	5.986685156000269e-18	4.403816032596619e-08
0.062200000000000005	5.711747130202966e-14	3.0617770388311634e-09	5.896990988420973e-14	5.845500499774242e-13	6.025371180326876e-18	4.43225342763261e-08
0.062400000000000004	5.767015689956415e-14	3.091399766176339e-09	5.934974439908129e-14	5.883152040258408e-13	6.064181796867561e-18	4.4607822139211117e-08
0.0626	5.822639595750025e-14	3.121212900539986e-09	5.97307982585374e-14	5.920924447267538e-13	6.103117005619394e-18	4.48940239021412e-08
0.06280000000000001	5.878619985767749e-14	3.1512170513149224e-09	6.011307146239977e-14	5.958817720768392e-13	6.1421768065794435e-18	4.518113955263643e-08
0.063	5.934957998188765e-14	3.181412827888305e-09	6.04965640104901e-14	5.996831860727723e-13	6.181361199744771e-18	4.546916907821696e-08
0.0632	5.9916547711875e-14	3.2118008396416385e-09	6.088127590263022e-14	6.034966867112294e-13	6.220670185112449e-18	4.575811246640312e-08
0.0634	6.048711442933601e-14	3.2423816959507605e-09	6.126720713864174e-14	6.073222739888859e-13	6.26010376267954e-18	4.604796970471528e-08
0.0636	6.106129151591976e-14	3.273156006185859e-09	6.165435771834648e-14	6.111599479024183e-13	6.299661932443115e-18	4.6338740780674e-08
0.06380000000000001	6.163909035322747e-14	3.304124379711458e-09	6.204272764156615e-14	6.150097084485018e-13	6.339344694400236e-18	4.6630425681799895e-08
0.064	6.22205223228128e-14	3.3352874258864224e-09	6.243231690812243e-14	6.188715556238125e-13	6.3791520485479725e-18	4.692302439561371e-08
0.06420000000000001	6.280559880618186e-14	3.3666457540639653e-09	6.282312551783709e-14	6.227454894250266e-13	6.4190839948833905e-18	4.721653690963633e-08
0.0644	6.339433118479297e-14	3.3981999735916325e-09	6.321515347053187e-14	6.266315098488193e-13	6.459140533403557e-18	4.751096321138869e-08
0.0646	6.398673084005696e-14	3.429950693811321e-09	6.360840076602849e-14	6.305296168918668e-13	6.4993216641055386e-18	4.780630328839192e-08
0.0648	6.458280915333692e-14	3.4618985240592605e-09	6.400286740414868e-14	6.34439810550845e-13	6.539627386986402e-18	4.81025571281672e-08
0.065	6.518257750594844e-14	3.4940440736660324e-09	6.439855338471417e-14	6.383620908224296e-13	6.580057702043213e-18	4.839972471823586e-08
0.06520000000000001	6.57860472791594e-14	3.5263879519565514e-09	6.479545870754672e-14	6.422964577032968e-13	6.620612609273042e-18	4.869780604611933e-08
0.0654	6.639322985418992e-14	3.558930768250075e-09	6.519358337246797e-14	6.462429111901219e-13	6.66129210867295e-18	4.8996801099339116e-08
0.0656	6.700413661221276e-14	3.59167313186021e-09	6.559292737929977e-14	6.502014512795813e-13	6.702096200240008e-18	4.9296709865416935e-08
0.0658	6.761877893435278e-14	3.624615652094896e-09	6.599349072786374e-14	6.541720779683502e-13	6.74302488397128e-18	4.959753233187449e-08
0.066	6.823716820168744e-14	3.6577589382564226e-09	6.639527341798171e-14	6.581547912531054e-13	6.7840781598638364e-18	4.989926848623374e-08
0.06620000000000001	6.885931579524639e-14	3.6911035996414153e-09	6.679827544947537e-14	6.621495911305219e-13	6.825256027914742e-18	5.020191831601663e-08
0.0664	6.948523309601168e-14	3.724650245540843e-09	6.72024968221664e-14	6.661564775972757e-13	6.86655848812106e-18	5.050548180874529e-08
0.0666	7.011493148491787e-14	3.75839948524002e-09	6.760793753587665e-14	6.701754506500431e-13	6.907985540479864e-18	5.080995895194193e-08
0.0668	7.074842234285169e-14	3.792351928018599e-09	6.801459759042768e-14	6.742065102854993e-13	6.949537184988212e-18	5.1115349733128893e-08
0.067	7.138571705065242e-14	3.826508183150579e-09	6.842247698564141e-14	6.782496565003207e-13	6.991213421643182e-18	5.1421654139828647e-08
0.06720000000000001	7.202682698911157e-14	3.8608688599042985e-09	6.883157572133943e-14	6.823048892911832e-13	7.033014250441832e-18	5.1728872159563754e-08
0.0674	7.267176353897301e-14	3.895434567542431e-09	6.924189379734354e-14	6.863722086547621e-13	7.074939671381228e-18	5.203700377985685e-08
0.06760000000000001	7.332053808093318e-14	3.930205915322009e-09	6.965343121347545e-14	6.904516145877338e-13	7.116989684458445e-18	5.23460489882308e-08
0.0678	7.397316199564063e-14	3.965183512494393e-09	7.006618796955685e-14	6.945431070867737e-13	7.15916428967054e-18	5.265600777220844e-08
0.068	7.462964666369648e-14	4.000367968305292e-09	7.048016406540957e-14	6.986466861485583e-13	7.201463487014588e-18	5.296688011931284e-08
0.0682	7.529000346565407e-14	4.0357598919947546e-09	7.089535950085525e-14	7.027623517697628e-13	7.243887276487648e-18	5.327866601706706e-08
0.0684	7.595424378201925e-14	4.071359892797177e-09	7.13117742757157e-14	7.068901039470635e-13	7.286435658086795e-18	5.3591365452994445e-08
0.06860000000000001	7.662237899325014e-14	4.107168579941291e-09	7.172940838981259e-14	7.110299426771362e-13	7.329108631809093e-18	5.3904978414618285e-08
0.0688	7.729442047975719e-14	4.143186562650174e-09	7.214826184296764e-14	7.151818679566564e-13	7.371906197651602e-18	5.4219504889462064e-08
0.069	7.797037962190339e-14	4.179414450141249e-09	7.256833463500265e-14	7.193458797823005e-13	7.414828355611397e-18	5.453494486504938e-08
0.0692	7.865026780000394e-14	4.215852851626274e-09	7.298962676573928e-14	7.235219781507438e-13	7.457875105685539e-18	5.485129832890392e-08
0.0694	7.933409639432652e-14	4.252502376311358e-09	7.341213823499928e-14	7.277101630586628e-13	7.5010464478711e-18	5.5168565268549526e-08
0.06960000000000001	8.002187678509111e-14	4.28936363339695e-09	7.383586904260444e-14	7.31910434502733e-13	7.544342382165145e-18	5.548674567151009e-08
0.0698	8.071362035247e-14	4.326437232077832e-09	7.42608191883764e-14	7.3612279247963e-13	7.587762908564738e-18	5.580583952530966e-08
0.07	8.140933847658805e-14	4.363723781543148e-09	7.468698867213696e-14	7.403472369860302e-13	7.63130802706695e-18	5.61258468174724e-08
0.0702	8.210904253752225e-14	4.401223890976364e-09	7.511437749370779e-14	7.445837680186092e-13	7.674977737668843e-18	5.644676753552256e-08
0.0704	8.281274391530223e-14	4.438938169555307e-09	7.554298565291071e-14	7.488323855740429e-13	7.718772040367488e-18	5.676860166698456e-08
0.07060000000000001	8.352045398990976e-14	4.4768672264521325e-09	7.597281314956735e-14	7.530930896490075e-13	7.762690935159949e-18	5.709134919938286e-08
0.0708	8.423218414127905e-14	4.5150116708333434e-09	7.640385998349952e-14	7.573658802401778e-13	7.806734422043292e-18	5.7415010120242056e-08
0.07100000000000001	8.494794574929675e-14	4.553372111859792e-09	7.683612615452892e-14	7.616507573442311e-13	7.850902501014587e-18	5.77395844170869e-08
0.0712	8.566775019380175e-14	4.591949158686663e-09	7.726961166247724e-14	7.65947720957842e-13	7.895195172070898e-18	5.806507207744219e-08
0.0714	8.639160885458548e-14	4.630743420463493e-09	7.770431650716632e-14	7.702567710776875e-13	7.939612435209294e-18	5.839147308883292e-08
0.0716	8.711953311139154e-14	4.669755506334154e-09	7.814024068841777e-14	7.745779077004421e-13	7.984154290426837e-18	5.871878743878411e-08
0.0718	8.785153434391617e-14	4.708986025436868e-09	7.857738420605343e-14	7.789111308227835e-13	8.028820737720602e-18	5.9047015114820975e-08
0.07200000000000001	8.858762393180774e-14	4.748435586904197e-09	7.901574705989494e-14	7.832564404413863e-13	8.07361177708765e-18	5.937615610446879e-08
0.0722	8.932781325466701e-14	4.788104799863039e-09	7.945532924976406e-14	7.876138365529264e-13	8.118527408525047e-18	5.970621039525292e-08
0.0724	9.007211369204731e-14	4.82799427343465e-09	7.989613077548255e-14	7.9198331915408e-13	8.163567632029862e-18	6.003717797469892e-08
0.0726	9.082053662345409e-14	4.868104616734612e-09	8.03381516368721e-14	7.963648882415226e-13	8.208732447599158e-18	6.036905883033241e-08
0.0728	9.157309342834541e-14	4.908436438872868e-09	8.07813918337545e-14	8.007585438119309e-13	8.254021855230012e-18	6.070185294967914e-08
0.07300000000000001	9.232979548613155e-14	4.9489903489536906e-09	8.122585136595144e-14	8.0516428586198e-13	8.299435854919479e-18	6.103556032026493e-08
0.0732	9.309065417617508e-14	4.989766956075696e-09	8.167153023328463e-14	8.095821143883459e-13	8.344974446664628e-18	6.137018092961577e-08
0.0734	9.385568087779124e-14	5.030766869331855e-09	8.211842843557583e-14	8.140120293877048e-13	8.39063763046253e-18	6.170571476525777e-08
0.0736	9.462488697024737e-14	5.071990697809469e-09	8.256654597264677e-14	8.184540308567321e-13	8.436425406310247e-18	6.204216181471707e-08
0.0738	9.539828383276334e-14	5.113439050590191e-09	8.301588284431918e-14	8.229081187921041e-13	8.482337774204856e-18	6.237952206552003e-08
0.07400000000000001	9.617588284451128e-14	5.155112536750014e-09	8.346643905041484e-14	8.273742931904967e-13	8.528374734143412e-18	6.271779550519307e-08
0.0742	9.695769538461573e-14	5.197011765359272e-09	8.391821459075535e-14	8.318525540485853e-13	8.574536286122984e-18	6.305698212126266e-08
0.07440000000000001	9.774373283215369e-14	5.2391373454826514e-09	8.43712094651626e-14	8.363429013630464e-13	8.620822430140645e-18	6.339708190125555e-08
0.0746	9.853400656615431e-14	5.2814898861791645e-09	8.482542367345819e-14	8.408453351305552e-13	8.667233166193452e-18	6.373809483269842e-08
0.0748	9.93285279655995e-14	5.324069996502192e-09	8.528085721546396e-14	8.453598553477884e-13	8.713768494278481e-18	6.408002090311818e-08
0.075	1.0012730840942313e-13	5.366878285499431e-09	8.573751009100152e-14	8.498864620114209e-13	8.760428414392792e-18	6.442286010004183e-08
0.0752	1.0093035927651174e-13	5.409915362212948e-09	8.619538229989274e-14	8.544251551181296e-13	8.807212926533458e-18	6.476661241099648e-08
0.07540000000000001	1.0173769194570404e-13	5.453181835679132e-09	8.665447384195926e-14	8.589759346645899e-13	8.854122030697542e-18	6.511127782350933e-08
0.0756	1.0254931779579122e-13	5.496678314928725e-09	8.71147847170228e-14	8.635388006474773e-13	8.901155726882107e-18	6.545685632510767e-08
0.0758	1.0336524820551686e-13	5.540405408986815e-09	8.757631492490519e-14	8.681137530634683e-13	8.948314015084228e-18	6.580334790331903e-08
0.076	1.041854945535768e-13	5.584363726872827e-09	8.803906446542802e-14	8.727007919092386e-13	8.995596895300965e-18	6.615075254567088e-08
0.0762	1.0501006821861948e-13	5.628553877600538e-09	8.850303333841317e-14	8.77299917181464e-13	9.043004367529387e-18	6.649907023969097e-08
0.07640000000000001	1.058389805792455e-13	5.67297647017806e-09	8.896822154368229e-14	8.819111288768207e-13	9.090536431766565e-18	6.684830097290703e-08
0.0766	1.0667224301400783e-13	5.717632113607851e-09	8.943462908105711e-14	8.865344269919837e-13	9.138193088009557e-18	6.719844473284696e-08
0.07680000000000001	1.0750986690141202e-13	5.762521416886718e-09	8.990225595035938e-14	8.911698115236301e-13	9.185974336255437e-18	6.754950150703884e-08
0.077	1.0835186361991578e-13	5.807644989005805e-09	9.037110215141081e-14	8.958172824684348e-13	9.233880176501265e-18	6.790147128301067e-08
0.0772	1.0919824454792931e-13	5.85300343895061e-09	9.084116768403316e-14	9.004768398230743e-13	9.281910608744115e-18	6.825435404829083e-08
0.07740000000000001	1.100490210638152e-13	5.8985973757009585e-09	9.131245254804817e-14	9.051484835842243e-13	9.330065632981055e-18	6.860814979040759e-08
0.0776	1.109042045458882e-13	5.944427408231033e-09	9.178495674327751e-14	9.098322137485601e-13	9.378345249209138e-18	6.896285849688937e-08
0.07780000000000001	1.1176380637241584e-13	5.990494145509358e-09	9.2258680269543e-14	9.145280303127591e-13	9.426749457425447e-18	6.931848015526485e-08
0.078	1.1262783792161763e-13	6.036798196498799e-09	9.273362312666628e-14	9.192359332734955e-13	9.475278257627036e-18	6.967501475306264e-08
0.0782	1.1349631057166574e-13	6.083340170156568e-09	9.320978531446916e-14	9.239559226274462e-13	9.523931649810983e-18	7.003246227781161e-08
0.0784	1.1436923570068447e-13	6.130120675434215e-09	9.368716683277333e-14	9.286879983712864e-13	9.572709633974344e-18	7.039082271704064e-08
0.0786	1.1524662468675071e-13	6.177140321277647e-09	9.416576768140052e-14	9.33432160501693e-13	9.621612210114195e-18	7.075009605827878e-08
0.07880000000000001	1.1612848890789365e-13	6.224399716627101e-09	9.464558786017252e-14	9.381884090153413e-13	9.6706393782276e-18	7.111028228905518e-08
0.079	1.170148397420947e-13	6.271899470417164e-09	9.512662736891093e-14	9.42956743908907e-13	9.719791138311618e-18	7.147138139689906e-08
0.0792	1.1790568856728797e-13	6.319640191576772e-09	9.560888620743766e-14	9.47737165179066e-13	9.769067490363329e-18	7.183339336933981e-08
0.0794	1.1880104676135966e-13	6.3676224890291945e-09	9.609236437557428e-14	9.525296728224947e-13	9.818468434379787e-18	7.219631819390693e-08
0.0796	1.1970092570214855e-13	6.41584697169206e-09	9.657706187314266e-14	9.573342668358687e-13	9.86799397035807e-18	7.256015585813003e-08
0.07980000000000001	1.206053367674456e-13	6.464314248477324e-09	9.706297869996441e-14	9.621509472158638e-13	9.917644098295235e-18	7.292490634953883e-08
0.08	1.2151429133499428e-13	6.5130249282912965e-09	9.755011485586133e-14	9.66979713959156e-13	9.967418818188352e-18	7.329056965566309e-08
0.08020000000000001	1.2242780078249042e-13	6.561979620034634e-09	9.803847034065513e-14	9.71820567062421e-13	1.0017318130034496e-17	7.365714576403282e-08
0.0804	1.2334587648758214e-13	6.611178932602329e-09	9.852804515416753e-14	9.76673506522335e-13	1.0067342033830717e-17	7.402463466217802e-08
0.0806	1.2426852982787018e-13	6.660623474883728e-09	9.901883929622033e-14	9.81538532335574e-13	1.0117490529574098e-17	7.439303633762893e-08
0.08080000000000001	1.2519577218090735e-13	6.710313855762513e-09	9.951085276663522e-14	9.864156444988134e-13	1.0167763617261695e-17	7.476235077791576e-08
0.081	1.2612761492419894e-13	6.760250684116716e-09	1.0000408556523385e-13	9.913048430087294e-13	1.0218161296890582e-17	7.513257797056891e-08
0.08120000000000001	1.2706406943520278e-13	6.810434568818711e-09	1.0049853769183809e-13	9.962061278619981e-13	1.0268683568457817e-17	7.550371790311892e-08
0.0814	1.2800514709132884e-13	6.860866118735219e-09	1.009942091462696e-13	1.001119499055295e-12	1.031933043196048e-17	7.587577056309637e-08
0.0816	1.289508592699397e-13	6.911545942727305e-09	1.0149109992835011e-13	1.0060449565852966e-12	1.0370101887395622e-17	7.624873593803205e-08
0.0818	1.2990121734835e-13	6.962474649650373e-09	1.0198921003790138e-13	1.0109825004486777e-12	1.042099793476032e-17	7.662261401545678e-08
0.082	1.3085623270382716e-13	7.013652848354183e-09	1.0248853947474512e-13	1.0159321306421157e-12	1.047201857405164e-17	7.699740478290148e-08
0.08220000000000001	1.318159167135907e-13	7.06508114768283e-09	1.0298908823870309e-13	1.0208938471622851e-12	1.0523163805266649e-17	7.737310822789731e-08
0.0824	1.3278028075481252e-13	7.116760156474753e-09	1.0349085632959695e-13	1.0258676500058624e-12	1.0574433628402407e-17	7.774972433797535e-08
0.0826	1.337493362046171e-13	7.168690483562744e-09	1.0399384374724855e-13	1.030853539169524e-12	1.062582804345599e-17	7.812725310066697e-08
0.0828	1.3472309444008103e-13	7.220872737773932e-09	1.0449805049147949e-13	1.0358515146499445e-12	1.0677347050424454e-17	7.850569450350357e-08
0.083	1.3570156683823353e-13	7.273307527929799e-09	1.0500347656211157e-13	1.0408615764438013e-12	1.0728990649304879e-17	7.888504853401671e-08
0.08320000000000001	1.3668476477605607e-13	7.325995462846162e-09	1.0551012195896659e-13	1.0458837245477694e-12	1.0780758840094322e-17	7.926531517973798e-08
0.0834	1.3767269963048236e-13	7.378937151333188e-09	1.0601798668186616e-13	1.0509179589585251e-12	1.0832651622789849e-17	7.964649442819914e-08
0.08360000000000001	1.386653827783989e-13	7.432133202195393e-09	1.0652707073063209e-13	1.0559642796727438e-12	1.0884668997388536e-17	8.00285862669321e-08
0.0838	1.396628255966441e-13	7.485584224231626e-09	1.0703737410508605e-13	1.061022686687102e-12	1.0936810963887439e-17	8.041159068346877e-08
0.084	1.4066503946200914e-13	7.539290826235097e-09	1.0754889680504986e-13	1.0660931799982752e-12	1.0989077522283634e-17	8.079550766534133e-08
0.08420000000000001	1.4167203575123727e-13	7.59325361699335e-09	1.0806163883034517e-13	1.07117575960294e-12	1.104146867257418e-17	8.118033720008194e-08
0.0844	1.4268382584102432e-13	7.64747320528827e-09	1.0857560018079377e-13	1.0762704254977711e-12	1.1093984414756145e-17	8.156607927522291e-08
0.08460000000000001	1.4370042110801839e-13	7.701950199896105e-09	1.0909078085621734e-13	1.0813771776794454e-12	1.1146624748826605e-17	8.195273387829671e-08
0.0848	1.447218329288199e-13	7.756685209587427e-09	1.0960718085643761e-13	1.0864960161446381e-12	1.1199389674782611e-17	8.234030099683586e-08
0.085	1.4574807267998205e-13	7.811678843127165e-09	1.1012480018127641e-13	1.0916269408900262e-12	1.1252279192621246e-17	8.272878061837305e-08
0.0852	1.4677915173800986e-13	7.866931709274592e-09	1.1064363883055534e-13	1.0967699519122846e-12	1.1305293302339564e-17	8.311817273044101e-08
0.0854	1.4781508147936115e-13	7.92244441678333e-09	1.1116369680409626e-13	1.1019250492080894e-12	1.1358432003934639e-17	8.350847732057269e-08
0.08560000000000001	1.488558732804459e-13	7.978217574401338e-09	1.1168497410172085e-13	1.107092232774117e-12	1.1411695297403535e-17	8.389969437630105e-08
0.0858	1.4990153851762643e-13	8.034251790870914e-09	1.1220747072325077e-13	1.1122715026070426e-12	1.1465083182743317e-17	8.42918238851592e-08
0.08600000000000001	1.5095208856721773e-13	8.090547674928729e-09	1.1273118666850785e-13	1.117462858703543e-12	1.1518595659951056e-17	8.46848658346804e-08
0.0862	1.5200753480548681e-13	8.147105835305767e-09	1.1325612193731376e-13	1.122666301060293e-12	1.1572232729023815e-17	8.507882021239796e-08
0.0864	1.530678886086534e-13	8.203926880727383e-09	1.137822765294903e-13	1.1278818296739696e-12	1.1625994389958665e-17	8.547368700584537e-08
0.08660000000000001	1.5413316135288942e-13	8.261011419913252e-09	1.1430965044485913e-13	1.1331094445412484e-12	1.1679880642752672e-17	8.586946620255623e-08
0.0868	1.5520336441431905e-13	8.318360061577419e-09	1.14838243683242e-13	1.1383491456588045e-12	1.1733891487402892e-17	8.626615779006408e-08
0.08700000000000001	1.562785091690192e-13	8.375973414428266e-09	1.1536805624446071e-13	1.1436009330233151e-12	1.1788026923906408e-17	8.666376175590286e-08
0.0872	1.5735860699301875e-13	8.433852087168508e-09	1.158990881283369e-13	1.1488648066314548e-12	1.1842286952260276e-17	8.706227808760641e-08
0.0874	1.584436692622994e-13	8.491996688495221e-09	1.1643133933469238e-13	1.1541407664799008e-12	1.1896671572461567e-17	8.746170677270878e-08
0.0876	1.5953370735279483e-13	8.550407827099825e-09	1.1696480986334879e-13	1.159428812565328e-12	1.1951180784507344e-17	8.786204779874407e-08
0.0878	1.606287326403914e-13	8.609086111668083e-09	1.1749949971412796e-13	1.1647289448844134e-12	1.2005814588394682e-17	8.82633011532466e-08
0.08800000000000001	1.617287565009277e-13	8.6680321508801e-09	1.180354088868516e-13	1.170041163433832e-12	1.2060572984120641e-17	8.866546682375067e-08
0.0882	1.628337903101946e-13	8.72724655341032e-09	1.1857253738134135e-13	1.1753654682102599e-12	1.2115455971682285e-17	8.906854479779077e-08
0.0884	1.639438454439357e-13	8.786729927927559e-09	1.1911088519741911e-13	1.180701859210373e-12	1.2170463551076688e-17	8.947253506290152e-08
0.0886	1.650589332778465e-13	8.84648288309495e-09	1.1965045233490644e-13	1.1860503364308476e-12	1.2225595722300911e-17	8.987743760661756e-08
0.0888	1.6617906518757544e-13	8.90650602756999e-09	1.201912387936252e-13	1.1914108998683591e-12	1.2280852485352024e-17	9.028325241647378e-08
0.08900000000000001	1.673042525487229e-13	8.966799970004511e-09	1.2073324457339707e-13	1.196783549519584e-12	1.2336233840227096e-17	9.068997948000506e-08
0.0892	1.6843450673684178e-13	9.027365319044695e-09	1.212764696740438e-13	1.2021682853811976e-12	1.2391739786923184e-17	9.109761878474646e-08
0.08940000000000001	1.6956983912743745e-13	9.088202683331077e-09	1.2182091409538705e-13	1.2075651074498766e-12	1.2447370325437368e-17	9.150617031823314e-08
0.0896	1.7071026109596745e-13	9.149312671498521e-09	1.2236657783724867e-13	1.212974015722296e-12	1.2503125455766703e-17	9.191563406800034e-08
0.0898	1.7185578401784205e-13	9.210695892176254e-09	1.2291346089945033e-13	1.2183950101951324e-12	1.2559005177908262e-17	9.232601002158352e-08
0.09000000000000001	1.7300641926842352e-13	9.272352953987842e-09	1.234615632818138e-13	1.2238280908650616e-12	1.261500949185911e-17	9.27372981665181e-08
0.0902	1.741621782230267e-13	9.334284465551187e-09	1.240108849841607e-13	1.2292732577287594e-12	1.2671138397616317e-17	9.314949849033971e-08
0.09040000000000001	1.7532307225691895e-13	9.396491035478564e-09	1.2456142600631294e-13	1.234730510782902e-12	1.2727391895176942e-17	9.356261098058409e-08
0.0906	1.7648911274531967e-13	9.458973272376554e-09	1.2511318634809206e-13	1.2401998500241646e-12	1.2783769984538063e-17	9.397663562478702e-08
0.0908	1.7766031106340104e-13	9.52173178484613e-09	1.2566616600931995e-13	1.245681275449224e-12	1.2840272665696735e-17	9.439157241048457e-08
0.091	1.7883667858628726e-13	9.584767181482576e-09	1.2622036498981826e-13	1.2511747870547556e-12	1.2896899938650033e-17	9.480742132521268e-08
0.0912	1.8001822668905519e-13	9.648080070875537e-09	1.2677578328940876e-13	1.2566803848374357e-12	1.2953651803395019e-17	9.522418235650765e-08
0.09140000000000001	1.8120496674673394e-13	9.711671061609e-09	1.273324209079132e-13	1.2621980687939402e-12	1.3010528259928764e-17	9.564185549190564e-08
0.0916	1.8239691013430484e-13	9.775540762261296e-09	1.2789027784515323e-13	1.2677278389209445e-12	1.3067529308248328e-17	9.60604407189431e-08
0.0918	1.8359406822670207e-13	9.839689781405118e-09	1.2844935410095067e-13	1.2732696952151252e-12	1.312465494835079e-17	9.647993802515659e-08
0.092	1.8479645239881174e-13	9.90411872760748e-09	1.290096496751272e-13	1.2788236376731577e-12	1.3181905180233199e-17	9.690034739808267e-08
0.0922	1.8600407402547266e-13	9.968828209429758e-09	1.295711645675046e-13	1.2843896662917187e-12	1.323928000389264e-17	9.732166882525817e-08
0.09240000000000001	1.872169444814758e-13	1.0033818835427683e-08	1.3013389877790456e-13	1.2899677810674834e-12	1.3296779419326169e-17	9.77439022942199e-08
0.0926	1.8843507514156447e-13	1.0099091214151306e-08	1.306978523061488e-13	1.2955579819971277e-12	1.335440342653085e-17	9.816704779250481e-08
0.09280000000000001	1.8965847738043473e-13	1.0164645954145051e-08	1.3126302515205915e-13	1.3011602690773279e-12	1.3412152025503761e-17	9.859110530765004e-08
0.093	1.9088716257273453e-13	1.0230483663947662e-08	1.3182941731545722e-13	1.3067746423047595e-12	1.3470025216241957e-17	9.901607482719269e-08
0.0932	1.9212114209306476e-13	1.0296604952092264e-08	1.3239702879616482e-13	1.3124011016760993e-12	1.3528022998742516e-17	9.94419563386702e-08
0.09340000000000001	1.9336042731597833e-13	1.0363010427106302e-08	1.3296585959400369e-13	1.3180396471880228e-12	1.3586145373002498e-17	9.986874982961992e-08
0.0936	1.9460502961598035e-13	1.0429700697511566e-08	1.3353590970879546e-13	1.323690278837205e-12	1.3644392339018966e-17	1.0029645528757936e-07
0.09380000000000001	1.9585496036752882e-13	1.0496676371824207e-08	1.3410717914036201e-13	1.3293529966203233e-12	1.3702763896788998e-17	1.0072507270008625e-07
0.094	1.971102309450337e-13	1.0563938058554716e-08	1.34679667888525e-13	1.3350278005340529e-12	1.3761260046309645e-17	1.0115460205467829e-07
0.0942	1.983708527228577e-13	1.0631486366207937e-08	1.3525337595310612e-13	1.3407146905750697e-12	1.3819880787577991e-17	1.015850433388934e-07
0.0944	1.996368370753156e-13	1.0699321903283047e-08	1.3582830333392714e-13	1.34641366674005e-12	1.387862612059109e-17	1.0201639654026952e-07
0.0946	2.009081953766749e-13	1.0767445278273581e-08	1.3640445003080985e-13	1.3521247290256695e-12	1.3937496045346015e-17	1.0244866164634484e-07
0.09480000000000001	2.0218493900115497e-13	1.0835857099667425e-08	1.369818160435759e-13	1.3578478774286042e-12	1.3996490561839833e-17	1.0288183864465751e-07
0.095	2.0346707932292802e-13	1.090455797594679e-08	1.3756040137204707e-13	1.36358311194553e-12	1.4055609670069603e-17	1.0331592752274584e-07
0.0952	2.0475462771611863e-13	1.0973548515588253e-08	1.3814020601604508e-13	1.3693304325731229e-12	1.4114853370032404e-17	1.0375092826814835e-07
0.0954	2.0604759555480325e-13	1.1042829327062738e-08	1.3872122997539166e-13	1.3750898393080585e-12	1.4174221661725293e-17	1.0418684086840352e-07
0.0956	2.073459942130116e-13	1.111240101883551e-08	1.3930347324990856e-13	1.3808613321470136e-12	1.4233714545145337e-17	1.0462366531105011e-07
0.09580000000000001	2.08649835064725e-13	1.1182264199366183e-08	1.3988693583941752e-13	1.3866449110866634e-12	1.4293332020289614e-17	1.0506140158362683e-07
0.096	2.0995912948387753e-13	1.1252419477108703e-08	1.4047161774374022e-13	1.3924405761236839e-12	1.4353074087155175e-17	1.0550004967367264e-07
0.09620000000000001	2.1127388884435567e-13	1.132286746051139e-08	1.4105751896269842e-13	1.3982483272547512e-12	1.44129407457391e-17	1.0593960956872649e-07
0.0964	2.1259412451999777e-13	1.1393608758016892e-08	1.4164463949611389e-13	1.4040681644765413e-12	1.4472931996038445e-17	1.063800812563275e-07
0.0966	2.139198478845956e-13	1.1464643978062218e-08	1.4223297934380832e-13	1.40990008778573e-12	1.453304783805028e-17	1.0682146472401498e-07
0.09680000000000001	2.1525107031189232e-13	1.1535973729078705e-08	1.4282253850560352e-13	1.4157440971789937e-12	1.459328827177168e-17	1.0726375995932825e-07
0.097	2.165878031755839e-13	1.160759861949205e-08	1.4341331698132108e-13	1.4216001926530077e-12	1.4653653297199698e-17	1.0770696694980672e-07
0.09720000000000001	2.1793005784931892e-13	1.1679519257722306e-08	1.4400531477078287e-13	1.4274683742044488e-12	1.4714142914331413e-17	1.0815108568299004e-07
0.0974	2.192778457066977e-13	1.1751736252183844e-08	1.445985318738105e-13	1.4333486418299914e-12	1.4774757123163886e-17	1.0859611614641785e-07
0.0976	2.2063117812127359e-13	1.1824250211285408e-08	1.451929682902258e-13	1.4392409955263134e-12	1.4835495923694184e-17	1.0904205832763002e-07
0.0978	2.21990066466552e-13	1.1897061743430086e-08	1.4578862401985052e-13	1.4451454352900888e-12	1.489635931591937e-17	1.0948891221416638e-07
0.098	2.2335452211599086e-13	1.1970171457015312e-08	1.463854990625063e-13	1.4510619611179953e-12	1.4957347299836517e-17	1.0993667779356707e-07
0.09820000000000001	2.2472455644300054e-13	1.2043579960432858e-08	1.4698359341801504e-13	1.4569905730067081e-12	1.5018459875442692e-17	1.1038535505337215e-07
0.0984	2.2610018082094342e-13	1.2117287862068842e-08	1.475829070861982e-13	1.462931270952903e-12	1.5079697042734954e-17	1.108349439811219e-07
0.09860000000000001	2.274814066231346e-13	1.2191295770303743e-08	1.4818344006687775e-13	1.468884054953256e-12	1.5141058801710382e-17	1.1128544456435671e-07
0.0988	2.2886824522284174e-13	1.226560429351238e-08	1.487851923598753e-13	1.474848925004443e-12	1.5202545152366028e-17	1.1173685679061704e-07
0.099	2.3026070799328453e-13	1.2340214040063933e-08	1.4938816396501273e-13	1.4808258811031406e-12	1.5264156094698973e-17	1.121891806474435e-07
0.09920000000000001	2.3165880630763507e-13	1.2415125618321896e-08	1.499923548821116e-13	1.4868149232460237e-12	1.5325891628706277e-17	1.1264241612237683e-07
0.0994	2.3306255153901807e-13	1.2490339636644146e-08	1.5059776511099372e-13	1.4928160514297692e-12	1.5387751754385004e-17	1.1309656320295778e-07
0.09960000000000001	2.3447195506051047e-13	1.2565856703382893e-08	1.5120439465148082e-13	1.4988292656510526e-12	1.5449736471732227e-17	1.1355162187672737e-07
0.0998	2.358870282451417e-13	1.2641677426884686e-08	1.5181224350339455e-13	1.5048545659065499e-12	1.5511845780745e-17	1.1400759213122659e-07
0.1	2.3730778246589356e-13	1.2717802415490433e-08	1.524213116665569e-13	1.5108919521929365e-12	1.5574079681420408e-17	1.1446447395399666e-07
0.10020000000000001	2.3873422909570003e-13	1.2794232277535397e-08	1.5303159914078933e-13	1.5169414245068903e-12	1.5636438173755505e-17	1.1492226733257884e-07
