0.0	0.0	0.0	0.0	0.0	0.0	0.0
0.0002	5.276258869275302e-22	2.829450382269182e-17	1.6936113139251995e-19	1.678845632543928e-18	1.7304600743655975e-23	1.274715498390494e-13
0.0004	4.221002681297483e-21	2.2635550569859393e-16	6.774444925562148e-19	6.715381914556257e-18	6.921840243142204e-23	5.098838816969226e-13
0.0006000000000000001	1.4245869151730277e-20	7.639480602569378e-16	1.5242500339702908e-18	1.510960792260794e-17	1.557414042484954e-22	1.1472335191084099e-12
0.0008	3.37679508245265e-20	1.8108356474909124e-15	2.709777706113959e-18	2.6861522733270065e-17	2.7687360538007328e-22	2.0395169856399063e-12
0.001	6.595295998370161e-20	3.536780172766793e-15	4.234027459466435e-18	4.1971125423113936e-17	4.32615005011353e-22	3.18673080488941e-12
0.0012000000000000001	1.1396659567102043e-19	6.111541966833072e-15	6.09699924450694e-18	6.043841506871103e-17	6.229656023275317e-22	4.588871500486525e-12
0.0014	1.809745436860318e-19	9.704879785829579e-15	8.298693011714696e-18	8.22633907466329e-17	8.479253965138068e-22	6.245935596092455e-12
0.0016	2.701424765861034e-19	1.4486550811296617e-14	1.0839108711568941e-17	1.0744605153345139e-16	1.1074943867553751e-21	8.157919615400013e-12
0.0018000000000000002	3.846360536864562e-19	2.0626310650184094e-14	1.3718246294548905e-17	1.3598639650573845e-16	1.4016725722374349e-21	1.0324820082133608e-11
0.002	5.276209210601987e-19	2.8293913334860626e-14	1.6936105711133826e-17	1.6788442474006619e-16	1.7304599521451822e-21	1.2746633520049249e-11
0.0022	7.022627115383622e-19	3.765911132312273e-14	2.0492686911802957e-17	2.0314013531300695e-16	2.0938565256638153e-21	1.5423356452934566e-11
0.0024000000000000002	9.117270447099358e-19	4.8891655498203835e-14	2.4387989847035534e-17	2.417535273011333e-16	2.4918622919785313e-21	1.8354985404608768e-11
0.0026000000000000003	1.1591795269218992e-18	6.216129516878355e-14	2.862201446731082e-17	2.8372459978101755e-16	2.924477250274527e-21	2.1541516898922692e-11
0.0028	1.4477857512792583e-18	7.763777806899666e-14	3.319476072310807e-17	3.2905335182923274e-16	3.391701399737001e-21	2.4982947459758732e-11
0.003	1.780711297645082e-18	9.549085035844241e-14	3.8106228564906564e-17	3.7773978252235177e-16	3.893534739551149e-21	2.8679273611030947e-11
0.0032	2.161121732640533e-18	1.1589025662219338e-13	4.3356417943185546e-17	4.2978389093694794e-16	4.4299772689021694e-21	3.2630491876684936e-11
0.0034000000000000002	2.5921826096449062e-18	1.39005739870805e-13	4.8945328808424316e-17	4.851856761495944e-16	5.0010289869752615e-21	3.683659878069794e-11
0.0036000000000000003	3.077059468795658e-18	1.6500704154032427e-13	5.487296111110214e-17	5.439451372368648e-16	5.606689892955619e-21	4.12975908470788e-11
0.0038	3.6189178369884465e-18	1.9406390149229904e-13	6.113931480169827e-17	6.060622732753325e-16	6.246959986028438e-21	4.6013464599867904e-11
0.004	4.220923227877165e-18	2.2634605801378738e-13	6.774438983069205e-17	6.715370833415716e-16	6.921839265378924e-21	5.0984216563137315e-11
0.004200000000000001	4.886241141873974e-18	2.6202324781736646e-13	7.468818614856276e-17	7.403695665121563e-16	7.631327730192268e-21	5.6209843260990675e-11
0.0044	5.618037066149334e-18	3.012652060411412e-13	8.197070370578967e-17	8.125597218636598e-16	8.375425379653669e-21	6.169034121756318e-11
0.0046	6.419476474632052e-18	3.442416662487546e-13	8.95919424528521e-17	8.881075484726575e-16	9.154132212948317e-21	6.742570695702166e-11
0.0048000000000000004	7.293724828009302e-18	3.9112236042939603e-13	9.755190234022934e-17	9.67013045415724e-16	9.967448229261429e-21	7.341593700356456e-11
0.005	8.243947573726663e-18	4.4207701899781023e-13	1.0585058331840074e-16	1.0492762117694324e-15	1.0815373427778183e-20	7.96610278814219e-11
0.005200000000000001	9.273310145988164e-18	4.972753707943068e-13	1.144879853378456e-16	1.1348970466103593e-15	1.1697907807683785e-20	8.616097611485533e-11
0.0054	1.0384977965756295e-17	5.568871430847694e-13	1.234641083490432e-16	1.2238755490150785e-15	1.2615051368163432e-20	9.291577822815802e-11
0.0056	1.1582116440752076e-17	6.210820615606643e-13	1.327789523024729e-16	1.3162117180601658e-15	1.356680410840232e-20	9.992543074565482e-11
0.0058000000000000005	1.2867890965455067e-17	6.900298503390509e-13	1.424325171486141e-16	1.411905552822197e-15	1.4553166027585648e-20	1.0718993019170223e-10
0.006	1.4245466921103392e-17	7.639002319625884e-13	1.5242480283794603e-16	1.5109570523777462e-15	1.5574137124898613e-20	1.1470927309068813e-10
0.006200000000000001	1.5718009675693813e-17	8.428629273995477e-13	1.6275580932094809e-16	1.6133662158033909e-15	1.6629717399526415e-20	1.224834559670322e-10
0.0064	1.7288684583981724e-17	9.270876560438185e-13	1.7342553654809957e-16	1.719133042175705e-15	1.7719906850654243e-20	1.3051247534518569e-10
0.0066	1.8960656987481226e-17	1.0167441357149195e-12	1.844339844698799e-16	1.8282575305712658e-15	1.88447054774673e-20	1.3879632774963135e-10
0.0068000000000000005	2.0737092214465113e-17	1.112002082658008e-12	1.957811530367684e-16	1.9407396800666494e-15	2.0004113279150795e-20	1.4733500970488365e-10
0.007	2.2621155579964935e-17	1.2130312115438857e-12	2.074670421992444e-16	2.0565794897384315e-15	2.11981302548899e-20	1.5612851773548852e-10
0.007200000000000001	2.4616012385771052e-17	1.3200012354690134e-12	2.1949165190778734e-16	2.1757769586631898e-15	2.2426756403869844e-20	1.651768483660237e-10
0.0074	2.672482792043262e-17	1.4330818659555143e-12	2.318549821128765e-16	2.2983320859174997e-15	2.36899917252758e-20	1.744799981210982e-10
0.0076	2.8950767459257687e-17	1.5524428129511885e-12	2.4455703276499126e-16	2.4242448705779393e-15	2.4987836218292967e-20	1.8403796352535291e-10
0.0078000000000000005	3.129699626431315e-17	1.6782537848295179e-12	2.5759780381461115e-16	2.553515311721085e-15	2.6320289882106567e-20	1.938507411034603e-10
0.008	3.376667958442485e-17	1.8106844883896762e-12	2.7097729521221533e-16	2.6861434084235132e-15	2.7687352715901766e-20	2.0391832738012418e-10
0.0082	3.636298265517761e-17	1.949904628856542e-12	2.846955069082834e-16	2.8221291597618028e-15	2.908902471886378e-20	2.1424071888008035e-10
0.008400000000000001	3.908907069891522e-17	2.096083909880702e-12	2.987524388532946e-16	2.9614725648125315e-15	3.05253058901778e-20	2.2481791212809578e-10
0.0086	4.194810892474048e-17	2.2493920335384603e-12	3.1314809099772837e-16	3.1041736226522737e-15	3.1996196229029027e-20	2.356499036489693e-10
0.0088	4.494326252851536e-17	2.409998700331857e-12	3.278824632920642e-16	3.250232332357611e-15	3.350169573460267e-20	2.4673668996753136e-10
0.009000000000000001	4.807769669286081e-17	2.578073609188666e-12	3.429555556867814e-16	3.3996486930051216e-15	3.5041804406083905e-20	2.5807826760864385e-10
0.0092	5.135457658715695e-17	2.7537864574624064e-12	3.583673681323593e-16	3.5524227036713797e-15	3.661652224265792e-20	2.6967463309720033e-10
0.0094	5.477706736754312e-17	2.93730694093236e-12	3.7411790057927756e-16	3.708554363432968e-15	3.822584924350996e-20	2.815257829581259e-10
0.009600000000000001	5.834833417691777e-17	3.128804753803568e-12	3.9020715297801545e-16	3.868043671366464e-15	3.9869785407825194e-20	2.9363171371637744e-10
0.0098	6.207154214493867e-17	3.32844958870685e-12	4.0663512527905237e-16	4.0308906265484434e-15	4.154833073478881e-20	3.0599242189694313e-10
0.01	6.594985638802286e-17	3.5364111366988095e-12	4.234018174328679e-16	4.197095228055489e-15	4.326148522358602e-20	3.1860790402484306e-10
0.0102	6.99864420093466e-17	3.752859087261838e-12	4.4050722938994126e-16	4.366657474964179e-15	4.500924887340202e-20	3.3147815662512854e-10
0.010400000000000001	7.418446409884561e-17	3.977963128304137e-12	4.579513611007522e-16	4.539577366351091e-15	4.679162168342201e-20	3.44603176222883e-10
0.0106	7.854708773321483e-17	4.211892946159713e-12	4.757342125157797e-16	4.715854901292804e-15	4.860860365283117e-20	3.5798295934322065e-10
0.0108	8.307747797590884e-17	4.454818225588394e-12	4.938557835855036e-16	4.8954900788659014e-15	5.046019478081474e-20	3.7161750251128827e-10
0.011000000000000001	8.777879987714148e-17	4.706908649775841e-12	5.123160742604036e-16	5.078482898146962e-15	5.234639506655788e-20	3.8550680225226367e-10
0.0112	9.265421847388608e-17	4.968333900333545e-12	5.311150844909583e-16	5.2648333582125605e-15	5.426720450924578e-20	3.99650855091356e-10
0.0114	9.770689878987562e-17	5.239263657298858e-12	5.502528142276479e-16	5.4545414581392824e-15	5.622262310806365e-20	4.140496575538068e-10
0.011600000000000001	1.0294000583560249e-16	5.5198675991349785e-12	5.697292634209518e-16	5.6476071970037075e-15	5.821265086219672e-20	4.287032061648884e-10
0.0118	1.0835670460831862e-16	5.810315402730969e-12	5.895444320213491e-16	5.844030573882413e-15	6.023728777083014e-20	4.4361149744990494e-10
0.012	1.1396016009203586e-16	6.1107767434017795e-12	6.0969831997931965e-16	6.043811587851982e-15	6.229653383314915e-20	4.5877452793419286e-10
0.0122	1.1975353725752539e-16	6.42142129488823e-12	6.301909272453426e-16	6.2469502379889966e-15	6.439038904833894e-20	4.74192294143119e-10
0.012400000000000001	1.2574000106231818e-16	6.742418729357048e-12	6.51022253769898e-16	6.453446523370034e-15	6.651885341558469e-20	4.898647926020827e-10
0.0126	1.3192271645070489e-16	7.073938717400851e-12	6.721922995034649e-16	6.663300443071678e-15	6.868192693407155e-20	5.057920198365143e-10
0.0128	1.3830484835373615e-16	7.41615092803817e-12	6.937010643965226e-16	6.876511996170508e-15	7.087960960298482e-20	5.219739723718764e-10
0.013000000000000001	1.4488956168922213e-16	7.769225028713466e-12	7.15548548399551e-16	7.093081181743108e-15	7.311190142150966e-20	5.384106467336625e-10
0.0132	1.5168002136173288e-16	8.133330685297117e-12	7.377347514630296e-16	7.313007998866055e-15	7.537880238883121e-20	5.551020394473981e-10
0.0134	1.5867939226259836e-16	8.508637562085455e-12	7.602596735374377e-16	7.536292446615939e-15	7.768031250413476e-20	5.720481470386401e-10
0.013600000000000001	1.6589083926990846e-16	8.895315321800747e-12	7.831233145732551e-16	7.762934524069333e-15	8.001643176660545e-20	5.892489660329772e-10
0.013800000000000002	1.7331752724851292e-16	9.29353362559122e-12	8.063256745209612e-16	7.992934230302826e-15	8.238716017542849e-20	6.067044929560296e-10
0.014	1.8096262105002133e-16	9.703462133031068e-12	8.298667533310352e-16	8.226291564392993e-15	8.479249772978905e-20	6.244147243334485e-10
0.0142	1.8882928551280363e-16	1.012527050212047e-11	8.537465509539569e-16	8.463006525416427e-15	8.723244442887242e-20	6.42379656690918e-10
0.014400000000000001	1.9692068546198956e-16	1.0559128389285571e-11	8.779650673402064e-16	8.7030791124497e-15	8.970700027186372e-20	6.605992865541527e-10
0.0146	2.0523998570946882e-16	1.100520544937852e-11	9.02522302440262e-16	8.946509324569402e-15	9.221616525794813e-20	6.790736104488987e-10
0.0148	2.1379035105389155e-16	1.146367133567748e-11	9.274182562046047e-16	9.193297160852108e-15	9.47599393863109e-20	6.978026249009347e-10
0.015000000000000001	2.2257494628066774e-16	1.1934695699886609e-11	9.526529285837127e-16	9.443442620374411e-15	9.73383226561372e-20	7.167863264360703e-10
0.0152	2.3159693616196763e-16	1.2418448192136084e-11	9.782263195280663e-16	9.696945702212887e-15	9.995131506661224e-20	7.360247115801462e-10
0.0154	2.408594854567217e-16	1.2915098460982131e-11	1.004138428988145e-15	9.953806405444127e-15	1.0259891661692123e-19	7.555177768590359e-10
0.015600000000000001	2.503657589106206e-16	1.3424816153406999e-11	1.0303892569144286e-15	1.0214024729144704e-14	1.0528112730624937e-19	7.752655187986438e-10
0.0158	2.6011892125611537e-16	1.3947770914818994e-11	1.056978803257396e-15	1.047760067239121e-14	1.0799794713378181e-19	7.952679339249054e-10
0.016	2.7012213721241716e-16	1.4484132389052466e-11	1.0839070679675273e-15	1.0744534234260224e-14	1.107493760987038e-19	8.155250187637885e-10
0.0162	2.8037857148549765e-16	1.503407021836785e-11	1.1111740509953016e-15	1.1014825413828333e-14	1.135354142002005e-19	8.360367698412927e-10
0.0164	2.9089138876808925e-16	1.559775404345166e-11	1.1387797522911995e-15	1.1288474210172125e-14	1.1635606143745717e-19	8.568031836834487e-10
0.0166	3.0166375373968374e-16	1.6175353503416465e-11	1.1667241718056989e-15	1.1565480622368179e-14	1.192113178096589e-19	8.778242568163182e-10
0.016800000000000002	3.126988310665346e-16	1.6767038235800962e-11	1.1950073094892814e-15	1.1845844649493081e-14	1.2210118331599104e-19	8.990999857659961e-10
0.017	3.239997854016547e-16	1.7372977876569922e-11	1.2236291652924253e-15	1.2129566290623412e-14	1.2502565795563864e-19	9.206303670586075e-10
0.0172	3.355697813848181e-16	1.7993342060114244e-11	1.2525897391656103e-15	1.2416645544835763e-14	1.2798474172778696e-19	9.42415397220309e-10
0.017400000000000002	3.4741198364255956e-16	1.8628300419250967e-11	1.281889031059317e-15	1.270708241120672e-14	1.3097843463162122e-19	9.644550727772903e-10
0.0176	3.595295567881735e-16	1.9278022585223213e-11	1.3115270409240235e-15	1.300087688881286e-14	1.340067366663266e-19	9.867493902557708e-10
0.0178	3.719256654217161e-16	1.9942678187700282e-11	1.3415037687102098e-15	1.3298028976730778e-14	1.370696478310883e-19	1.0092983461820026e-09
0.018000000000000002	3.846034741300034e-16	2.062243685477763e-11	1.3718192143683567e-15	1.359853867403706e-14	1.401671681250915e-19	1.03210193708227e-09
0.0182	3.9756614748661246e-16	2.1317468212976825e-11	1.4024733778489426e-15	1.3902405979808282e-14	1.4329929754752142e-19	1.0551601594828872e-09
0.0184	4.108168500518809e-16	2.2027941887245642e-11	1.4334662591024478e-15	1.4209630893121032e-14	1.4646603609756316e-19	1.0784730099102007e-09
0.018600000000000002	4.243587463729076e-16	2.2754027500958037e-11	1.4647978580793517e-15	1.4520213413051906e-14	1.4966738377440213e-19	1.1020404848905893e-09
0.0188	4.3819500098355115e-16	2.34958946759141e-11	1.4964681747301336e-15	1.483415353867748e-14	1.529033405772234e-19	1.1258625809504622e-09
0.019	4.52328778404432e-16	2.4253713032340175e-11	1.5284772090052733e-15	1.5151451269074344e-14	1.5617390650521214e-19	1.1499392946162611e-09
0.019200000000000002	4.667632431429316e-16	2.5027652188888782e-11	1.5608249608552515e-15	1.5472106603319096e-14	1.594790815575536e-19	1.1742706224144593e-09
0.0194	4.81501559693191e-16	2.5817881762638655e-11	1.5935114302305464e-15	1.5796119540488296e-14	1.6281886573343292e-19	1.1988565608715608e-09
0.0196	4.965468925361136e-16	2.6624571369094742e-11	1.6265366170816385e-15	1.6123490079658554e-14	1.661932590320354e-19	1.2236971065141016e-09
0.0198	5.11902406139363e-16	2.7447890622188248e-11	1.6599005213590075e-15	1.6454218219906453e-14	1.696022614525462e-19	1.24879225586865e-09
0.02	5.275712649573639e-16	2.8288009134276592e-11	1.6936031430131325e-15	1.6788303960308574e-14	1.7304587299415042e-19	1.274142005461805e-09
0.020200000000000003	5.435566334313024e-16	2.914509651614345e-11	1.727644481994494e-15	1.712574729994151e-14	1.7652409365603337e-19	1.2997463518201974e-09
0.0204	5.598616759891249e-16	3.001932237699875e-11	1.76202453825357e-15	1.7466548237881852e-14	1.800369234373802e-19	1.3256052914704894e-09
0.0206	5.764895570455396e-16	3.091085632447872e-11	1.7967433117408416e-15	1.7810706773206173e-14	1.835843623373761e-19	1.3517188209393757e-09
0.020800000000000003	5.934434410020161e-16	3.1819867964645823e-11	1.8318008024067895e-15	1.8158222904991075e-14	1.8716641035520638e-19	1.3780869367535814e-09
0.021	6.107264922467839e-16	3.274652690198881e-11	1.8671970102018914e-15	1.850909663231314e-14	1.9078306749005607e-19	1.4047096354398634e-09
0.0212	6.28341875154835e-16	3.3691002739422784e-11	1.902931935076627e-15	1.886332795424896e-14	1.9443433374111047e-19	1.4315869135250108e-09
0.021400000000000002	6.462927540879226e-16	3.4653465078289086e-11	1.9390055769814785e-15	1.9220916869875123e-14	1.9812020910755481e-19	1.4587187675358447e-09
0.0216	6.645822933945597e-16	3.563408351835537e-11	1.9754179358669223e-15	1.9581863378268216e-14	2.018406935885742e-19	1.4861051939992156e-09
0.0218	6.832136574100223e-16	3.663302765781565e-11	2.01216901168344e-15	1.9946167478504826e-14	2.0559578718335384e-19	1.5137461894420084e-09
0.022000000000000002	7.021900104563476e-16	3.76504670932903e-11	2.049258804381512e-15	2.0313829169661554e-14	2.0938548989107904e-19	1.5416417503911371e-09
0.0222	7.215145168423327e-16	3.8686571419825926e-11	2.0866873139116166e-15	2.0684848450814972e-14	2.1320980171093484e-19	1.5697918733735487e-09
0.0224	7.411903408635379e-16	3.974151023089558e-11	2.1244545402242333e-15	2.1059225321041676e-14	2.1706872264210657e-19	1.5981965549162213e-09
0.022600000000000002	7.612206468022838e-16	4.081545311839867e-11	2.162560483269844e-15	2.1436959779418262e-14	2.209622526837793e-19	1.6268557915461653e-09
0.0228	7.816085989276529e-16	4.190856967266087e-11	2.201005142998925e-15	2.1818051825021307e-14	2.248903918351384e-19	1.6557695797904222e-09
0.023	8.02357361495489e-16	4.302102948243437e-11	2.239788519361959e-15	2.2202501456927412e-14	2.2885314009536885e-19	1.6849379161760632e-09
0.023200000000000002	8.234700987483986e-16	4.415300213489768e-11	2.2789106123094255e-15	2.2590308674213175e-14	2.3285049746365616e-19	1.7143607972301953e-09
0.0234	8.449499749157475e-16	4.5304657215655655e-11	2.318371421791803e-15	2.298147347595516e-14	2.368824639391852e-19	1.7440382194799524e-09
0.0236	8.668001542136647e-16	4.647616430873964e-11	2.358170947759571e-15	2.3375995861229978e-14	2.4094903952114135e-19	1.7739701794525036e-09
0.0238	8.890238008450423e-16	4.766769299660734e-11	2.398309190163211e-15	2.377387582911421e-14	2.450502242087099e-19	1.8041566736750484e-09
0.024	9.116240789995298e-16	4.887941286014295e-11	2.4387861489532015e-15	2.4175113378684452e-14	2.4918601800107577e-19	1.834597698674817e-09
0.024200000000000003	9.346041528535429e-16	5.011149347865699e-11	2.4796018240800233e-15	2.4579708509017295e-14	2.5335642089742435e-19	1.8652932509790717e-09
0.0244	9.579671865702564e-16	5.13641044298865e-11	2.5207562154941534e-15	2.4987661219189336e-14	2.5756143289694084e-19	1.8962433271151065e-09
0.0246	9.817163442996084e-16	5.263741528999498e-11	2.5622493231460754e-15	2.5398971508277145e-14	2.618010539988103e-19	1.927447923610247e-09
0.024800000000000003	1.0058547901782974e-15	5.39315956335723e-11	2.6040811469862674e-15	2.581363937535734e-14	2.6607528420221815e-19	1.9589070369918513e-09
0.025	1.030385688329785e-15	5.5246815033634876e-11	2.646251686965209e-15	2.6231664819506485e-14	2.703841235063493e-19	1.9906206637873068e-09
0.0252	1.0553122028642934e-15	5.658324306162562e-11	2.6887609430333798e-15	2.6653047839801203e-14	2.747275719103891e-19	2.0225888005240344e-09
0.025400000000000002	1.0806374978788098e-15	5.7941049287413824e-11	2.7316089151412598e-15	2.707778843531806e-14	2.79105629413523e-19	2.054811443729487e-09
0.0256	1.106364737457078e-15	5.932040327929539e-11	2.7747956032393288e-15	2.7505886605133657e-14	2.8351829601493575e-19	2.0872885899311458e-09
0.0258	1.132497085669609e-15	6.072147460399266e-11	2.818321007278067e-15	2.7937342348324585e-14	2.879655717138129e-19	2.1200202356565273e-09
0.026000000000000002	1.1590377065736736e-15	6.214443282665454e-11	2.8621851272079544e-15	2.837215566396745e-14	2.9244745650933943e-19	2.153006377433178e-09
0.0262	1.1859897642133041e-15	6.358944751085639e-11	2.90638796297947e-15	2.8810326551138824e-14	2.969639504007006e-19	2.186247011788676e-09
0.0264	1.2133564226192966e-15	6.505668821860011e-11	2.9509295145430942e-15	2.9251855008915304e-14	3.0151505338708157e-19	2.2197421352506317e-09
0.026600000000000002	1.2411408458092075e-15	6.654632451031428e-11	2.9958097818493078e-15	2.969674103637351e-14	3.0610076546766784e-19	2.2534917443466854e-09
0.0268	1.2693461977873569e-15	6.80585259448538e-11	3.041028764848587e-15	3.0144984632589987e-14	3.107210866416441e-19	2.2874958356045098e-09
0.027	1.2979756425448257e-15	6.95934620795003e-11	3.0865864634914157e-15	3.0596585796641364e-14	3.1537601690819595e-19	2.32175440555181e-09
0.027200000000000002	1.3270323440594596e-15	7.115130246996195e-11	3.1324828777282725e-15	3.105154452760422e-14	3.200655562665084e-19	2.3562674507163225e-09
0.0274	1.3565194662958623e-15	7.273221667037342e-11	3.1787180075096368e-15	3.150986082455516e-14	3.247897047157667e-19	2.391034967625814e-09
0.027600000000000003	1.3864401732054056e-15	7.43363742332961e-11	3.2252918527859886e-15	3.197153468657077e-14	3.2954846225515605e-19	2.4260569528080847e-09
0.027800000000000002	1.4167976287262165e-15	7.59639447097178e-11	3.272204413507807e-15	3.243656611272765e-14	3.343418288838616e-19	2.461333402790964e-09
0.028	1.4475949967831915e-15	7.761509764905309e-11	3.3194556896255736e-15	3.2904955102102376e-14	3.3916980460106864e-19	2.496864314102315e-09
0.028200000000000003	1.478835441287985e-15	7.929000259914314e-11	3.3670456810897665e-15	3.337670165377158e-14	3.4403238940596243e-19	2.532649683270032e-09
0.0284	1.5105221261390155e-15	8.09888291062556e-11	3.4149743878508667e-15	3.3851805766811807e-14	3.4892958329772794e-19	2.5686895068220393e-09
0.0286	1.5426582152214635e-15	8.271174671508491e-11	3.4632418098593543e-15	3.433026744029968e-14	3.538613862755505e-19	2.604983781286295e-09
0.028800000000000003	1.5752468724072722e-15	8.445892496875213e-11	3.5118479470657092e-15	3.4812086673311787e-14	3.588277983386154e-19	2.641532503190789e-09
0.029	1.6082912615551477e-15	8.623053340880487e-11	3.56079279942041e-15	3.5297263464924753e-14	3.6382881948610762e-19	2.678335669063538e-09
0.0292	1.6417945465105568e-15	8.802674157521746e-11	3.6100763668739355e-15	3.5785797814215126e-14	3.6886444971721253e-19	2.715393275432596e-09
0.029400000000000003	1.6757598911057338e-15	8.984771900639099e-11	3.659698649376771e-15	3.6277689720259514e-14	3.7393468903111537e-19	2.7527053188260466e-09
0.0296	1.710190459159668e-15	9.169363523915304e-11	3.7096596468793906e-15	3.6772939182134527e-14	3.790395374270011e-19	2.790271795772003e-09
0.0298	1.7450894144781194e-15	9.356465980875805e-11	3.759959359332276e-15	3.7271546198916756e-14	3.841789949040551e-19	2.828092702798614e-09
0.030000000000000002	1.7804599208536056e-15	9.546096224888708e-11	3.810597786685909e-15	3.7773510769682806e-14	3.893530614614626e-19	2.866168036434056e-09
0.0302	1.8163051420654085e-15	9.738271209164784e-11	3.861574928890768e-15	3.8278832893509253e-14	3.9456173709840864e-19	2.904497793206539e-09
0.0304	1.8526282418795733e-15	9.933007886757484e-11	3.912890785897332e-15	3.8787512569472696e-14	3.998050218140786e-19	2.9430819696443033e-09
0.030600000000000002	1.8894323840489063e-15	1.0130323210562937e-10	3.964545357656083e-15	3.9299549796649745e-14	4.050829156076576e-19	2.981920562275624e-09
0.0308	1.9267207323129794e-15	1.0330234133319925e-10	4.016538644117499e-15	3.981494457411699e-14	4.1039541847833076e-19	3.0210135676288025e-09
0.031	1.9644964503981236e-15	1.0532757607609923e-10	4.068870645232062e-15	4.033369690095102e-14	4.1574253042528335e-19	3.0603609822321773e-09
0.031200000000000002	2.002762702017438e-15	1.0737910585857075e-10	4.121541360950251e-15	4.085580677622844e-14	4.2112425144770076e-19	3.0999628026141147e-09
0.031400000000000004	2.04152265087078e-15	1.0945710020328201e-10	4.174550791222545e-15	4.138127419902586e-14	4.2654058154476793e-19	3.1398190253030138e-09
0.0316	2.0807794606447727e-15	1.1156172863132791e-10	4.2278989359994246e-15	4.1910099168419837e-14	4.3199152071567e-19	3.1799296468273038e-09
0.0318	2.1205362950127987e-15	1.136931606622302e-10	4.281585795231369e-15	4.2442281683487005e-14	4.374770689595923e-19	3.2202946637154487e-09
0.032	2.1607963176350106e-15	1.1585156581393746e-10	4.3356113688688595e-15	4.297782174330394e-14	4.429972262757201e-19	3.260914072495941e-09
0.0322	2.2015626921583165e-15	1.18037113602825e-10	4.3899756568623755e-15	4.3516719346947265e-14	4.485519926632384e-19	3.301787869697308e-09
0.0324	2.2428385822163917e-15	1.2024997354369494e-10	4.444678659162398e-15	4.405897449349356e-14	4.541413681213327e-19	3.3429160518481033e-09
0.032600000000000004	2.2846271514296766e-15	1.2249031514977637e-10	4.499720375719408e-15	4.460458718201943e-14	4.597653526491881e-19	3.3842986154769198e-09
0.0328	2.3269315634053688e-15	1.2475830793272478e-10	4.55510080648388e-15	4.515355741160147e-14	4.654239462459895e-19	3.4259355571123732e-09
0.033	2.369754981737434e-15	1.2705412140262296e-10	4.610819951406296e-15	4.5705885181316275e-14	4.711171489109224e-19	3.4678268732831158e-09
0.0332	2.4131005700065984e-15	1.293779250679803e-10	4.66687781043714e-15	4.626157049024045e-14	4.768449606431719e-19	3.5099725605178327e-09
0.0334	2.456971491780355e-15	1.3172988843573306e-10	4.7232743835268905e-15	4.6820613337450575e-14	4.826073814419233e-19	3.5523726153452366e-09
0.033600000000000005	2.5013709106129576e-15	1.3411018101124463e-10	4.780009670626027e-15	4.7383013722023286e-14	4.884044113063618e-19	3.595027034294077e-09
0.033800000000000004	2.546301990045422e-15	1.365189722983047e-10	4.837083671685028e-15	4.794877164303514e-14	4.942360502356725e-19	3.6379358138931273e-09
0.034	2.5917678936055305e-15	1.3895643179913037e-10	4.894496386654373e-15	4.851788709956276e-14	5.001022982290404e-19	3.681098950671201e-09
0.0342	2.6377717848078283e-15	1.4142272901436537e-10	4.9522478154845455e-15	4.909036009068274e-14	5.0600315528565105e-19	3.724516441157135e-09
0.0344	2.6843168271536206e-15	1.4391803344308043e-10	5.010337958126021e-15	4.966619061547169e-14	5.119386214046895e-19	3.768188281879804e-09
0.0346	2.7314061841309828e-15	1.464425145827731e-10	5.068766814529285e-15	5.024537867300619e-14	5.179086965853409e-19	3.812114469368111e-09
0.034800000000000005	2.7790430192147495e-15	1.4899634192936805e-10	5.1275343846448145e-15	5.0827924262362867e-14	5.239133808267908e-19	3.856295000150994e-09
0.035	2.8272304958665163e-15	1.5157968497721647e-10	5.1866406684230884e-15	5.1413827382618293e-14	5.299526741282239e-19	3.900729870757418e-09
0.0352	2.8759717775346457e-15	1.5419271321909688e-10	5.246085665814588e-15	5.2003088032849076e-14	5.360265764888257e-19	3.945419077716382e-09
0.0354	2.925270027654267e-15	1.5683559614621455e-10	5.305869376769792e-15	5.2595706212131824e-14	5.421350879077811e-19	3.990362617556917e-09
0.0356	2.9751284096472677e-15	1.5950850324820174e-10	5.365991801239182e-15	5.3191681919543135e-14	5.482782083842757e-19	4.035560486808083e-09
0.0358	3.0255500869223006e-15	1.622116040131177e-10	5.426452939173239e-15	5.3791015154159593e-14	5.544559379174945e-19	4.081012681998976e-09
0.036000000000000004	3.076538222874786e-15	1.6494506792744872e-10	5.487252790522445e-15	5.4393705915057866e-14	5.606682765066229e-19	4.126719199658722e-09
0.0362	3.128095980886902e-15	1.6770906447610775e-10	5.548391355237273e-15	5.499975420131446e-14	5.669152241508457e-19	4.172680036316474e-09
0.0364	3.1802265243275945e-15	1.7050376314243509e-10	5.609868633268207e-15	5.5609160012006036e-14	5.731967808493484e-19	4.218895188501424e-09
0.0366	3.23293301655257e-15	1.733293334081978e-10	5.671684624565728e-15	5.6221923346209165e-14	5.795129466013159e-19	4.265364652742786e-09
0.0368	3.2862186209043042e-15	1.761859447535902e-10	5.733839329080316e-15	5.6838044203000467e-14	5.858637214059336e-19	4.3120884255698154e-09
0.037000000000000005	3.3400865007120346e-15	1.7907376665723346e-10	5.796332746762451e-15	5.745752258145656e-14	5.922491052623872e-19	4.359066503511796e-09
0.037200000000000004	3.394539819291759e-15	1.8199296859617566e-10	5.859164877562611e-15	5.8080358480654e-14	5.98669098169861e-19	4.406298883098039e-09
0.0374	3.4495817399462395e-15	1.8494372004589202e-10	5.9223357214312776e-15	5.870655189966943e-14	6.051237001275407e-19	4.453785560857891e-09
0.0376	3.5052154259650106e-15	1.8792619048028495e-10	5.98584527831893e-15	5.933610283757941e-14	6.116129111346115e-19	4.501526533320731e-09
0.0378	3.561444040624361e-15	1.9094054937168372e-10	6.049693548176048e-15	5.996901129346059e-14	6.181367311902583e-19	4.5495217970159674e-09
0.038	3.618270747187349e-15	1.939869661908447e-10	6.113880530953113e-15	6.060527726638955e-14	6.246951602936668e-19	4.59777134847304e-09
0.038200000000000005	3.675698708903798e-15	1.9706561040695147e-10	6.178406226600608e-15	6.12449007554429e-14	6.312881984440219e-19	4.646275184221424e-09
0.038400000000000004	3.733731089010289e-15	2.0017665148761443e-10	6.24327063506901e-15	6.188788175969726e-14	6.379158456405085e-19	4.695033300790619e-09
0.0386	3.7923710507301716e-15	2.0332025889887136e-10	6.308473756308796e-15	6.253422027822918e-14	6.445781018823124e-19	4.744045694710163e-09
0.0388	3.851621757273561e-15	2.064966021051868e-10	6.374015590270451e-15	6.318391631011527e-14	6.512749671686182e-19	4.793312362509621e-09
0.039	3.911486371837336e-15	2.0970585056945273e-10	6.439896136904453e-15	6.383696985443219e-14	6.580064414986117e-19	4.842833300718592e-09
0.0392	3.9719680576051375e-15	2.1294817375298804e-10	6.506115396161283e-15	6.449338091025651e-14	6.647725248714778e-19	4.892608505866707e-09
0.039400000000000004	4.0330699777473744e-15	2.1622374111553895e-10	6.572673367991423e-15	6.515314947666485e-14	6.7157321728640175e-19	4.942637974483628e-09
0.0396	4.0947952954212125e-15	2.1953272211527842e-10	6.639570052345347e-15	6.581627555273377e-14	6.784085187425687e-19	4.992921703099045e-09
0.0398	4.157147173770592e-15	2.2287528620880703e-10	6.70680544917354e-15	6.648275913753989e-14	6.852784292391634e-19	5.043459688242685e-09
0.04	4.2201287759262115e-15	2.2625160285115215e-10	6.774379558426481e-15	6.715260023015987e-14	6.921829487753719e-19	5.094251926444304e-09
0.0402	4.283743265005533e-15	2.2966184149576846e-10	6.842292380054649e-15	6.782579882967024e-14	6.991220773503789e-19	5.145298414233689e-09
0.040400000000000005	4.347993804112792e-15	2.3310617159453796e-10	6.91054391400853e-15	6.850235493514767e-14	7.060958149633698e-19	5.196599148140661e-09
0.040600000000000004	4.412883556338975e-15	2.365847625977694e-10	6.9791341602385944e-15	6.91822685456687e-14	7.1310416161352955e-19	5.248154124695069e-09
0.0408	4.478415684761843e-15	2.4009778395419916e-10	7.04806311869533e-15	6.986553966031e-14	7.201471173000436e-19	5.299963340426795e-09
0.041	4.544593352445916e-15	2.4364540511099067e-10	7.117330789329214e-15	7.055216827814811e-14	7.272246820220971e-19	5.3520267918657565e-09
0.0412	4.611419722442487e-15	2.4722779551373446e-10	7.186937172090727e-15	7.124215439825967e-14	7.343368557788752e-19	5.404344475541895e-09
0.0414	4.678897957789605e-15	2.508451246064484e-10	7.25688226693035e-15	7.193549801972129e-14	7.41483638569563e-19	5.456916387985189e-09
0.041600000000000005	4.747031221512088e-15	2.5449756183157763e-10	7.327166073798563e-15	7.263219914160957e-14	7.486650303933461e-19	5.509742525725649e-09
0.041800000000000004	4.815822676621513e-15	2.581852766299942e-10	7.397788592645847e-15	7.333225776300112e-14	7.558810312494093e-19	5.562822885293311e-09
0.042	4.885275486116233e-15	2.6190843844099777e-10	7.468749823422678e-15	7.403567388297251e-14	7.631316411369377e-19	5.6161574632182504e-09
0.0422	4.955392812981356e-15	2.656672167023152e-10	7.54004976607954e-15	7.47424475006004e-14	7.704168600551168e-19	5.669746256030568e-09
0.0424	5.026177820188755e-15	2.6946178085010053e-10	7.611688420566912e-15	7.545257861496134e-14	7.777366880031317e-19	5.7235892602604015e-09
0.0426	5.097633670697078e-15	2.732923003189348e-10	7.683665786835274e-15	7.6166067225132e-14	7.850911249801676e-19	5.777686472437916e-09
0.042800000000000005	5.169763527451729e-15	2.7715894454182725e-10	7.755981864835114e-15	7.688291333018896e-14	7.924801709854099e-19	5.83203788909331e-09
0.043000000000000003	5.242570553384876e-15	2.8106188295021297e-10	7.828636654516897e-15	7.760311692920881e-14	7.999038260180435e-19	5.886643506756811e-09
0.0432	5.316057911415456e-15	2.850012849739557e-10	7.901630155831113e-15	7.832667802126818e-14	8.073620900772536e-19	5.9415033219586815e-09
0.0434	5.390228764449171e-15	2.889773200413455e-10	7.974962368728242e-15	7.905359660544366e-14	8.148549631622256e-19	5.996617331229216e-09
0.0436	5.465086275378486e-15	2.929901575791007e-10	8.04863329315876e-15	7.978387268081185e-14	8.223824452721446e-19	6.051985531098735e-09
0.0438	5.540633607082635e-15	2.970399670123659e-10	8.122642929073152e-15	8.051750624644937e-14	8.299445364061956e-19	6.107607918097595e-09
0.044000000000000004	5.616873922427615e-15	3.0112691776471433e-10	8.196991276421899e-15	8.125449730143288e-14	8.375412365635644e-19	6.163484488756188e-09
0.0442	5.6938103842661835e-15	3.052511792581448e-10	8.271678335155474e-15	8.19948458448389e-14	8.451725457434356e-19	6.219615239604926e-09
0.0444	5.771446155437866e-15	3.0941292091308523e-10	8.346704105224364e-15	8.273855187574405e-14	8.528384639449945e-19	6.2760001671742625e-09
0.0446	5.849784398768962e-15	3.136123121483897e-10	8.422068586579048e-15	8.348561539322499e-14	8.605389911674264e-19	6.33263926799468e-09
0.0448	5.928828277072523e-15	3.1784952238134046e-10	8.49777177917e-15	8.42360363963583e-14	8.682741274099167e-19	6.389532538596691e-09
0.045000000000000005	6.008580953148377e-15	3.2212472102764665e-10	8.573813682947714e-15	8.49898148842206e-14	8.7604387267165e-19	6.4466799755108435e-09
0.045200000000000004	6.089045589783106e-15	3.2643807750144496e-10	8.650194297862658e-15	8.574695085588847e-14	8.838482269518124e-19	6.504081575267709e-09
0.0454	6.170225349750066e-15	3.307897612152992e-10	8.726913623865313e-15	8.650744431043852e-14	8.916871902495884e-19	6.561737334397899e-09
0.0456	6.252123395809377e-15	3.351799415802012e-10	8.803971660906165e-15	8.727129524694741e-14	8.995607625641633e-19	6.619647249432054e-09
0.0458	6.334742890707921e-15	3.3960878800556954e-10	8.881368408935693e-15	8.80385036644917e-14	9.074689438947224e-19	6.6778113169008415e-09
0.046	6.418086997179352e-15	3.440764698992509e-10	8.959103867904373e-15	8.880906956214802e-14	9.15411734240451e-19	6.736229533334965e-09
0.046200000000000005	6.502158877944085e-15	3.4858315666751887e-10	9.037178037762694e-15	8.958299293899301e-14	9.233891336005346e-19	6.794901895265166e-09
0.046400000000000004	6.586961695709298e-15	3.5312901771507463e-10	9.115590918461127e-15	9.036027379410321e-14	9.314011419741577e-19	6.8538283992222e-09
0.0466	6.672498613168935e-15	3.577142224450466e-10	9.194342509950156e-15	9.114091212655525e-14	9.394477593605056e-19	6.913009041736869e-09
0.0468	6.758772793003716e-15	3.6233894025899133e-10	9.273432812180262e-15	9.192490793542575e-14	9.475289857587637e-19	6.972443819340003e-09
0.047	6.8457873978811125e-15	3.670033405568919e-10	9.352861825101925e-15	9.271226121979135e-14	9.556448211681174e-19	7.032132728562462e-09
0.0472	6.93354559045537e-15	3.7170759273715995e-10	9.432629548665622e-15	9.350297197872862e-14	9.637952655877515e-19	7.092075765935138e-09
0.047400000000000005	7.022050533367505e-15	3.764518661966337e-10	9.512735982821837e-15	9.42970402113142e-14	9.71980319016852e-19	7.152272927988958e-09
0.0476	7.111305389245283e-15	3.81236330330579e-10	9.593181127521052e-15	9.509446591662468e-14	9.801999814546033e-19	7.21272421125487e-09
0.0478	7.201313320703245e-15	3.860611545326899e-10	9.673964982713742e-15	9.589524909373666e-14	9.884542529001903e-19	7.273429612263864e-09
0.048	7.292077490342704e-15	3.909265081950872e-10	9.755087548350396e-15	9.669938974172678e-14	9.96743133352799e-19	7.334389127546961e-09
0.0482	7.383601060751727e-15	3.9583256070831936e-10	9.836548824381485e-15	9.750688785967165e-14	1.0050666228116144e-18	7.395602753635206e-09
0.048400000000000006	7.475887194505162e-15	4.0077948146136287e-10	9.918348810757497e-15	9.831774344664787e-14	1.0134247212758216e-18	7.457070487059685e-09
0.048600000000000004	7.568939054164606e-15	4.057674398416213e-10	1.0000487507428904e-14	9.913195650173206e-14	1.0218174287446057e-18	7.518792324351508e-09
0.0488	7.662759802278427e-15	4.1079660523492544e-10	1.0082964914346187e-14	9.99495270240008e-14	1.0302447452171522e-18	7.580768262041822e-09
0.049	7.757352601381764e-15	4.158671470255349e-10	1.0165781031459834e-14	1.0077045501253074e-13	1.0387066706926457e-18	7.642998296661799e-09
0.0492	7.852720613996527e-15	4.2097923459613546e-10	1.0248935858720325e-14	1.0159474046639846e-13	1.047203205170272e-18	7.705482424742648e-09
0.0494	7.948867002631374e-15	4.2613303732784106e-10	1.0332429396078134e-14	1.0242238338468061e-13	1.0557343486492163e-18	7.768220642815611e-09
0.049600000000000005	8.04579492978175e-15	4.3132872460019363e-10	1.0416261643483748e-14	1.0325338376645379e-13	1.0643001011286637e-18	7.831212947411959e-09
0.049800000000000004	8.143507557929846e-15	4.365664657911621e-10	1.0500432600887641e-14	1.0408774161079459e-13	1.072900462607799e-18	7.894459335062987e-09
0.05	8.242008049544639e-15	4.4184643027714304e-10	1.0584942268240295e-14	1.0492545691677961e-13	1.0815354330858076e-18	7.957959802300037e-09
0.0502	8.341299567081854e-15	4.4716878743296114e-10	1.066979064549219e-14	1.0576652968348553e-13	1.0902050125618748e-18	8.02171434565447e-09
0.0504	8.441385272983992e-15	4.525337066318683e-10	1.0754977732593812e-14	1.0661095990998893e-13	1.0989092010351859e-18	8.085722961657684e-09
0.0506	8.542268329680328e-15	4.5794135724554386e-10	1.0840503529495636e-14	1.0745874759536637e-13	1.107647998504926e-18	8.149985646841106e-09
0.050800000000000005	8.643951899586888e-15	4.633919086440955e-10	1.0926368036148142e-14	1.0830989273869458e-13	1.116421404970281e-18	8.214502397736202e-09
0.051000000000000004	8.746439145106465e-15	4.68885530196058e-10	1.1012571252501814e-14	1.0916439533905008e-13	1.1252294204304347e-18	8.279273210874454e-09
0.0512	8.84973322862863e-15	4.744223912683938e-10	1.1099113178507128e-14	1.1002225539550946e-13	1.1340720448845731e-18	8.34429808278739e-09
0.0514	8.95383731252972e-15	4.800026612264934e-10	1.1185993814114569e-14	1.1088347290714946e-13	1.1429492783318814e-18	8.409577010006566e-09
0.0516	9.05875455917282e-15	4.856265094341745e-10	1.1273213159274613e-14	1.1174804787304653e-13	1.1518611207715448e-18	8.475109989063564e-09
0.051800000000000006	9.164488130907809e-15	4.912941052536832e-10	1.1360771213937749e-14	1.1261598029227743e-13	1.1608075722027487e-18	8.540897016490006e-09
0.052000000000000005	9.271041190071307e-15	4.97005618045692e-10	1.1448667978054448e-14	1.1348727016391871e-13	1.1697886326246774e-18	8.606938088817538e-09
0.0522	9.378416898986719e-15	5.027612171693028e-10	1.1536903451575194e-14	1.1436191748704694e-13	1.1788043020365167e-18	8.673233202577841e-09
0.0524	9.486618419964199e-15	5.085610719820438e-10	1.1625477634450466e-14	1.1523992226073885e-13	1.187854580437452e-18	8.73978235430263e-09
0.0526	9.595648915300688e-15	5.144053518398719e-10	1.1714390526630746e-14	1.1612128448407094e-13	1.1969394678266685e-18	8.806585540523647e-09
0.0528	9.705511547279885e-15	5.202942260971707e-10	1.1803642128066514e-14	1.170060041561199e-13	1.2060589642033509e-18	8.873642757772667e-09
0.053000000000000005	9.816209478172249e-15	5.262278641067534e-10	1.1893232438708257e-14	1.1789408127596233e-13	1.2152130695666853e-18	8.9409540025815e-09
0.053200000000000004	9.927745870235008e-15	5.322064352198581e-10	1.1983161458506444e-14	1.1878551584267487e-13	1.224401783915856e-18	9.008519271481978e-09
0.0534	1.0040123885712163e-14	5.382301087861534e-10	1.2073429187411562e-14	1.1968030785533401e-13	1.2336251072500486e-18	9.076338561005973e-09
0.0536	1.0153346686834484e-14	5.44299054153734e-10	1.2164035625374083e-14	1.2057845731301652e-13	1.242883039568448e-18	9.14441186768539e-09
0.0538	1.0267417435819493e-14	5.504134406691234e-10	1.2254980772344499e-14	1.214799642147989e-13	1.2521755808702396e-18	9.212739188052163e-09
0.054	1.0382339294871494e-14	5.565734376772721e-10	1.2346264628273287e-14	1.223848285597579e-13	1.2615027311546085e-18	9.28132051863825e-09
0.054200000000000005	1.0498115426181558e-14	5.627792145215593e-10	1.2437887193110932e-14	1.2329305034697002e-13	1.2708644904207406e-18	9.350155855975656e-09
0.054400000000000004	1.0614748991927509e-14	5.690309405437903e-10	1.2529848466807903e-14	1.2420462957551183e-13	1.2802608586678202e-18	9.4192451965964e-09
0.0546	1.0732243154273943e-14	5.753287850842005e-10	1.2622148449314687e-14	1.251195662444601e-13	1.2896918358950328e-18	9.488588537032546e-09
0.0548	1.0850601075372233e-14	5.816729174814511e-10	1.2714787140581764e-14	1.260378603528914e-13	1.2991574221015635e-18	9.558185873816182e-09
0.055	1.0969825917360515e-14	5.880635070726328e-10	1.2807764540559618e-14	1.2695951189988228e-13	1.3086576172865977e-18	9.628037203479437e-09
0.055200000000000006	1.1089920842363688e-14	5.94500723193263e-10	1.2901080649198722e-14	1.2788452088450944e-13	1.3181924214493204e-18	9.698142522554457e-09
0.055400000000000005	1.1210889012493407e-14	6.009847351772872e-10	1.2994735466449562e-14	1.2881288730584945e-13	1.327761834588917e-18	9.768501827573428e-09
0.055600000000000004	1.133273358984812e-14	6.075157123570788e-10	1.3088728992262617e-14	1.2974461116297888e-13	1.3373658567045728e-18	9.83911511506857e-09
0.0558	1.1455457736513031e-14	6.140938240634396e-10	1.3183061226588369e-14	1.3067969245497446e-13	1.3470044877954728e-18	9.909982381572133e-09
0.056	1.1579064614560098e-14	6.207192396255982e-10	1.3277732169377296e-14	1.316181311809127e-13	1.3566777278608018e-18	9.981103623616392e-09
0.0562	1.1703557386048063e-14	6.273921283712125e-10	1.337274182057988e-14	1.3255992733987032e-13	1.366385576899746e-18	1.0052478837733662e-08
0.056400000000000006	1.1828939213022434e-14	6.341126596263673e-10	1.3468090180146603e-14	1.3350508093092388e-13	1.3761280349114904e-18	1.0124108020456287e-08
0.056600000000000004	1.1955213257515482e-14	6.408810027155752e-10	1.3563777248027943e-14	1.3445359195314995e-13	1.385905101895219e-18	1.019599116831664e-08
0.0568	1.2082382681546231e-14	6.47697326961777e-10	1.365980302417438e-14	1.3540546040562524e-13	1.3957167778501179e-18	1.0268128277847123e-08
0.057	1.2210450647120503e-14	6.545618016863421e-10	1.37561675085364e-14	1.363606862874263e-13	1.4055630627753722e-18	1.0340519345580182e-08
0.0572	1.2339420316230868e-14	6.614745962090663e-10	1.3852870701064478e-14	1.3731926959762983e-13	1.4154439566701674e-18	1.0413164368048278e-08
0.0574	1.2469294850856659e-14	6.684358798481753e-10	1.3949912601709094e-14	1.3828121033531237e-13	1.4253594595336886e-18	1.0486063341783923e-08
0.057600000000000005	1.2600077412963996e-14	6.754458219203211e-10	1.4047293210420736e-14	1.3924650849955058e-13	1.435309571365121e-18	1.0559216263319638e-08
0.057800000000000004	1.2731771164505744e-14	6.825045917405844e-10	1.4145012527149874e-14	1.4021516408942108e-13	1.445294292163649e-18	1.063262312918799e-08
0.058	1.2864379267421556e-14	6.896123586224736e-10	1.4243070551846997e-14	1.411871771040005e-13	1.4553136219284587e-18	1.0706283935921575e-08
0.0582	1.2997904883637832e-14	6.967692918779256e-10	1.4341467284462583e-14	1.4216254754236535e-13	1.465367560658735e-18	1.0780198680053021e-08
0.0584	1.3132351175067757e-14	7.039755608173043e-10	1.4440202724947105e-14	1.431412754035924e-13	1.4754561083536633e-18	1.0854367358114984e-08
0.058600000000000006	1.3267721303611285e-14	7.112313347494036e-10	1.4539276873251063e-14	1.4412336068675822e-13	1.4855792650124286e-18	1.092878996664016e-08
0.058800000000000005	1.3404018431155119e-14	7.185367829814421e-10	1.4638689729324917e-14	1.4510880339093934e-13	1.4957370306342162e-18	1.1003466502161262e-08
0.059000000000000004	1.3541245719572738e-14	7.258920748190701e-10	1.473844129311916e-14	1.4609760351521254e-13	1.505929405218211e-18	1.1078396961211048e-08
0.0592	1.36794063307244e-14	7.332973795663626e-10	1.483853156458427e-14	1.470897610586543e-13	1.5161563887635984e-18	1.1153581340322301e-08
0.0594	1.3818503426457126e-14	7.407528665258257e-10	1.4938960543670717e-14	1.4808527602034132e-13	1.5264179812695635e-18	1.1229019636027839e-08
0.0596	1.3958540168604687e-14	7.482587049983911e-10	1.5039728230328997e-14	1.4908414839935019e-13	1.536714182735292e-18	1.1304711844860511e-08
0.059800000000000006	1.4099519718987652e-14	7.558150642834205e-10	1.5140834624509584e-14	1.500863781947576e-13	1.5470449931599688e-18	1.1380657963353192e-08
0.060000000000000005	1.424144523941333e-14	7.634221136787011e-10	1.524227972616296e-14	1.5109196540564006e-13	1.557410412542779e-18	1.145685798803879e-08
0.060200000000000004	1.438431989167582e-14	7.710800224804514e-10	1.53440635352396e-14	1.5210091003107423e-13	1.5678104408829074e-18	1.1533311915450258e-08
0.0604	1.4528146837555965e-14	7.787889599833151e-10	1.544618605169e-14	1.531132120701368e-13	1.5782450781795402e-18	1.1610019742120559e-08
0.0606	1.4672929238821402e-14	7.865490954803661e-10	1.5548647275464622e-14	1.5412887152190424e-13	1.5887143244318618e-18	1.1686981464582705e-08
0.0608	1.481867025722653e-14	7.943605982631048e-10	1.5651447206513955e-14	1.5514788838545337e-13	1.5992181796390577e-18	1.1764197079369727e-08
0.061000000000000006	1.4965373054512496e-14	8.022236376214616e-10	1.575458584478849e-14	1.5617026265986069e-13	1.6097566438003133e-18	1.1841666583014702e-08
0.061200000000000004	1.5113040792407226e-14	8.101383828437924e-10	1.5858063190238685e-14	1.5719599434420284e-13	1.6203297169148134e-18	1.1919389972050723e-08
0.0614	1.5261676632625432e-14	8.181050032168838e-10	1.5961879242815036e-14	1.5822508343755639e-13	1.630937398981743e-18	1.1997367243010923e-08
0.0616	1.541128373686858e-14	8.261236680259487e-10	1.606603400246802e-14	1.592575299389981e-13	1.6415796900002879e-18	1.2075598392428463e-08
0.0618	1.5561865266824888e-14	8.341945465546295e-10	1.617052746914812e-14	1.6029333384760443e-13	1.6522565899696332e-18	1.2154083416836541e-08
0.062	1.571342438416937e-14	8.423178080849955e-10	1.6275359642805814e-14	1.6133249516245215e-13	1.6629680988889635e-18	1.2232822312768385e-08
0.062200000000000005	1.5865964250563798e-14	8.504936218975454e-10	1.638053052339159e-14	1.623750138826178e-13	1.6737142167574656e-18	1.2311815076757249e-08
0.062400000000000004	1.6019488027656714e-14	8.587221572712052e-10	1.6486040110855913e-14	1.6342089000717798e-13	1.6844949435743226e-18	1.239106170533642e-08
0.0626	1.6173998877083406e-14	8.670035834833293e-10	1.6591888405149276e-14	1.644701235352094e-13	1.6953102793387206e-18	1.247056219503922e-08
0.06280000000000001	1.632949996046597e-14	8.753380698097006e-10	1.6698075406222156e-14	1.6552271446578865e-13	1.7061602240498456e-18	1.2550316542399007e-08
0.063	1.648599443941324e-14	8.837257855245291e-10	1.680460111402503e-14	1.6657866279799226e-13	1.7170447777068807e-18	1.2630324743949154e-08
0.0632	1.6643485475520838e-14	8.921668999004551e-10	1.6911465528508394e-14	1.6763796853089702e-13	1.7279639403090137e-18	1.2710586796223086e-08
0.0634	1.680197623037112e-14	9.006615822085446e-10	1.7018668649622705e-14	1.6870063166357942e-13	1.7389177118554277e-18	1.2791102695754242e-08
0.0636	1.6961469865533268e-14	9.092100017182942e-10	1.712621047731847e-14	1.6976665219511614e-13	1.7499060923453098e-18	1.287187243907611e-08
0.06380000000000001	1.7121969542563185e-14	9.178123276976271e-10	1.7234091011546155e-14	1.708360301245838e-13	1.7609290817778432e-18	1.2952896022722192e-08
0.064	1.7283478423003558e-14	9.26468729412895e-10	1.7342310252256228e-14	1.7190876545105901e-13	1.771986680152215e-18	1.3034173443226029e-08
0.06420000000000001	1.744599966838385e-14	9.351793761288793e-10	1.745086819939919e-14	1.7298485817361845e-13	1.7830788874676083e-18	1.31157046971212e-08
0.0644	1.7609536440220267e-14	9.43944437108787e-10	1.755976485292552e-14	1.7406430829133865e-13	1.7942057037232102e-18	1.3197489780941303e-08
0.0646	1.777409190001583e-14	9.527640816142559e-10	1.7669000212785692e-14	1.7514711580329631e-13	1.8053671289182052e-18	1.3279528691219977e-08
0.0648	1.7939669209260258e-14	9.616384789053502e-10	1.777857427893019e-14	1.7623328070856803e-13	1.8165631630517782e-18	1.3361821424490886e-08
0.065	1.8106271529430126e-14	9.705677982405647e-10	1.788848705130949e-14	1.7732280300623046e-13	1.827793806123115e-18	1.3444367977287736e-08
0.06520000000000001	1.827390202198872e-14	9.7955220887682e-10	1.799873852987409e-14	1.784156826953602e-13	1.839059058131401e-18	1.3527168346144256e-08
0.0654	1.8442563848386094e-14	9.885918800694655e-10	1.8109328714574438e-14	1.7951191977503383e-13	1.8503589190758193e-18	1.3610222527594198e-08
0.0656	1.8612260170059102e-14	9.976869810722805e-10	1.8220257605361046e-14	1.806115142443281e-13	1.8616933889555582e-18	1.3693530518171369e-08
0.0658	1.878299414843133e-14	1.0068376811374712e-09	1.8331525202184374e-14	1.8171446610231946e-13	1.8730624677698e-18	1.377709231440958e-08
0.066	1.895476894491318e-14	1.016044149515673e-09	1.8443131504994918e-14	1.8282077534808478e-13	1.8844661555177324e-18	1.3860907912842703e-08
0.06620000000000001	1.9127587720901777e-14	1.0253065554559487e-09	1.8555076513743158e-14	1.8393044198070051e-13	1.89590445219854e-18	1.394497731000462e-08
0.0664	1.9301453637781023e-14	1.0346250682057898e-09	1.8667360228379555e-14	1.850434659992432e-13	1.9073773578114058e-18	1.4029300502429245e-08
0.0666	1.947636985692163e-14	1.0439998570111168e-09	1.8779982648854623e-14	1.8615984740278972e-13	1.9188848723555177e-18	1.4113877486650533e-08
0.0668	1.9652339539681027e-14	1.0534310911162774e-09	1.8892943775118802e-14	1.872795861904164e-13	1.9304269958300594e-18	1.4198708259202468e-08
0.067	1.982936584740345e-14	1.0629189397640497e-09	1.9006243607122613e-14	1.8840268236120017e-13	1.942003728234217e-18	1.4283792816619069e-08
0.06720000000000001	2.000745194141988e-14	1.0724635721956383e-09	1.911988214481651e-14	1.8952913591421753e-13	1.9536150695671755e-18	1.4369131155434374e-08
0.0674	2.0186600983048058e-14	1.0820651576506752e-09	1.9233859388150984e-14	1.90658946848545e-13	1.965261019828119e-18	1.4454723272182458e-08
0.06760000000000001	2.036681613359255e-14	1.091723865367225e-09	1.9348175337076514e-14	1.9179211516325933e-13	1.976941579016235e-18	1.4540569163397441e-08
0.0678	2.0548100554344618e-14	1.1014398645817758e-09	1.9462829991543574e-14	1.929286408574371e-13	1.9886567471307056e-18	1.4626668825613454e-08
0.068	2.073045740658236e-14	1.111213324529248e-09	1.957782335150266e-14	1.9406852393015505e-13	2.000406524170719e-18	1.4713022255364674e-08
0.0682	2.0913889851570582e-14	1.1210444144429875e-09	1.9693155416904238e-14	1.9521176438048965e-13	2.012190910135458e-18	1.4799629449185292e-08
0.0684	2.1098401050560907e-14	1.1309333035547712e-09	1.980882618769881e-14	1.963583622075176e-13	2.02400990502411e-18	1.4886490403609566e-08
0.06860000000000001	2.1283994164791707e-14	1.1408801610948029e-09	1.9924835663836835e-14	1.975083174103156e-13	2.035863508835859e-18	1.4973605115171744e-08
0.0688	2.1470672355488108e-14	1.150885156291715e-09	2.004118384526879e-14	1.986616299879601e-13	2.0477517215698894e-18	1.5060973580406126e-08
0.069	2.1658438783862054e-14	1.1609484583725693e-09	2.015787073194518e-14	1.9981829993952787e-13	2.059674543225388e-18	1.514859579584705e-08
0.0692	2.1847296611112208e-14	1.1710702365628538e-09	2.0274896323816465e-14	2.009783272640955e-13	2.0716319738015388e-18	1.5236471758028865e-08
0.0694	2.2037248998424036e-14	1.1812506600864884e-09	2.0392260620833134e-14	2.0214171196073965e-13	2.0836240132975283e-18	1.5324601463485975e-08
0.06960000000000001	2.2228299106969754e-14	1.1914898981658196e-09	2.050996362294568e-14	2.033084540285369e-13	2.0956506617125407e-18	1.54129849087528e-08
0.0698	2.2420450097908337e-14	1.2017881200216202e-09	2.0628005330104553e-14	2.0447855346656387e-13	2.1077119190457607e-18	1.550162209036379e-08
0.07	2.2613705132385573e-14	1.2121454948730965e-09	2.0746385742260267e-14	2.0565201027389727e-13	2.119807785296375e-18	1.5590513004853443e-08
0.0702	2.2808067371533964e-14	1.2225621919378786e-09	2.0865104859363277e-14	2.068288244496136e-13	2.1319382604635674e-18	1.5679657648756267e-08
0.0704	2.3003539976472845e-14	1.2330383804320295e-09	2.0984162681364087e-14	2.0800899599278965e-13	2.1441033445465244e-18	1.576905601860682e-08
0.07060000000000001	2.320012610830827e-14	1.2435742295700368e-09	2.110355920821316e-14	2.0919252490250205e-13	2.1563030375444303e-18	1.585870811093968e-08
0.0708	2.339782892813307e-14	1.2541699085648177e-09	2.1223294439860978e-14	2.1037941117782717e-13	2.16853733945647e-18	1.5948613922289457e-08
0.07100000000000001	2.3596651597026877e-14	1.26482558662772e-09	2.1343368376258038e-14	2.1156965481784196e-13	2.18080625028183e-18	1.6038773449190803e-08
0.0712	2.3796597276056043e-14	1.2755414329685174e-09	2.1463781017354793e-14	2.1276325582162276e-13	2.193109770019694e-18	1.6129186688178385e-08
0.0714	2.3997669126273746e-14	1.2863176167954147e-09	2.1584532363101753e-14	2.139602141882465e-13	2.2054478986692485e-18	1.6219853635786922e-08
0.0716	2.4199870308719878e-14	1.2971543073150429e-09	2.170562241344938e-14	2.1516052991678944e-13	2.2178206362296773e-18	1.6310774288551138e-08
0.0718	2.440320398442116e-14	1.3080516737324635e-09	2.1827051168348175e-14	2.1636420300632872e-13	2.230227982700167e-18	1.6401948643005825e-08
0.07200000000000001	2.460767331439104e-14	1.319009885251166e-09	2.1948818627748597e-14	2.1757123345594063e-13	2.242669938079903e-18	1.649337669568577e-08
0.0722	2.4813281459629727e-14	1.3300291110730662e-09	2.2070924791601132e-14	2.1878162126470172e-13	2.2551465023680684e-18	1.6585058443125807e-08
0.0724	2.5020031581124254e-14	1.3411095203985138e-09	2.2193369659856264e-14	2.1999536643168886e-13	2.267657675563851e-18	1.6676993881860807e-08
0.0726	2.5227926839848363e-14	1.3522512824262813e-09	2.231615323246447e-14	2.2121246895597846e-13	2.280203457666433e-18	1.6769183008425667e-08
0.0728	2.543697039676262e-14	1.3634545663535746e-09	2.243927550937625e-14	2.2243292883664744e-13	2.292783848675003e-18	1.6861625819355314e-08
0.07300000000000001	2.5647165412814322e-14	1.3747195413760249e-09	2.256273649054207e-14	2.236567460727722e-13	2.305398848588744e-18	1.6954322311184702e-08
0.0732	2.5858515048937525e-14	1.3860463766876934e-09	2.2686536175912395e-14	2.2488392066342937e-13	2.3180484574068414e-18	1.704727248044882e-08
0.0734	2.6071022466053124e-14	1.397435241481071e-09	2.281067456543773e-14	2.2611445260769574e-13	2.3307326751284812e-18	1.7140476323682708e-08
0.0736	2.6284690825068716e-14	1.4088863049470748e-09	2.293515165906855e-14	2.2734834190464776e-13	2.3434515017528467e-18	1.7233933837421405e-08
0.0738	2.6499523286878707e-14	1.4203997362750531e-09	2.305996745675533e-14	2.285855885533622e-13	2.3562049372791267e-18	1.7327645018200006e-08
0.07400000000000001	2.6715523012364246e-14	1.4319757046527819e-09	2.3185121958448564e-14	2.2982619255291573e-13	2.3689929817065038e-18	1.7421609862553625e-08
0.0742	2.6932693162393265e-14	1.4436143792664645e-09	2.331061516409871e-14	2.310701539023848e-13	2.3818156350341622e-18	1.7515828367017405e-08
0.07440000000000001	2.715103689782047e-14	1.4553159293007364e-09	2.343644707365628e-14	2.323174726008462e-13	2.39467289726129e-18	1.7610300528126538e-08
0.0746	2.737055737948731e-14	1.467080523938657e-09	2.356261768707172e-14	2.335681486473764e-13	2.40756476838707e-18	1.7705026342416223e-08
0.0748	2.7591257768222086e-14	1.4789083323617198e-09	2.3689127004295547e-14	2.348221820410523e-13	2.420491248410689e-18	1.7800005806421717e-08
0.075	2.7813141224839765e-14	1.490799523749842e-09	2.38159750252782e-14	2.360795727809502e-13	2.433452337331331e-18	1.7895238916678285e-08
0.0752	2.803621091014215e-14	1.5027542672813743e-09	2.3943161749970207e-14	2.373403208661471e-13	2.446448035148183e-18	1.799072566972124e-08
0.07540000000000001	2.8260469984917795e-14	1.5147727321330923e-09	2.4070687178322015e-14	2.3860442629571935e-13	2.4594783418604285e-18	1.808646606208592e-08
0.0756	2.8485921609942004e-14	1.5268550874802016e-09	2.4198551310284114e-14	2.398718890687437e-13	2.472543257467252e-18	1.8182460090307683e-08
0.0758	2.871256894597691e-14	1.5390015024963376e-09	2.4326754145806997e-14	2.411427091842967e-13	2.4856427819678413e-18	1.8278707750921945e-08
0.076	2.894041515377134e-14	1.5512121463535632e-09	2.445529568484112e-14	2.424168866414551e-13	2.498776915361379e-18	1.837520904046413e-08
0.0762	2.916946339406097e-14	1.5634871882223715e-09	2.4584175927336994e-14	2.436944214392955e-13	2.5119456576470524e-18	1.847196395546971e-08
0.07640000000000001	2.9399716827568196e-14	1.5758267972716832e-09	2.471339487324508e-14	2.449753135768946e-13	2.525149008824046e-18	1.8568972492474174e-08
0.0766	2.9631178615002176e-14	1.5882311426688475e-09	2.4842952522515867e-14	2.4625956305332875e-13	2.5383869688915438e-18	1.8666234648013042e-08
0.07680000000000001	2.98638519170589e-14	1.6007003935796437e-09	2.4972848875099828e-14	2.4754716986767507e-13	2.5516595378487325e-18	1.8763750418621895e-08
0.077	3.0097739894421055e-14	1.6132347191682794e-09	2.5103083930947447e-14	2.4883813401900963e-13	2.5649667156947957e-18	1.8861519800836296e-08
0.0772	3.033284570775814e-14	1.6258342885973917e-09	2.523365769000921e-14	2.5013245550640953e-13	2.5783085024289213e-18	1.8959542791191895e-08
0.07740000000000001	3.0569172517726446e-14	1.6384992710280442e-09	2.53645701522356e-14	2.5143013432895117e-13	2.5916848980502927e-18	1.905781938622433e-08
0.0776	3.0806723484968946e-14	1.6512298356197312e-09	2.5495821317577086e-14	2.5273117048571113e-13	2.605095902558094e-18	1.915634958246927e-08
0.07780000000000001	3.104550177011551e-14	1.6640261515303775e-09	2.562741118598417e-14	2.5403556397576636e-13	2.618541515951513e-18	1.9255133376462455e-08
0.078	3.1285510533782674e-14	1.676888387916333e-09	2.57593397574073e-14	2.5534331479819314e-13	2.6320217382297324e-18	1.935417076473962e-08
0.0782	3.152675293657382e-14	1.68981671393238e-09	2.5891607031796987e-14	2.5665442295206827e-13	2.6455365693919398e-18	1.9453461743836558e-08
0.0784	3.176923213907902e-14	1.7028112987317264e-09	2.6024213009103702e-14	2.5796888843646844e-13	2.659086009437318e-18	1.955300631028906e-08
0.0786	3.201295130187521e-14	1.715872311466013e-09	2.6157157689277922e-14	2.5928671125047025e-13	2.6726700583650543e-18	1.9652804460632992e-08
0.07880000000000001	3.2257913585526015e-14	1.728999921285306e-09	2.6290441072270145e-14	2.606078913931503e-13	2.6862887161743333e-18	1.9752856191404212e-08
0.079	3.250412215058187e-14	1.7421942973381014e-09	2.6424063158030817e-14	2.6193242886358516e-13	2.6999419828643385e-18	1.9853161499138623e-08
0.0792	3.2751580157579994e-14	1.7554556087713255e-09	2.655802394651046e-14	2.632603236608517e-13	2.7136298584342582e-18	1.995372038037217e-08
0.0794	3.3000290767044354e-14	1.7687840247303319e-09	2.6692323437659525e-14	2.645915757840262e-13	2.7273523428832745e-18	2.0054532831640813e-08
0.0796	3.325025713948571e-14	1.7821797143589055e-09	2.6826961631428514e-14	2.659261852321857e-13	2.7411094362105744e-18	2.0155598849480564e-08
0.07980000000000001	3.3501482435401566e-14	1.7956428467992568e-09	2.696193852776789e-14	2.672641520044066e-13	2.7549011384153434e-18	2.025691843042745e-08
0.08	3.3753969815276197e-14	1.809173591192027e-09	2.7097254126628147e-14	2.6860547609976547e-13	2.768727449496765e-18	2.0358491571017524e-08
0.08020000000000001	3.4007722439580684e-14	1.8227721166762872e-09	2.7232908427959756e-14	2.699501575173391e-13	2.782588369454027e-18	2.0460318267786893e-08
0.0804	3.426274346877282e-14	1.8364385923895358e-09	2.7368901431713206e-14	2.7129819625620416e-13	2.7964838982863104e-18	2.0562398517271672e-08
0.0806	3.4519036063297275e-14	1.8501731874677021e-09	2.7505233137838983e-14	2.7264959231543715e-13	2.8104140359928055e-18	2.0664732316008032e-08
0.08080000000000001	3.477660338358538e-14	1.8639760710451424e-09	2.7641903546287563e-14	2.7400434569411484e-13	2.8243787825726932e-18	2.076731966053215e-08
0.081	3.503544859005526e-14	1.8778474122546432e-09	2.7778912657009406e-14	2.753624563913137e-13	2.8383781380251616e-18	2.0870160547380248e-08
0.08120000000000001	3.529557484311189e-14	1.8917873802274197e-09	2.7916260469955024e-14	2.767239244061105e-13	2.852412102349394e-18	2.0973254973088586e-08
0.0814	3.5556985303146904e-14	1.9057961440931167e-09	2.805394698507489e-14	2.780887497375819e-13	2.866480675544578e-18	2.1076602934193435e-08
0.0816	3.58196831305388e-14	1.919873872979807e-09	2.8191972202319474e-14	2.7945693238480456e-13	2.8805838576098956e-18	2.118020442723112e-08
0.0818	3.6083671485652786e-14	1.9340207360139927e-09	2.8330336121639272e-14	2.8082847234685484e-13	2.8947216485445334e-18	2.1284059448737988e-08
0.082	3.634895352884088e-14	1.948236902320606e-09	2.8469038742984756e-14	2.8220336962280987e-13	2.9088940483476777e-18	2.138816799525041e-08
0.08220000000000001	3.661553242044186e-14	1.9625225410230083e-09	2.860808006630641e-14	2.8358162421174587e-13	2.923101057018514e-18	2.14925300633048e-08
0.0824	3.688341132078126e-14	1.9768778212429866e-09	2.8747460091554705e-14	2.8496323611273953e-13	2.9373426745562243e-18	2.1597145649437592e-08
0.0826	3.715259339017142e-14	1.9913029121007624e-09	2.888717881868015e-14	2.863482053248677e-13	2.9516189009599972e-18	2.170201475018527e-08
0.0828	3.7423081788911405e-14	2.0057979827149812e-09	2.902723624763319e-14	2.877365318472068e-13	2.9659297362290157e-18	2.1807137362084323e-08
0.083	3.76948796772871e-14	2.0203632022027216e-09	2.916763237836433e-14	2.8912821567883367e-13	2.9802751803624666e-18	2.1912513481671303e-08
0.08320000000000001	3.7967990215571133e-14	2.0349987396794897e-09	2.930836721082405e-14	2.9052325681882477e-13	2.994655233359534e-18	2.2018143105482768e-08
0.0834	3.8242416564022885e-14	2.049704764259219e-09	2.9449440744962825e-14	2.919216552662569e-13	3.0090698952194028e-18	2.212402623005531e-08
0.08360000000000001	3.851816188288858e-14	2.064481445054276e-09	2.959085298073114e-14	2.933234110202066e-13	3.0235191659412603e-18	2.2230162851925575e-08
0.0838	3.879522933240115e-14	2.079328951175452e-09	2.973260391807946e-14	2.947285240797504e-13	3.0380030455242885e-18	2.2336552967630212e-08
0.084	3.907362207278032e-14	2.0942474517319713e-09	2.9874693556958295e-14	2.9613699444396533e-13	3.052521533967676e-18	2.244319657370592e-08
0.08420000000000001	3.9353343264232584e-14	2.1092371158314862e-09	3.0017121897318105e-14	2.9754882211192773e-13	3.067074631270606e-18	2.2550093666689425e-08
0.0844	3.96343960669512e-14	2.124298112580075e-09	3.015988893910938e-14	2.9896400708271416e-13	3.0816623374322628e-18	2.2657244243117472e-08
0.08460000000000001	3.991678364111622e-14	2.1394306110822516e-09	3.0302994682282596e-14	3.003825493554014e-13	3.0962846524518347e-18	2.276464829952686e-08
0.0848	4.0200509146894425e-14	2.154634780440952e-09	3.0446439126788227e-14	3.0180444892906614e-13	3.1109415763285032e-18	2.28723058324544e-08
0.085	4.048557574443946e-14	2.169910789757546e-09	3.0590222272576784e-14	3.0322970580278503e-13	3.125633109061457e-18	2.2980216838436953e-08
0.0852	4.077198659389164e-14	2.185258808131831e-09	3.073434411959871e-14	3.0465831997563456e-13	3.140359250649879e-18	2.3088381314011386e-08
0.0854	4.10597448553781e-14	2.2006790046620362e-09	3.087880466780452e-14	3.060902914466915e-13	3.1551200010929554e-18	2.319679925571463e-08
0.08560000000000001	4.134885368901275e-14	2.2161715484448164e-09	3.102360391714468e-14	3.0752562021503244e-13	3.1699153603898708e-18	2.3305470660083624e-08
0.0858	4.163931625489624e-14	2.2317366085752538e-09	3.116874186756966e-14	3.08964306279734e-13	3.1847453285398102e-18	2.341439552365533e-08
0.08600000000000001	4.1931135713116035e-14	2.2473743541468694e-09	3.131421851902996e-14	3.1040634963987296e-13	3.1996099055419605e-18	2.3523573842966774e-08
0.0862	4.222431522374634e-14	2.263084954251602e-09	3.146003387147604e-14	3.118517502945258e-13	3.2145090913955043e-18	2.3633005614554983e-08
0.0864	4.2518857946848176e-14	2.2788685779798284e-09	3.160618792485841e-14	3.133005082427693e-13	3.2294428860996292e-18	2.3742690834957047e-08
0.08660000000000001	4.281476704246929e-14	2.2947253944203477e-09	3.175268067912754e-14	3.147526234836801e-13	3.24441128965352e-18	2.3852629500710056e-08
0.0868	4.311204567064419e-14	2.310655572660394e-09	3.189951213423389e-14	3.1620809601633456e-13	3.2594143020563593e-18	2.396282160835113e-08
0.08700000000000001	4.3410696991394224e-14	2.3266592817856294e-09	3.204668229012798e-14	3.176669258398097e-13	3.2744519233073358e-18	2.4073267154417457e-08
0.0872	4.371072416472743e-14	2.3427366908801413e-09	3.219419114676025e-14	3.1912911295318185e-13	3.289524153405632e-18	2.4183966135446222e-08
0.0874	4.401213035063873e-14	2.3588879690264504e-09	3.234203870408122e-14	3.20594657355528e-13	3.304630992350436e-18	2.4294918547974658e-08
0.0876	4.4314918709109675e-14	2.3751132853055065e-09	3.249022496204133e-14	3.220635590459244e-13	3.3197724401409292e-18	2.4406124388540015e-08
0.0878	4.461909240010873e-14	2.39141280879669e-09	3.26387499205911e-14	3.235358180234481e-13	3.3349484967763003e-18	2.4517583653679606e-08
0.08800000000000001	4.492465458359103e-14	2.407786708577806e-09	3.2787613579681e-14	3.2501143428717554e-13	3.3501591622557337e-18	2.462929633993074e-08
0.0882	4.523160841949851e-14	2.4242351537250888e-09	3.2936815939261486e-14	3.264904078361832e-13	3.3654044365784127e-18	2.4741262443830766e-08
0.0884	4.5539957067759917e-14	2.440758313313211e-09	3.3086356999283084e-14	3.2797273866954804e-13	3.3806843197435247e-18	2.4853481961917083e-08
0.0886	4.58497036882907e-14	2.4573563564152637e-09	3.323623675969623e-14	3.2945842678634646e-13	3.395998811750253e-18	2.4965954890727094e-08
0.0888	4.616085144099318e-14	2.4740294521027752e-09	3.338645522045145e-14	3.3094747218565527e-13	3.411347912597785e-18	2.507868122679827e-08
0.08900000000000001	4.6473403485756365e-14	2.4907777694456973e-09	3.353701238149919e-14	3.324398748665511e-13	3.4267316222853045e-18	2.519166096666807e-08
0.0892	4.678736298245606e-14	2.5076014775124155e-09	3.368790824278994e-14	3.3393563482811044e-13	3.4421499408119953e-18	2.5304894106874015e-08
0.08940000000000001	4.710273309095485e-14	2.5245007453697436e-09	3.383914280427419e-14	3.3543475206941014e-13	3.4576028681770464e-18	2.5418380643953647e-08
0.0896	4.7419516971102075e-14	2.5414757420829225e-09	3.3990716065902405e-14	3.369372265895266e-13	3.4730904043796394e-18	2.5532120574444538e-08
0.0898	4.7737717782733906e-14	2.558526636715626e-09	3.4142628027625095e-14	3.3844305838753675e-13	3.488612549418962e-18	2.5646113894884307e-08
0.09000000000000001	4.805733868567321e-14	2.575653598329956e-09	3.429487868939272e-14	3.3995224746251706e-13	3.504169303294197e-18	2.5760360601810582e-08
0.0902	4.837838283972964e-14	2.592856795986441e-09	3.444746805115575e-14	3.4146479381354425e-13	3.519760666004533e-18	2.5874860691761025e-08
0.09040000000000001	4.870085340469971e-14	2.6101363987440457e-09	3.46003961128647e-14	3.4298069743969493e-13	3.535386637549151e-18	2.5989614161273355e-08
0.0906	4.902475354036658e-14	2.627492575660154e-09	3.4753662874470016e-14	3.4449995834004567e-13	3.55104721792724e-18	2.6104621006885282e-08
0.0908	4.93500864065003e-14	2.644925495790592e-09	3.4907268335922204e-14	3.4602257651367327e-13	3.566742407137982e-18	2.62198812251346e-08
0.091	4.9676855162857583e-14	2.6624353281896042e-09	3.5061212497171735e-14	3.475485519596543e-13	3.582472205180565e-18	2.6335394812559074e-08
0.0912	5.0005062969182005e-14	2.6800222419098716e-09	3.5215495358169095e-14	3.4907788467706547e-13	3.598236612054172e-18	2.6451161765696564e-08
0.09140000000000001	5.0334712985203874e-14	2.6976864060025e-09	3.537011691886478e-14	3.5061057466498336e-13	3.61403562775799e-18	2.6567182081084896e-08
0.0916	5.0665808370640235e-14	2.7154279895170265e-09	3.5525077179209234e-14	3.5214662192248457e-13	3.629869252291203e-18	2.6683455755261967e-08
0.0918	5.0998352285195025e-14	2.733247161501422e-09	3.568037613915297e-14	3.5368602644864585e-13	3.6457374856529975e-18	2.6799982784765715e-08
0.092	5.1332347888558826e-14	2.7511440910020775e-09	3.583601379864644e-14	3.552287882425438e-13	3.661640327842555e-18	2.6916763166134074e-08
0.0922	5.166779834040908e-14	2.7691189470638216e-09	3.599199015764017e-14	3.5677490730325513e-13	3.677577778859067e-18	2.7033796895905045e-08
0.09240000000000001	5.2004706800409946e-14	2.787171898729912e-09	3.614830521608461e-14	3.5832438362985647e-13	3.693549838701714e-18	2.7151083970616635e-08
0.0926	5.2343076428212357e-14	2.805303115042029e-09	3.630495897393023e-14	3.598772172214243e-13	3.7095565073696814e-18	2.726862438680689e-08
0.09280000000000001	5.26829103834541e-14	2.823512765040292e-09	3.646195143112755e-14	3.614334080770355e-13	3.725597784862156e-18	2.7386418141013895e-08
0.093	5.30242118257596e-14	2.8418010177632394e-09	3.6619282587627e-14	3.6299295619576655e-13	3.741673671178321e-18	2.7504465229775745e-08
0.0932	5.3366983914740227e-14	2.8601680422478513e-09	3.677695244337912e-14	3.645558615766942e-13	3.757784166317366e-18	2.7622765649630605e-08
0.09340000000000001	5.371122980999399e-14	2.878614007529528e-09	3.693496099833436e-14	3.6612212421889515e-13	3.773929270278472e-18	2.7741319397116643e-08
0.0936	5.405695267110566e-14	2.8971390826421015e-09	3.7093308252443196e-14	3.676917441214458e-13	3.790108983060824e-18	2.786012646877204e-08
0.09380000000000001	5.4404155657646904e-14	2.9157434366178352e-09	3.7251994205656113e-14	3.6926472128342307e-13	3.8063233046636104e-18	2.7979186861135065e-08
0.094	5.4752841929176036e-14	2.9344272384874207e-09	3.741101885792361e-14	3.708410557039035e-13	3.822572235086013e-18	2.8098500570743964e-08
0.0942	5.5103014645238264e-14	2.9531906572799827e-09	3.757038220919614e-14	3.724207473819638e-13	3.83885577432722e-18	2.8218067594137053e-08
0.0944	5.5454676965365444e-14	2.972033862023069e-09	3.773008425942421e-14	3.7400379631668054e-13	3.8551739223864135e-18	2.833788792785264e-08
0.0946	5.5807832049076365e-14	2.9909570217426617e-09	3.7890125008558295e-14	3.755902025071304e-13	3.871526679262782e-18	2.8457961568429117e-08
0.09480000000000001	5.616248305587639e-14	3.009960305463174e-09	3.805050445654886e-14	3.7717996595239e-13	3.887914044955509e-18	2.857828851240486e-08
0.095	5.651863314525778e-14	3.029043882207441e-09	3.821122260334641e-14	3.78773086651536e-13	3.9043360194637795e-18	2.869886875631828e-08
0.0952	5.687628547669963e-14	3.0482079209967365e-09	3.837227944890141e-14	3.803695646036452e-13	3.92079260278678e-18	2.881970229670787e-08
0.0954	5.723544320966758e-14	3.06745259085076e-09	3.853367499316435e-14	3.81969399807794e-13	3.937283794923693e-18	2.8940789130112086e-08
0.0956	5.759610950361434e-14	3.086778060787642e-09	3.8695409236085705e-14	3.835725922630593e-13	3.953809595873705e-18	2.906212925306947e-08
0.09580000000000001	5.795828751797918e-14	3.1061844998239395e-09	3.8857482177615974e-14	3.8517914196851755e-13	3.9703700056360045e-18	2.918372266211856e-08
0.096	5.832198041218821e-14	3.1256720769746396e-09	3.901989381770562e-14	3.867890489232454e-13	3.986965024209771e-18	2.9305569353797952e-08
0.09620000000000001	5.868719134565436e-14	3.1452409612531637e-09	3.9182644156305115e-14	3.8840231312631973e-13	4.003594651594194e-18	2.942766932464624e-08
0.0964	5.905392347777717e-14	3.164891321671359e-09	3.9345733193364975e-14	3.9001893457681695e-13	4.020258887788457e-18	2.955002257120208e-08
0.0966	5.942217996794323e-14	3.184623327239505e-09	3.9509160928835646e-14	3.916389132738139e-13	4.036957732791745e-18	2.967262909000416e-08
0.09680000000000001	5.979196397552565e-14	3.204437146966307e-09	3.967292736266765e-14	3.9326224921638705e-13	4.0536911866032445e-18	2.9795488877591173e-08
0.097	6.016327865988442e-14	3.224332949858903e-09	3.983703249481141e-14	3.948889424036132e-13	4.070459249222139e-18	2.991860193050186e-08
0.09720000000000001	6.053612718036637e-14	3.2443109049228627e-09	4.000147632521747e-14	3.9651899283456904e-13	4.087261920647615e-18	3.0041968245275e-08
0.0974	6.091051269630491e-14	3.2643711811621787e-09	4.016625885383625e-14	3.9815240050833086e-13	4.104099200878857e-18	3.01655878184494e-08
0.0976	6.128643836702045e-14	3.2845139475792802e-09	4.033138008061828e-14	3.9978916542397585e-13	4.120971089915051e-18	3.0289460646563895e-08
0.0978	6.166390735182001e-14	3.3047393731750238e-09	4.049684000551403e-14	4.014292875805801e-13	4.137877587755381e-18	3.0413586726157326e-08
0.098	6.204292280999747e-14	3.3250476269486976e-09	4.066263862847397e-14	4.030727669772209e-13	4.154818694399033e-18	3.053796605376863e-08
0.09820000000000001	6.242348790083349e-14	3.345438877898016e-09	4.082877594944862e-14	4.0471960361297445e-13	4.171794409845193e-18	3.066259862593671e-08
0.0984	6.280560578359539e-14	3.3659132950191227e-09	4.099525196838839e-14	4.063697974869174e-13	4.1888047340930435e-18	3.0787484439200525e-08
0.09860000000000001	6.318927961753741e-14	3.386471047306595e-09	4.116206668524383e-14	4.080233485981266e-13	4.2058496671417725e-18	3.091262349009908e-08
0.0988	6.357451256190048e-14	3.4071123037534393e-09	4.1329220099965363e-14	4.0968025694567856e-13	4.222929208990564e-18	3.103801577517139e-08
0.099	6.396130777591239e-14	3.4278372333510926e-09	4.149671221250353e-14	4.113405225286501e-13	4.240043359638604e-18	3.116366129095653e-08
0.09920000000000001	6.434966841878753e-14	3.448646005089416e-09	4.1664543022808776e-14	4.1300414534611767e-13	4.257192119085078e-18	3.128956003399356e-08
0.0994	6.473959764972725e-14	3.4695387879567073e-09	4.18327125308316e-14	4.14671125397158e-13	4.274375487329167e-18	3.14157120008216e-08
0.09960000000000001	6.513109862791957e-14	3.4905157509396924e-09	4.200122073652245e-14	4.1634146268084787e-13	4.291593464370063e-18	3.154211718797982e-08
0.0998	6.552417451253936e-14	3.5115770630235235e-09	4.217006763983182e-14	4.1801515719626377e-13	4.308846050206945e-18	3.166877559200738e-08
0.1	6.591882846274821e-14	3.5327228931917873e-09	4.2339253240710254e-14	4.1969220894248235e-13	4.326133244839002e-18	3.179568720944351e-08
0.10020000000000001	6.631506363769447e-14	3.553953410426499e-09	4.250877753910815e-14	4.213726179185806e-13	4.343455048265418e-18	3.192285203682745e-08
