0.0	0.0	0.0	0.0	0.0	0.0	0.0
0.0002	1.0552517738550604e-21	5.658900764538364e-17	3.387222627850399e-19	3.357691265087856e-18	3.460920148731195e-23	2.549430996780988e-13
0.0004	8.442005362594966e-21	4.527110113971879e-16	1.3548889851124296e-18	1.3430763829112513e-17	1.3843680486284407e-22	1.0197677633938451e-12
0.0006000000000000001	2.8491738303460554e-20	1.5278961205138756e-15	3.0485000679405815e-18	3.021921584521588e-17	3.114828084969908e-22	2.2944670382168198e-12
0.0008	6.7535901649053e-20	3.621671294981825e-15	5.419555412227918e-18	5.372304546654013e-17	5.5374721076014655e-22	4.079033971279813e-12
0.001	1.3190591996740322e-19	7.073560345533586e-15	8.46805491893287e-18	8.394225084622787e-17	8.65230010022706e-22	6.37346160977882e-12
0.0012000000000000001	2.2793319134204085e-19	1.2223083933666143e-14	1.219399848901388e-17	1.2087683013742207e-16	1.2459312046550634e-21	9.17774300097305e-12
0.0014	3.619490873720636e-19	1.9409759571659158e-14	1.6597386023429392e-17	1.645267814932658e-16	1.6958507930276136e-21	1.249187119218491e-11
0.0016	5.402849531722068e-19	2.8973101622593234e-14	2.1678217423137882e-17	2.1489210306690278e-16	2.2149887735107502e-21	1.6315839230800025e-11
0.0018000000000000002	7.692721073729124e-19	4.125262130036819e-14	2.743649258909781e-17	2.719727930114769e-16	2.8033451444748697e-21	2.0649640164267216e-11
0.002	1.0552418421203974e-18	5.658782666972125e-14	3.387221142226765e-17	3.3576884948013237e-16	3.4609199042903644e-21	2.5493267040098497e-11
0.0022	1.4045254230767244e-18	7.531822264624546e-14	4.0985373823605914e-17	4.062802706260139e-16	4.187713051327631e-21	3.084671290586913e-11
0.0024000000000000002	1.8234540894198716e-18	9.778331099640767e-14	4.877597969407107e-17	4.835070546022666e-16	4.9837245839570626e-21	3.6709970809217536e-11
0.0026000000000000003	2.3183590538437985e-18	1.243225903375671e-13	5.724402893462164e-17	5.674491995620351e-16	5.848954500549054e-21	4.3083033797845383e-11
0.0028	2.8955715025585165e-18	1.5527555613799332e-13	6.638952144621614e-17	6.581067036584655e-16	6.783402799474003e-21	4.9965894919517464e-11
0.003	3.561422595290164e-18	1.9098170071688481e-13	7.621245712981313e-17	7.554795650447035e-16	7.787069479102298e-21	5.7358547222061893e-11
0.0032	4.322243465281066e-18	2.3178051324438676e-13	8.671283588637109e-17	8.595677818738959e-16	8.859954537804339e-21	6.526098375336987e-11
0.0034000000000000002	5.1843652192898125e-18	2.7801147974161e-13	9.789065761684863e-17	9.703713522991887e-16	1.0002057973950523e-20	7.367319756139588e-11
0.0036000000000000003	6.154118937591316e-18	3.3001408308064855e-13	1.0974592222220427e-16	1.0878902744737296e-15	1.1213379785911238e-20	8.25951816941576e-11
0.0038	7.237835673976893e-18	3.881278029845981e-13	1.2227862960339654e-16	1.212124546550665e-15	1.2493919972056876e-20	9.202692919973581e-11
0.004	8.44184645575433e-18	4.5269211602757475e-13	1.354887796613841e-16	1.3430741666831432e-15	1.384367853075785e-20	1.0196843312627463e-10
0.004200000000000001	9.772482283747948e-18	5.240464956347329e-13	1.4937637229712552e-16	1.4807391330243127e-15	1.5262655460384537e-20	1.1241968652198135e-10
0.0044	1.1236074132298669e-17	6.025304120822824e-13	1.6394140741157934e-16	1.6251194437273196e-15	1.6750850759307337e-20	1.2338068243512635e-10
0.0046	1.2838952949264103e-17	6.884833324975092e-13	1.791838849057042e-16	1.776215096945315e-15	1.8308264425896634e-20	1.3485141391404333e-10
0.0048000000000000004	1.4587449656018604e-17	7.822447208587921e-13	1.9510380468045869e-16	1.934026090831448e-15	1.9934896458522858e-20	1.4683187400712912e-10
0.005	1.6487895147453327e-17	8.841540379956205e-13	2.1170116663680148e-16	2.098552423538865e-15	2.1630746855556366e-20	1.593220557628438e-10
0.005200000000000001	1.8546620291976328e-17	9.945507415886137e-13	2.289759706756912e-16	2.2697940932207185e-15	2.339581561536757e-20	1.7232195222971066e-10
0.0054	2.076995593151259e-17	1.1137742861695388e-12	2.469282166980864e-16	2.447751098030157e-15	2.5230102736326865e-20	1.8583155645631603e-10
0.0056	2.3164232881504152e-17	1.2421641231213286e-12	2.655579046049458e-16	2.6324234361203316e-15	2.713360821680464e-20	1.9985086149130965e-10
0.0058000000000000005	2.5735781930910133e-17	1.3800597006781018e-12	2.848650342972282e-16	2.823811105644394e-15	2.9106332055171295e-20	2.1437986038340445e-10
0.006	2.8490933842206783e-17	1.5278004639251767e-12	3.0484960567589207e-16	3.0219141047554924e-15	3.1148274249797227e-20	2.2941854618137625e-10
0.006200000000000001	3.1436019351387625e-17	1.6857258547990955e-12	3.2551161864189617e-16	3.2267324316067817e-15	3.325943479905283e-20	2.449669119340644e-10
0.0064	3.457736916796345e-17	1.854175312087637e-12	3.4685107309619914e-16	3.43826608435141e-15	3.5439813701308486e-20	2.6102495069037137e-10
0.0066	3.792131397496245e-17	2.033488271429839e-12	3.688679689397598e-16	3.6565150611425315e-15	3.76894109549346e-20	2.775926554992627e-10
0.0068000000000000005	4.1474184428930227e-17	2.224004165316016e-12	3.915623060735368e-16	3.881479360133299e-15	4.000822655830159e-20	2.946700194097673e-10
0.007	4.524231115992987e-17	2.4260624230877713e-12	4.149340843984888e-16	4.113158979476863e-15	4.23962605097798e-20	3.1225703547097704e-10
0.007200000000000001	4.9232024771542104e-17	2.640002470938027e-12	4.389833038155747e-16	4.3515539173263796e-15	4.485351280773969e-20	3.303536967320474e-10
0.0074	5.344965584086524e-17	2.8661637319110287e-12	4.63709964225753e-16	4.5966641718349994e-15	4.73799834505516e-20	3.489599962421964e-10
0.0076	5.790153491851537e-17	3.104885625902377e-12	4.891140655299825e-16	4.8484897411558785e-15	4.9975672436585934e-20	3.6807592705070583e-10
0.0078000000000000005	6.25939925286263e-17	3.3565075696590358e-12	5.151956076292223e-16	5.10703062344217e-15	5.2640579764213134e-20	3.877014822069206e-10
0.008	6.75333591688497e-17	3.6213689767793525e-12	5.419545904244307e-16	5.3722868168470265e-15	5.537470543180353e-20	4.0783665476024837e-10
0.0082	7.272596531035522e-17	3.899809257713084e-12	5.693910138165668e-16	5.6442583195236056e-15	5.817804943772756e-20	4.284814377601607e-10
0.008400000000000001	7.817814139783044e-17	4.192167819761404e-12	5.975048777065892e-16	5.922945129625063e-15	6.10506117803556e-20	4.4963582425619157e-10
0.0086	8.389621784948096e-17	4.498784067076921e-12	6.262961819954567e-16	6.208347245304547e-15	6.399239245805805e-20	4.712998072979386e-10
0.0088	8.988652505703073e-17	4.819997400663714e-12	6.557649265841284e-16	6.500464664715222e-15	6.700339146920533e-20	4.934733799350627e-10
0.009000000000000001	9.615539338572162e-17	5.156147218377332e-12	6.859111113735628e-16	6.799297386010243e-15	7.008360881216781e-20	5.161565352172877e-10
0.0092	1.027091531743139e-16	5.507572914924813e-12	7.167347362647186e-16	7.1048454073427594e-15	7.323304448531583e-20	5.393492661944007e-10
0.0094	1.0955413473508624e-16	5.87461388186472e-12	7.482358011585551e-16	7.417108726865936e-15	7.645169848701992e-20	5.630515659162518e-10
0.009600000000000001	1.1669666835383554e-16	6.257609507607136e-12	7.804143059560309e-16	7.736087342732928e-15	7.973957081565039e-20	5.872634274327549e-10
0.0098	1.2414308428987734e-16	6.6568991774137e-12	8.132702505581047e-16	8.061781253096887e-15	8.309666146957762e-20	6.119848437938863e-10
0.01	1.3189971277604571e-16	7.072822273397619e-12	8.468036348657358e-16	8.394190456110978e-15	8.652297044717204e-20	6.372158080496861e-10
0.0102	1.399728840186932e-16	7.505718174523676e-12	8.810144587798825e-16	8.733314949928358e-15	9.001849774680404e-20	6.629563132502571e-10
0.010400000000000001	1.4836892819769122e-16	7.955926256608275e-12	9.159027222015044e-16	9.079154732702181e-15	9.358324336684402e-20	6.89206352445766e-10
0.0106	1.5709417546642966e-16	8.423785892319426e-12	9.514684250315593e-16	9.431709802585609e-15	9.721720730566234e-20	7.159659186864413e-10
0.0108	1.6615495595181767e-16	8.909636451176789e-12	9.877115671710073e-16	9.790980157731803e-15	1.0092038956162948e-19	7.432350050225765e-10
0.011000000000000001	1.7555759975428297e-16	9.413817299551682e-12	1.0246321485208072e-15	1.0156965796293923e-14	1.0469279013311576e-19	7.710136045045273e-10
0.0112	1.8530843694777216e-16	9.93666780066709e-12	1.0622301689819165e-15	1.0529666716425121e-14	1.0853440901849155e-19	7.99301710182712e-10
0.0114	1.9541379757975124e-16	1.0478527314597715e-11	1.1005056284552958e-15	1.0909082916278565e-14	1.124452462161273e-19	8.280993151076136e-10
0.011600000000000001	2.0588001167120499e-16	1.1039735198269957e-11	1.1394585268419037e-15	1.1295214394007415e-14	1.1642530172439344e-19	8.574064123297768e-10
0.0118	2.1671340921663724e-16	1.1620630805461938e-11	1.1790888640426982e-15	1.1688061147764826e-14	1.204745755416603e-19	8.872229948998099e-10
0.012	2.279203201840717e-16	1.2221553486803559e-11	1.2193966399586393e-15	1.2087623175703964e-14	1.245930676662983e-19	9.175490558683857e-10
0.0122	2.3950707451505077e-16	1.284284258977646e-11	1.2603818544906852e-15	1.2493900475977993e-14	1.2878077809667787e-19	9.48384588286238e-10
0.012400000000000001	2.5148000212463636e-16	1.3484837458714096e-11	1.302044507539796e-15	1.2906893046740068e-14	1.3303770683116938e-19	9.797295852041653e-10
0.0126	2.6384543290140977e-16	1.4147877434801702e-11	1.3443845990069298e-15	1.3326600886143357e-14	1.373638538681431e-19	1.0115840396730287e-09
0.0128	2.766096967074723e-16	1.483230185607634e-11	1.3874021287930452e-15	1.3753023992341015e-14	1.4175921920596963e-19	1.0439479447437528e-09
0.013000000000000001	2.8977912337844425e-16	1.5538450057426932e-11	1.431097096799102e-15	1.4186162363486217e-14	1.4622380284301933e-19	1.076821293467325e-09
0.0132	3.0336004272346576e-16	1.6266661370594234e-11	1.4754695029260592e-15	1.462601599773211e-14	1.5075760477766243e-19	1.1102040788947963e-09
0.0134	3.173587845251967e-16	1.701727512417091e-11	1.5205193470748754e-15	1.5072584893231877e-14	1.5536062500826953e-19	1.1440962940772802e-09
0.013600000000000001	3.317816785398169e-16	1.7790630643601494e-11	1.5662466291465103e-15	1.5525869048138665e-14	1.600328635332109e-19	1.1784979320659544e-09
0.013800000000000002	3.4663505449702584e-16	1.858706725118244e-11	1.6126513490419224e-15	1.5985868460605652e-14	1.6477432035085698e-19	1.2134089859120592e-09
0.014	3.6192524210004265e-16	1.9406924266062136e-11	1.6597335066620704e-15	1.6452583128785986e-14	1.695849954595781e-19	1.248829448666897e-09
0.0142	3.7765857102560725e-16	2.025054100424094e-11	1.7074931019079138e-15	1.6926013050832854e-14	1.7446488885774484e-19	1.284759313381836e-09
0.014400000000000001	3.9384137092397913e-16	2.1118256778571142e-11	1.7559301346804128e-15	1.74061582248994e-14	1.7941400054372745e-19	1.3211985731083055e-09
0.0146	4.1047997141893764e-16	2.201041089875704e-11	1.805044604880524e-15	1.7893018649138805e-14	1.8443233051589625e-19	1.3581472208977974e-09
0.0148	4.275807021077831e-16	2.292734267135496e-11	1.8548365124092094e-15	1.8386594321704216e-14	1.895198787726218e-19	1.3956052498018694e-09
0.015000000000000001	4.451498925613355e-16	2.3869391399773218e-11	1.9053058571674255e-15	1.8886885240748823e-14	1.946766453122744e-19	1.4335726528721405e-09
0.0152	4.6319387232393525e-16	2.483689638427217e-11	1.9564526390561326e-15	1.9393891404425775e-14	1.9990263013322447e-19	1.4720494231602923e-09
0.0154	4.817189709134434e-16	2.5830196921964263e-11	2.00827685797629e-15	1.9907612810888254e-14	2.0519783323384245e-19	1.5110355537180718e-09
0.015600000000000001	5.007315178212412e-16	2.6849632306813998e-11	2.0607785138288573e-15	2.0428049458289408e-14	2.1056225461249874e-19	1.5505310375972875e-09
0.0158	5.202378425122307e-16	2.7895541829637988e-11	2.113957606514792e-15	2.095520134478242e-14	2.1599589426756362e-19	1.5905358678498108e-09
0.016	5.402442744248343e-16	2.896826477810493e-11	2.1678141359350546e-15	2.1489068468520448e-14	2.214987521974076e-19	1.631050037527577e-09
0.0162	5.607571429709953e-16	3.00681404367357e-11	2.222348101990603e-15	2.2029650827656667e-14	2.27070828400401e-19	1.6720735396825854e-09
0.0164	5.817827775361785e-16	3.119550808690332e-11	2.277559504582399e-15	2.257694842034425e-14	2.3271212287491433e-19	1.7136063673668974e-09
0.0166	6.033275074793675e-16	3.235070700683293e-11	2.3334483436113977e-15	2.3130961244736358e-14	2.384226356193178e-19	1.7556485136326365e-09
0.016800000000000002	6.253976621330692e-16	3.3534076471601924e-11	2.3900146189785627e-15	2.3691689298986162e-14	2.442023666319821e-19	1.7981999715319922e-09
0.017	6.479995708033094e-16	3.4745955753139845e-11	2.4472583305848506e-15	2.4259132581246824e-14	2.5005131591127727e-19	1.841260734117215e-09
0.0172	6.711395627696362e-16	3.598668412022849e-11	2.5051794783312207e-15	2.4833291089671527e-14	2.559694834555739e-19	1.884830794440618e-09
0.017400000000000002	6.948239672851191e-16	3.7256600838501934e-11	2.563778062118634e-15	2.541416482241344e-14	2.6195686926324244e-19	1.9289101455545806e-09
0.0176	7.19059113576347e-16	3.8556045170446425e-11	2.623054081848047e-15	2.600175377762572e-14	2.680134733326532e-19	1.9734987805115415e-09
0.0178	7.438513308434322e-16	3.9885356375400565e-11	2.6830075374204196e-15	2.6596057953461556e-14	2.741392956621766e-19	2.0185966923640052e-09
0.018000000000000002	7.692069482600068e-16	4.124487370955526e-11	2.7436384287367134e-15	2.719707734807412e-14	2.80334336250183e-19	2.06420387416454e-09
0.0182	7.951322949732249e-16	4.263493642595365e-11	2.8049467556978853e-15	2.7804811959616563e-14	2.8659859509504284e-19	2.1103203189657744e-09
0.0184	8.216337001037618e-16	4.4055883774491284e-11	2.8669325182048955e-15	2.8419261786242065e-14	2.9293207219512633e-19	2.1569460198204014e-09
0.018600000000000002	8.487174927458152e-16	4.5508055001916075e-11	2.9295957161587034e-15	2.904042682610381e-14	2.9933476754880426e-19	2.2040809697811786e-09
0.0188	8.763900019671023e-16	4.69917893518282e-11	2.9929363494602672e-15	2.966830707735496e-14	3.058066811544468e-19	2.2517251619009243e-09
0.019	9.04657556808864e-16	4.850742606468035e-11	3.0569544180105465e-15	3.030290253814869e-14	3.123478130104243e-19	2.2998785892325222e-09
0.019200000000000002	9.335264862858632e-16	5.0055304377777563e-11	3.121649921710503e-15	3.094421320663819e-14	3.189581631151072e-19	2.3485412448289187e-09
0.0194	9.63003119386382e-16	5.163576352527731e-11	3.187022860461093e-15	3.159223908097659e-14	3.2563773146686583e-19	2.3977131217431217e-09
0.0196	9.930937850722272e-16	5.3249142738189484e-11	3.253073234163277e-15	3.224698015931711e-14	3.323865180640708e-19	2.4473942130282033e-09
0.0198	1.023804812278726e-15	5.4895781244376495e-11	3.319801042718015e-15	3.2908436439812907e-14	3.392045229050924e-19	2.4975845117373e-09
0.02	1.0551425299147278e-15	5.6576018268553183e-11	3.387206286026265e-15	3.357660792061715e-14	3.4609174598830084e-19	2.54828401092361e-09
0.020200000000000003	1.0871132668626048e-15	5.82901930322869e-11	3.455288963988988e-15	3.425149459988302e-14	3.5304818731206674e-19	2.5994927036403947e-09
0.0204	1.1197233519782497e-15	6.00386447539975e-11	3.52404907650714e-15	3.4933096475763704e-14	3.600738468747604e-19	2.6512105829409787e-09
0.0206	1.1529791140910792e-15	6.182171264895743e-11	3.593486623481683e-15	3.5621413546412346e-14	3.671687246747522e-19	2.7034376418787515e-09
0.020800000000000003	1.1868868820040321e-15	6.363973592929165e-11	3.663601604813579e-15	3.631644580998215e-14	3.7433282071041275e-19	2.7561738735071627e-09
0.021	1.2214529844935679e-15	6.549305380397762e-11	3.734394020403783e-15	3.701819326462628e-14	3.8156613498011214e-19	2.8094192708797267e-09
0.0212	1.25668375030967e-15	6.738200547884557e-11	3.805863870153254e-15	3.772665590849792e-14	3.8886866748222094e-19	2.8631738270500217e-09
0.021400000000000002	1.2925855081758451e-15	6.930693015657817e-11	3.878011153962957e-15	3.8441833739750246e-14	3.9624041821510963e-19	2.9174375350716894e-09
0.0216	1.3291645867891194e-15	7.126816703671074e-11	3.9508358717338446e-15	3.916372675653643e-14	4.036813871771484e-19	2.9722103879984313e-09
0.0218	1.3664273148200445e-15	7.32660553156313e-11	4.02433802336688e-15	3.989233495700965e-14	4.111915743667077e-19	3.027492378884017e-09
0.022000000000000002	1.4043800209126953e-15	7.53009341865806e-11	4.098517608763024e-15	4.062765833932311e-14	4.187709797821581e-19	3.0832835007822742e-09
0.0222	1.4430290336846654e-15	7.737314283965185e-11	4.173374627823233e-15	4.1369696901629943e-14	4.264196034218697e-19	3.1395837467470973e-09
0.0224	1.4823806817270758e-15	7.948302046179116e-11	4.248909080448467e-15	4.211845064208335e-14	4.341374452842131e-19	3.1963931098324425e-09
0.022600000000000002	1.5224412936045677e-15	8.163090623679734e-11	4.325120966539688e-15	4.2873919558836524e-14	4.419245053675586e-19	3.2537115830923307e-09
0.0228	1.5632171978553058e-15	8.381713934532174e-11	4.40201028599785e-15	4.3636103650042614e-14	4.497807836702768e-19	3.3115391595808443e-09
0.023	1.604714722990978e-15	8.604205896486874e-11	4.479577038723918e-15	4.4405002913854825e-14	4.577062801907377e-19	3.3698758323521263e-09
0.023200000000000002	1.6469401974967973e-15	8.830600426979536e-11	4.557821224618851e-15	4.518061734842635e-14	4.657009949273123e-19	3.4287215944603907e-09
0.0234	1.689899949831495e-15	9.060931443131131e-11	4.636742843583606e-15	4.596294695191032e-14	4.737649278783704e-19	3.488076438959905e-09
0.0236	1.7336003084273294e-15	9.295232861747928e-11	4.716341895519142e-15	4.6751991722459956e-14	4.818980790422827e-19	3.5479403589050073e-09
0.0238	1.7780476016900846e-15	9.533538599321468e-11	4.796618380326422e-15	4.754775165822842e-14	4.901004484174198e-19	3.608313347350097e-09
0.024	1.8232481579990596e-15	9.77588257202859e-11	4.877572297906403e-15	4.8350226757368903e-14	4.9837203600215155e-19	3.669195397349634e-09
0.024200000000000003	1.8692083057070858e-15	1.0022298695731398e-10	4.9592036481600466e-15	4.915941701803459e-14	5.067128417948487e-19	3.7305865019581435e-09
0.0244	1.915934373140513e-15	1.02728208859773e-10	5.041512430988307e-15	4.997532243837867e-14	5.151228657938817e-19	3.792486654230213e-09
0.0246	1.963432688599217e-15	1.0527483057998996e-10	5.124498646292151e-15	5.079794301655429e-14	5.236021079976206e-19	3.854895847220494e-09
0.024800000000000003	2.011709580356595e-15	1.078631912671446e-10	5.208162293972535e-15	5.162727875071468e-14	5.321505684044363e-19	3.9178140739837025e-09
0.025	2.06077137665957e-15	1.1049363006726975e-10	5.292503373930418e-15	5.246332963901297e-14	5.407682470126986e-19	3.9812413275746135e-09
0.0252	2.1106244057285868e-15	1.1316648612325124e-10	5.3775218860667596e-15	5.3306095679602406e-14	5.494551438207782e-19	4.045177601048069e-09
0.025400000000000002	2.1612749957576196e-15	1.1588209857482765e-10	5.4632178302825195e-15	5.415557687063612e-14	5.58211258827046e-19	4.109622887458974e-09
0.0256	2.212729474914156e-15	1.1864080655859078e-10	5.5495912064786575e-15	5.5011773210267315e-14	5.670365920298715e-19	4.1745771798622915e-09
0.0258	2.264994171339218e-15	1.2144294920798532e-10	5.636642014556134e-15	5.587468469664917e-14	5.759311434276258e-19	4.2400404713130545e-09
0.026000000000000002	2.318075413147347e-15	1.2428886565330909e-10	5.724370254415909e-15	5.67443113279349e-14	5.848949130186789e-19	4.306012754866356e-09
0.0262	2.3719795284266083e-15	1.2717889502171278e-10	5.81277592595894e-15	5.762065310227765e-14	5.939279008014012e-19	4.372494023577352e-09
0.0264	2.426712845238593e-15	1.3011337643720023e-10	5.9018590290861885e-15	5.850371001783061e-14	6.0303010677416315e-19	4.4394842705012634e-09
0.026600000000000002	2.482281691618415e-15	1.3309264902062857e-10	5.9916195636986156e-15	5.939348207274701e-14	6.122015309353357e-19	4.506983488693371e-09
0.0268	2.5386923955747138e-15	1.361170518897076e-10	6.082057529697174e-15	6.028996926517997e-14	6.214421732832882e-19	4.5749916712090195e-09
0.027	2.5959512850896514e-15	1.391869241590006e-10	6.1731729269828314e-15	6.119317159328273e-14	6.307520338163919e-19	4.64350881110362e-09
0.027200000000000002	2.6540646881189193e-15	1.423026049399239e-10	6.264965755456545e-15	6.210308905520844e-14	6.401311125330168e-19	4.712534901432645e-09
0.0274	2.7130389325917246e-15	1.4546443334074684e-10	6.3574360150192736e-15	6.301972164911032e-14	6.495794094315334e-19	4.782069935251628e-09
0.027600000000000003	2.7728803464108112e-15	1.486727484665922e-10	6.450583705571977e-15	6.394306937314155e-14	6.590969245103121e-19	4.852113905616169e-09
0.027800000000000002	2.833595257452433e-15	1.519278894194356e-10	6.544408827015614e-15	6.48731322254553e-14	6.686836577677232e-19	4.922666805581928e-09
0.028	2.895189993566383e-15	1.5523019529810618e-10	6.638911379251147e-15	6.580991020420475e-14	6.783396092021373e-19	4.99372862820463e-09
0.028200000000000003	2.95767088257597e-15	1.585800051982863e-10	6.734091362179533e-15	6.675340330754316e-14	6.880647788119249e-19	5.065299366540064e-09
0.0284	3.021044252278031e-15	1.619776582125112e-10	6.8299487757017335e-15	6.770361153362361e-14	6.978591665954559e-19	5.137379013644079e-09
0.0286	3.085316430442927e-15	1.6542349343016983e-10	6.9264836197187086e-15	6.866053488059936e-14	7.07722772551101e-19	5.20996756257259e-09
0.028800000000000003	3.1504937448145445e-15	1.6891784993750427e-10	7.0236958941314185e-15	6.962417334662357e-14	7.176555966772308e-19	5.283065006381578e-09
0.029	3.2165825231102954e-15	1.7246106681760974e-10	7.12158559884082e-15	7.059452692984951e-14	7.2765763897221525e-19	5.356671338127076e-09
0.0292	3.2835890930211136e-15	1.7605348315043492e-10	7.220152733747871e-15	7.157159562843025e-14	7.377288994344251e-19	5.430786550865192e-09
0.029400000000000003	3.3515197822114675e-15	1.7969543801278198e-10	7.319397298753542e-15	7.255537944051903e-14	7.478693780622307e-19	5.505410637652093e-09
0.0296	3.420380918319336e-15	1.833872704783061e-10	7.419319293758781e-15	7.354587836426905e-14	7.580790748540022e-19	5.580543591544006e-09
0.0298	3.490178828956239e-15	1.871293196175161e-10	7.519918718664553e-15	7.454309239783351e-14	7.683579898081102e-19	5.656185405597228e-09
0.030000000000000002	3.560919841707211e-15	1.9092192449777415e-10	7.621195573371818e-15	7.554702153936561e-14	7.787061229229252e-19	5.732336072868112e-09
0.0302	3.632610284130817e-15	1.9476542418329569e-10	7.723149857781535e-15	7.655766578701851e-14	7.891234741968173e-19	5.808995586413078e-09
0.0304	3.705256483759147e-15	1.9866015773514968e-10	7.825781571794664e-15	7.757502513894539e-14	7.996100436281572e-19	5.8861639392886065e-09
0.030600000000000002	3.7788647680978126e-15	2.0260646421125874e-10	7.929090715312166e-15	7.859909959329949e-14	8.101658312153152e-19	5.963841124551248e-09
0.0308	3.853441464625959e-15	2.066046826663985e-10	8.033077288234998e-15	7.962988914823398e-14	8.207908369566615e-19	6.042027135257605e-09
0.031	3.928992900796247e-15	2.1065515215219846e-10	8.137741290464123e-15	8.066739380190205e-14	8.314850608505667e-19	6.1207219644643545e-09
0.031200000000000002	4.005525404034876e-15	2.147582117171415e-10	8.243082721900502e-15	8.171161355245688e-14	8.422485028954015e-19	6.199925605228229e-09
0.031400000000000004	4.08304530174156e-15	2.1891420040656402e-10	8.34910158244509e-15	8.276254839805172e-14	8.530811630895359e-19	6.2796380506060275e-09
0.0316	4.161558921289545e-15	2.2312345726265582e-10	8.455797871998849e-15	8.382019833683967e-14	8.6398304143134e-19	6.3598592936546075e-09
0.0318	4.241072590025597e-15	2.273863213244604e-10	8.563171590462738e-15	8.488456336697401e-14	8.749541379191847e-19	6.4405893274308975e-09
0.032	4.321592635270021e-15	2.3170313162787492e-10	8.671222737737719e-15	8.595564348660788e-14	8.859944525514401e-19	6.521828144991882e-09
0.0322	4.403125384316633e-15	2.3607422720565e-10	8.779951313724751e-15	8.703343869389453e-14	8.971039853264769e-19	6.603575739394616e-09
0.0324	4.4856771644327834e-15	2.4049994708738987e-10	8.889357318324797e-15	8.811794898698712e-14	9.082827362426654e-19	6.685832103696207e-09
0.032600000000000004	4.569254302859353e-15	2.4498063029955274e-10	8.999440751438815e-15	8.920917436403886e-14	9.195307052983762e-19	6.7685972309538396e-09
0.0328	4.6538631268107376e-15	2.4951661586544955e-10	9.11020161296776e-15	9.030711482320293e-14	9.30847892491979e-19	6.8518711142247464e-09
0.033	4.739509963474868e-15	2.541082428052459e-10	9.221639902812593e-15	9.141177036263255e-14	9.422342978218448e-19	6.9356537465662315e-09
0.0332	4.826201140013197e-15	2.587558501359606e-10	9.33375562087428e-15	9.25231409804809e-14	9.536899212863438e-19	7.019945121035665e-09
0.0334	4.91394298356071e-15	2.634597768714661e-10	9.446548767053781e-15	9.364122667490115e-14	9.652147628838466e-19	7.104745230690473e-09
0.033600000000000005	5.002741821225915e-15	2.6822036202248925e-10	9.560019341252054e-15	9.476602744404657e-14	9.768088226127235e-19	7.190054068588154e-09
0.033800000000000004	5.092603980090844e-15	2.730379445966094e-10	9.674167343370055e-15	9.589754328607028e-14	9.88472100471345e-19	7.275871627786255e-09
0.034	5.183535787211061e-15	2.7791286359826073e-10	9.788992773308746e-15	9.703577419912552e-14	1.0002045964580808e-18	7.362197901342402e-09
0.0342	5.2755435696156566e-15	2.8284545802873074e-10	9.904495630969091e-15	9.818072018136548e-14	1.0120063105713021e-18	7.44903288231427e-09
0.0344	5.368633654307241e-15	2.8783606688616087e-10	1.0020675916252042e-14	9.933238123094338e-14	1.023877242809379e-18	7.536376563759607e-09
0.0346	5.4628123682619656e-15	2.928850291655462e-10	1.013753362905857e-14	1.0049075734601238e-13	1.0358173931706819e-18	7.624228938736222e-09
0.034800000000000005	5.558086038429499e-15	2.979926838587361e-10	1.0255068769289629e-14	1.0165584852472573e-13	1.0478267616535815e-18	7.712590000301988e-09
0.035	5.6544609917330326e-15	3.0315936995443295e-10	1.0373281336846177e-14	1.0282765476523659e-13	1.0599053482564477e-18	7.801459741514836e-09
0.0352	5.7519435550692915e-15	3.0838542643819375e-10	1.0492171331629176e-14	1.0400617606569815e-13	1.0720531529776513e-18	7.890838155432763e-09
0.0354	5.850540055308534e-15	3.136711922924291e-10	1.0611738753539584e-14	1.0519141242426365e-13	1.0842701758155622e-18	7.980725235113834e-09
0.0356	5.9502568192945355e-15	3.190170064964035e-10	1.0731983602478364e-14	1.0638336383908627e-13	1.0965564167685515e-18	8.071120973616167e-09
0.0358	6.051100173844601e-15	3.244232080262354e-10	1.0852905878346478e-14	1.0758203030831919e-13	1.108911875834989e-18	8.162025363997952e-09
0.036000000000000004	6.153076445749572e-15	3.2989013585489744e-10	1.097450558104489e-14	1.0878741183011573e-13	1.1213365530132457e-18	8.253438399317444e-09
0.0362	6.256191961773804e-15	3.354181289522155e-10	1.1096782710474546e-14	1.0999950840262892e-13	1.1338304483016915e-18	8.345360072632948e-09
0.0364	6.360453048655189e-15	3.4100752628487017e-10	1.1219737266536415e-14	1.1121832002401207e-13	1.1463935616986967e-18	8.437790377002847e-09
0.0366	6.46586603310514e-15	3.466586668163956e-10	1.1343369249131456e-14	1.1244384669241833e-13	1.1590258932026319e-18	8.530729305485572e-09
0.0368	6.5724372418086084e-15	3.523718895071804e-10	1.1467678658160632e-14	1.1367608840600093e-13	1.1717274428118672e-18	8.624176851139631e-09
0.037000000000000005	6.680173001424069e-15	3.581475333144669e-10	1.1592665493524903e-14	1.149150451629131e-13	1.1844982105247744e-18	8.718133007023592e-09
0.037200000000000004	6.789079638583518e-15	3.639859371923513e-10	1.1718329755125222e-14	1.16160716961308e-13	1.197338196339722e-18	8.812597766196078e-09
0.0374	6.899163479892479e-15	3.6988744009178404e-10	1.1844671442862555e-14	1.1741310379933885e-13	1.2102474002550813e-18	8.907571121715782e-09
0.0376	7.010430851930021e-15	3.758523809605699e-10	1.197169055663786e-14	1.1867220567515882e-13	1.223225822269223e-18	9.003053066641462e-09
0.0378	7.122888081248722e-15	3.8188109874336745e-10	1.2099387096352096e-14	1.1993802258692118e-13	1.2362734623805166e-18	9.099043594031935e-09
0.038	7.236541494374698e-15	3.879739323816894e-10	1.2227761061906227e-14	1.212105545327791e-13	1.2493903205873335e-18	9.19554269694608e-09
0.038200000000000005	7.351397417807595e-15	3.9413122081390294e-10	1.2356812453201217e-14	1.224898015108858e-13	1.2625763968880439e-18	9.292550368442848e-09
0.038400000000000004	7.467462178020577e-15	4.0035330297522885e-10	1.248654127013802e-14	1.2377576351939452e-13	1.275831691281017e-18	9.390066601581238e-09
0.0386	7.584742101460343e-15	4.066405177977427e-10	1.2616947512617592e-14	1.2506844055645836e-13	1.2891562037646247e-18	9.488091389420327e-09
0.0388	7.703243514547122e-15	4.129932042103736e-10	1.2748031180540902e-14	1.2636783262023055e-13	1.3025499343372365e-18	9.586624725019242e-09
0.039	7.822972743674672e-15	4.1941170113890546e-10	1.2879792273808907e-14	1.2767393970886438e-13	1.3160128829972235e-18	9.685666601437184e-09
0.0392	7.943936115210275e-15	4.258963475059761e-10	1.3012230792322566e-14	1.2898676182051302e-13	1.3295450497429555e-18	9.785217011733414e-09
0.039400000000000004	8.066139955494749e-15	4.324474822310779e-10	1.3145346735982845e-14	1.303062989533297e-13	1.3431464345728035e-18	9.885275948967257e-09
0.0396	8.189590590842425e-15	4.3906544423055684e-10	1.3279140104690695e-14	1.3163255110546754e-13	1.3568170374851373e-18	9.98584340619809e-09
0.0398	8.314294347541183e-15	4.4575057241761405e-10	1.341361089834708e-14	1.3296551827507979e-13	1.3705568584783269e-18	1.008691937648537e-08
0.04	8.440257551852423e-15	4.525032057023043e-10	1.3548759116852962e-14	1.3430520046031974e-13	1.3843658975507438e-18	1.0188503852888608e-08
0.0402	8.567486530011066e-15	4.593236829915369e-10	1.3684584760109298e-14	1.356515976593405e-13	1.3982441547007577e-18	1.0290596828467378e-08
0.040400000000000005	8.695987608225584e-15	4.662123431890759e-10	1.382108782801706e-14	1.3700470987029533e-13	1.4121916299267396e-18	1.0393198296281321e-08
0.040600000000000004	8.82576711267795e-15	4.731695251955388e-10	1.3958268320477189e-14	1.383645370913374e-13	1.4262083232270591e-18	1.0496308249390138e-08
0.0408	8.956831369523686e-15	4.801955679083983e-10	1.409612623739066e-14	1.3973107932062e-13	1.4402942346000872e-18	1.059992668085359e-08
0.041	9.089186704891832e-15	4.872908102219813e-10	1.4234661578658428e-14	1.4110433655629623e-13	1.4544493640441941e-18	1.0704053583731513e-08
0.0412	9.222839444884975e-15	4.944555910274689e-10	1.4373874344181454e-14	1.4248430879651934e-13	1.4686737115577504e-18	1.080868895108379e-08
0.0414	9.35779591557921e-15	5.016902492128968e-10	1.45137645338607e-14	1.4387099603944259e-13	1.482967277139126e-18	1.0913832775970377e-08
0.041600000000000005	9.494062443024175e-15	5.089951236631553e-10	1.4654332147597127e-14	1.4526439828321915e-13	1.4973300607866921e-18	1.1019485051451298e-08
0.041800000000000004	9.631645353243026e-15	5.163705532599884e-10	1.4795577185291693e-14	1.4666451552600223e-13	1.5117620624988187e-18	1.1125645770586622e-08
0.042	9.770550972232466e-15	5.238168768819955e-10	1.4937499646845356e-14	1.4807134776594502e-13	1.5262632822738754e-18	1.1232314926436501e-08
0.0422	9.910785625962712e-15	5.313344334046304e-10	1.508009953215908e-14	1.494848950012008e-13	1.5408337201102336e-18	1.1339492512061137e-08
0.0424	1.005235564037751e-14	5.389235617002011e-10	1.5223376841133825e-14	1.5090515722992268e-13	1.5554733760062634e-18	1.1447178520520803e-08
0.0426	1.0195267341394156e-14	5.465846006378696e-10	1.536733157367055e-14	1.52332134450264e-13	1.5701822499603352e-18	1.1555372944875832e-08
0.042800000000000005	1.0339527054903458e-14	5.543178890836545e-10	1.5511963729670228e-14	1.5376582666037792e-13	1.5849603419708198e-18	1.166407577818662e-08
0.043000000000000003	1.0485141106769752e-14	5.621237659004259e-10	1.5657273309033794e-14	1.5520623385841763e-13	1.599807652036087e-18	1.1773287013513623e-08
0.0432	1.0632115822830911e-14	5.700025699479114e-10	1.5803260311662226e-14	1.5665335604253636e-13	1.6147241801545072e-18	1.1883006643917363e-08
0.0434	1.0780457528898342e-14	5.77954640082691e-10	1.5949924737456484e-14	1.5810719321088732e-13	1.6297099263244511e-18	1.1993234662458432e-08
0.0436	1.0930172550756971e-14	5.859803151582014e-10	1.609726658631752e-14	1.595677453616237e-13	1.6447648905442891e-18	1.210397106219747e-08
0.0438	1.108126721416527e-14	5.940799340247318e-10	1.6245285858146303e-14	1.6103501249289875e-13	1.6598890728123913e-18	1.221521583619519e-08
0.044000000000000004	1.123374784485523e-14	6.022538355294287e-10	1.6393982552843797e-14	1.6250899460286575e-13	1.6750824731271289e-18	1.2326968977512376e-08
0.0442	1.1387620768532367e-14	6.105023585162896e-10	1.6543356670310948e-14	1.639896916896778e-13	1.6903450914868712e-18	1.2439230479209851e-08
0.0444	1.1542892310875732e-14	6.188258418261705e-10	1.669340821044873e-14	1.654771037514881e-13	1.705676927889989e-18	1.2552000334348525e-08
0.0446	1.1699568797537924e-14	6.272246242967794e-10	1.6844137173158096e-14	1.6697123078644998e-13	1.7210779823348528e-18	1.266527853598936e-08
0.0448	1.1857656554145046e-14	6.356990447626809e-10	1.699554355834e-14	1.684720727927166e-13	1.7365482548198333e-18	1.2779065077193382e-08
0.045000000000000005	1.2017161906296754e-14	6.442494420552933e-10	1.7147627365895428e-14	1.699796297684412e-13	1.7520877453433e-18	1.2893359951021687e-08
0.045200000000000004	1.2178091179566211e-14	6.528761550028899e-10	1.7300388595725316e-14	1.7149390171177693e-13	1.767696453903625e-18	1.3008163150535419e-08
0.0454	1.2340450699500132e-14	6.615795224305984e-10	1.7453827247730625e-14	1.7301488862087704e-13	1.7833743804991768e-18	1.3123474668795798e-08
0.0456	1.2504246791618755e-14	6.703598831604024e-10	1.760794332181233e-14	1.7454259049389481e-13	1.7991215251283266e-18	1.3239294498864107e-08
0.0458	1.2669485781415842e-14	6.792175760111391e-10	1.7762736817871386e-14	1.760770073289834e-13	1.814937887789445e-18	1.3355622633801683e-08
0.046	1.2836173994358704e-14	6.881529397985018e-10	1.7918207735808746e-14	1.7761813912429605e-13	1.830823468480902e-18	1.347245906666993e-08
0.046200000000000005	1.300431775588817e-14	6.971663133350377e-10	1.807435607552539e-14	1.7916598587798602e-13	1.846778267201069e-18	1.3589803790530332e-08
0.046400000000000004	1.3173923391418595e-14	7.062580354301493e-10	1.8231181836922253e-14	1.8072054758820642e-13	1.8628022839483154e-18	1.37076567984444e-08
0.0466	1.334499722633787e-14	7.154284448900932e-10	1.838868501990031e-14	1.822818242531105e-13	1.8788955187210112e-18	1.3826018083473739e-08
0.0468	1.3517545586007432e-14	7.246778805179827e-10	1.8546865624360523e-14	1.838498158708515e-13	1.8950579715175273e-18	1.3944887638680007e-08
0.047	1.3691574795762225e-14	7.340066811137838e-10	1.870572365020385e-14	1.854245224395827e-13	1.9112896423362348e-18	1.4064265457124924e-08
0.0472	1.386709118091074e-14	7.434151854743199e-10	1.8865259097331243e-14	1.8700594395745725e-13	1.927590531175503e-18	1.4184151531870277e-08
0.047400000000000005	1.404410106673501e-14	7.529037323932674e-10	1.9025471965643675e-14	1.885940804226284e-13	1.943960638033704e-18	1.4304545855977917e-08
0.0476	1.4222610778490567e-14	7.62472660661158e-10	1.9186362255042104e-14	1.9018893183324936e-13	1.9603999629092066e-18	1.442544842250974e-08
0.0478	1.440262664140649e-14	7.721223090653798e-10	1.9347929965427484e-14	1.9179049818747332e-13	1.9769085058003806e-18	1.4546859224527728e-08
0.048	1.458415498068541e-14	7.818530163901744e-10	1.951017509670079e-14	1.9339877948345356e-13	1.993486266705598e-18	1.4668778255093922e-08
0.0482	1.4767202121503454e-14	7.916651214166387e-10	1.967309764876297e-14	1.950137757193433e-13	2.010133245623229e-18	1.4791205507270412e-08
0.048400000000000006	1.4951774389010323e-14	8.015589629227257e-10	1.9836697621514993e-14	1.9663548689329574e-13	2.0268494425516433e-18	1.491414097411937e-08
0.048600000000000004	1.5137878108329212e-14	8.115348796832426e-10	2.0000975014857808e-14	1.9826391300346412e-13	2.0436348574892113e-18	1.5037584648703017e-08
0.0488	1.5325519604556853e-14	8.215932104698509e-10	2.0165929828692375e-14	1.998990540480016e-13	2.0604894904343043e-18	1.5161536524083645e-08
0.049	1.5514705202763528e-14	8.317342940510698e-10	2.033156206291967e-14	2.0154091002506149e-13	2.0774133413852914e-18	1.5285996593323598e-08
0.0492	1.5705441227993055e-14	8.419584691922709e-10	2.049787171744065e-14	2.0318948093279693e-13	2.094406410340544e-18	1.5410964849485296e-08
0.0494	1.5897734005262748e-14	8.522660746556821e-10	2.0664858792156267e-14	2.0484476676936122e-13	2.1114686972984325e-18	1.5536441285631222e-08
0.049600000000000005	1.60915898595635e-14	8.626574492003873e-10	2.0832523286967495e-14	2.0650676753290758e-13	2.1286002022573274e-18	1.5662425894823917e-08
0.049800000000000004	1.6287015115859692e-14	8.731329315823242e-10	2.1000865201775282e-14	2.0817548322158917e-13	2.145800925215598e-18	1.5788918670125974e-08
0.05	1.6484016099089278e-14	8.836928605542861e-10	2.116988453648059e-14	2.0985091383355922e-13	2.163070866171615e-18	1.5915919604600073e-08
0.0502	1.6682599134163708e-14	8.943375748659223e-10	2.133958129098438e-14	2.1153305936697107e-13	2.1804100251237497e-18	1.604342869130894e-08
0.0504	1.6882770545967985e-14	9.050674132637366e-10	2.1509955465187625e-14	2.1322191981997786e-13	2.1978184020703718e-18	1.6171445923315367e-08
0.0506	1.7084536659360655e-14	9.158827144910877e-10	2.168100705899127e-14	2.1491749519073274e-13	2.215295997009852e-18	1.6299971293682212e-08
0.050800000000000005	1.7287903799173776e-14	9.26783817288191e-10	2.1852736072296283e-14	2.1661978547738916e-13	2.232842809940562e-18	1.6429004795472403e-08
0.051000000000000004	1.749287829021293e-14	9.37771060392116e-10	2.2025142505003627e-14	2.1832879067810016e-13	2.2504588408608694e-18	1.6558546421748908e-08
0.0512	1.769946645725726e-14	9.488447825367876e-10	2.2198226357014256e-14	2.2004451079101892e-13	2.2681440897691462e-18	1.668859616557478e-08
0.0514	1.790767462505944e-14	9.600053224529869e-10	2.2371987628229137e-14	2.2176694581429892e-13	2.2858985566637628e-18	1.681915402001313e-08
0.0516	1.811750911834564e-14	9.71253018868349e-10	2.2546426318549227e-14	2.2349609574609307e-13	2.3037222415430897e-18	1.6950219978127128e-08
0.051800000000000006	1.8328976261815618e-14	9.825882105073664e-10	2.2721542427875498e-14	2.2523196058455486e-13	2.3216151444054973e-18	1.7081794032980013e-08
0.052000000000000005	1.8542082380142613e-14	9.94011236091384e-10	2.2897335956108895e-14	2.2697454032783742e-13	2.3395772652493548e-18	1.7213876177635076e-08
0.0522	1.8756833797973438e-14	1.0055224343386057e-09	2.3073806903150388e-14	2.287238349740939e-13	2.3576086040730335e-18	1.7346466405155683e-08
0.0524	1.8973236839928398e-14	1.0171221439640876e-09	2.3250955268900932e-14	2.304798445214777e-13	2.375709160874904e-18	1.747956470860526e-08
0.0526	1.9191297830601377e-14	1.0288107036797439e-09	2.3428781053261493e-14	2.3224256896814187e-13	2.393878935653337e-18	1.7613171081047294e-08
0.0528	1.941102309455977e-14	1.0405884521943414e-09	2.360728425613303e-14	2.340120083122398e-13	2.4121179284067018e-18	1.7747285515545334e-08
0.053000000000000005	1.9632418956344498e-14	1.0524557282135067e-09	2.3786464877416513e-14	2.3578816255192467e-13	2.4304261391333706e-18	1.7881908005163e-08
0.053200000000000004	1.9855491740470017e-14	1.0644128704397162e-09	2.3966322917012887e-14	2.3757103168534975e-13	2.448803567831712e-18	1.8017038542963955e-08
0.0534	2.0080247771424325e-14	1.0764602175723068e-09	2.4146858374823123e-14	2.3936061571066803e-13	2.467250214500097e-18	1.8152677122011946e-08
0.0536	2.0306693373668968e-14	1.088598108307468e-09	2.4328071250748166e-14	2.4115691462603304e-13	2.485766079136896e-18	1.828882373537078e-08
0.0538	2.0534834871638985e-14	1.1008268813382469e-09	2.4509961544688997e-14	2.429599284295978e-13	2.504351161740479e-18	1.8425478376104325e-08
0.054	2.076467858974299e-14	1.1131468753545442e-09	2.4692529256546574e-14	2.447696571195158e-13	2.523005462309217e-18	1.85626410372765e-08
0.054200000000000005	2.0996230852363116e-14	1.1255584290431185e-09	2.4875774386221863e-14	2.4658610069394004e-13	2.5417289808414812e-18	1.870031171195131e-08
0.054400000000000004	2.1229497983855018e-14	1.1380618810875806e-09	2.5059696933615806e-14	2.4840925915102366e-13	2.5605217173356405e-18	1.88384903931928e-08
0.0546	2.1464486308547886e-14	1.150657570168401e-09	2.5244296898629374e-14	2.502391324889202e-13	2.5793836717900655e-18	1.8977177074065092e-08
0.0548	2.1701202150744465e-14	1.1633458349629023e-09	2.5429574281163528e-14	2.520757207057828e-13	2.598314844203127e-18	1.9116371747632363e-08
0.055	2.193965183472103e-14	1.1761270141452656e-09	2.5615529081119235e-14	2.5391902379976455e-13	2.6173152345731954e-18	1.9256074406958873e-08
0.055200000000000006	2.2179841684727375e-14	1.189001446386526e-09	2.5802161298397445e-14	2.557690417690189e-13	2.636384842898641e-18	1.9396285045108914e-08
0.055400000000000005	2.2421778024986815e-14	1.2019694703545743e-09	2.5989470932899124e-14	2.576257746116989e-13	2.655523669177834e-18	1.9537003655146857e-08
0.055600000000000004	2.266546717969624e-14	1.2150314247141575e-09	2.6177457984525233e-14	2.5948922232595777e-13	2.6747317134091457e-18	1.967823023013714e-08
0.0558	2.2910915473026062e-14	1.2281876481268792e-09	2.6366122453176738e-14	2.6135938490994893e-13	2.6940089755909456e-18	1.9819964763144267e-08
0.056	2.3158129229120196e-14	1.2414384792511965e-09	2.6555464338754592e-14	2.632362623618254e-13	2.7133554557216036e-18	1.9962207247232784e-08
0.0562	2.3407114772096125e-14	1.254784256742425e-09	2.674548364115976e-14	2.6511985467974064e-13	2.732771153799492e-18	2.0104957675467324e-08
0.056400000000000006	2.3657878426044868e-14	1.2682253192527347e-09	2.6936180360293207e-14	2.6701016186184776e-13	2.7522560698229807e-18	2.0248216040912575e-08
0.056600000000000004	2.3910426515030963e-14	1.2817620054311504e-09	2.7127554496055887e-14	2.689071839062999e-13	2.771810203790438e-18	2.039198233663328e-08
0.0568	2.4164765363092463e-14	1.295394653923554e-09	2.731960604834876e-14	2.708109208112505e-13	2.7914335557002358e-18	2.0536256555694246e-08
0.057	2.4420901294241006e-14	1.3091236033726842e-09	2.75123350170728e-14	2.727213725748526e-13	2.8111261255507445e-18	2.0681038691160363e-08
0.0572	2.4678840632461736e-14	1.3229491924181326e-09	2.7705741402128955e-14	2.7463853919525965e-13	2.830887913340335e-18	2.0826328736096555e-08
0.0574	2.4938589701713318e-14	1.3368717596963506e-09	2.7899825203418188e-14	2.7656242067062474e-13	2.850718919067377e-18	2.0972126683567845e-08
0.057600000000000005	2.5200154825927993e-14	1.3508916438406421e-09	2.8094586420841473e-14	2.7849301699910117e-13	2.870619142730242e-18	2.1118432526639277e-08
0.057800000000000004	2.546354232901149e-14	1.3650091834811688e-09	2.8290025054299748e-14	2.8043032817884215e-13	2.890588584327298e-18	2.126524625837598e-08
0.058	2.5728758534843113e-14	1.3792247172449472e-09	2.8486141103693993e-14	2.82374354208001e-13	2.9106272438569174e-18	2.141256787184315e-08
0.0582	2.5995809767275664e-14	1.3935385837558512e-09	2.8682934568925165e-14	2.843250950847307e-13	2.93073512131747e-18	2.1560397360106042e-08
0.0584	2.6264702350135514e-14	1.4079511216346087e-09	2.888040544989421e-14	2.862825508071848e-13	2.9509122167073265e-18	2.1708734716229968e-08
0.058600000000000006	2.653544260722257e-14	1.422462669498807e-09	2.9078553746502125e-14	2.8824672137351644e-13	2.971158530024857e-18	2.185757993328032e-08
0.058800000000000005	2.6808036862310237e-14	1.4370735659628843e-09	2.9277379458649834e-14	2.902176067818787e-13	2.9914740612684324e-18	2.2006933004322523e-08
0.059000000000000004	2.7082491439145477e-14	1.4517841496381401e-09	2.947688258623832e-14	2.921952070304251e-13	3.011858810436422e-18	2.2156793922422097e-08
0.0592	2.73588126614488e-14	1.4665947591327252e-09	2.967706312916854e-14	2.941795221173086e-13	3.032312777527197e-18	2.2307162680644602e-08
0.0594	2.763700685291425e-14	1.4815057330516515e-09	2.987792108734143e-14	2.9617055204068265e-13	3.052835962539127e-18	2.2458039272055678e-08
0.0596	2.7917080337209374e-14	1.4965174099967822e-09	3.0079456460657995e-14	2.9816829679870037e-13	3.073428365470584e-18	2.2609423689721022e-08
0.059800000000000006	2.8199039437975305e-14	1.511630128566841e-09	3.028166924901917e-14	3.001727563895152e-13	3.0940899863199376e-18	2.2761315926706384e-08
0.060000000000000005	2.848289047882666e-14	1.5268442273574023e-09	3.048455945232592e-14	3.021839308112801e-13	3.114820825085558e-18	2.291371597607758e-08
0.060200000000000004	2.876863978335164e-14	1.5421600449609028e-09	3.06881270704792e-14	3.0420182006214846e-13	3.1356208817658147e-18	2.3066623830900516e-08
0.0604	2.905629367511193e-14	1.5575779199666302e-09	3.089237210338e-14	3.062264241402736e-13	3.1564901563590804e-18	2.3220039484241117e-08
0.0606	2.9345858477642805e-14	1.5730981909607321e-09	3.1097294550929244e-14	3.082577430438085e-13	3.1774286488637236e-18	2.337396292916541e-08
0.0608	2.963734051445306e-14	1.5887211965262096e-09	3.130289441302791e-14	3.1029577677090674e-13	3.1984363592781154e-18	2.3528394158739454e-08
0.061000000000000006	2.993074610902499e-14	1.6044472752429232e-09	3.150917168957698e-14	3.1234052531972137e-13	3.2195132876006265e-18	2.3683333166029404e-08
0.061200000000000004	3.022608158481445e-14	1.6202767656875849e-09	3.171612638047737e-14	3.1439198868840567e-13	3.2406594338296267e-18	2.3838779944101446e-08
0.0614	3.0523353265250864e-14	1.6362100064337677e-09	3.192375848563007e-14	3.1645016687511277e-13	3.261874797963486e-18	2.3994734486021846e-08
0.0616	3.082256747373716e-14	1.6522473360518974e-09	3.213206800493604e-14	3.185150598779962e-13	3.2831593800005758e-18	2.4151196784856926e-08
0.0618	3.1123730533649775e-14	1.668389093109259e-09	3.234105493829624e-14	3.2058666769520885e-13	3.3045131799392663e-18	2.4308166833673082e-08
0.062	3.142684876833874e-14	1.684635616169991e-09	3.255071928561163e-14	3.226649903249043e-13	3.325936197777927e-18	2.446564462553677e-08
0.062200000000000005	3.1731928501127595e-14	1.7009872437950908e-09	3.276106104678318e-14	3.247500277652356e-13	3.347428433514931e-18	2.4623630153514498e-08
0.062400000000000004	3.203897605531343e-14	1.7174443145424104e-09	3.2972080221711826e-14	3.2684178001435596e-13	3.3689898871486452e-18	2.478212341067284e-08
0.0626	3.234799775416681e-14	1.7340071669666587e-09	3.318377681029855e-14	3.289402470704188e-13	3.390620558677441e-18	2.494112439007844e-08
0.06280000000000001	3.265899992093194e-14	1.7506761396194011e-09	3.339615081244431e-14	3.310454289315773e-13	3.4123204480996912e-18	2.5100633084798013e-08
0.063	3.297198887882648e-14	1.7674515710490583e-09	3.360920222805006e-14	3.3315732559598453e-13	3.4340895554137614e-18	2.5260649487898307e-08
0.0632	3.3286970951041675e-14	1.7843337998009102e-09	3.382293105701679e-14	3.3527593706179404e-13	3.4559278806180273e-18	2.5421173592446172e-08
0.0634	3.360395246074224e-14	1.8013231644170892e-09	3.403733729924541e-14	3.3740126332715883e-13	3.4778354237108555e-18	2.5582205391508484e-08
0.0636	3.3922939731066535e-14	1.8184200034365885e-09	3.425242095463694e-14	3.395333043902323e-13	3.4998121846906196e-18	2.574374487815222e-08
0.06380000000000001	3.424393908512637e-14	1.8356246553952543e-09	3.446818202309231e-14	3.416720602491676e-13	3.5218581635556865e-18	2.5905792045444383e-08
0.064	3.4566956846007116e-14	1.85293745882579e-09	3.4684620504512456e-14	3.4381753090211803e-13	3.54397336030443e-18	2.6068346886452057e-08
0.06420000000000001	3.48919993367677e-14	1.8703587522577586e-09	3.490173639879838e-14	3.459697163472369e-13	3.5661577749352166e-18	2.62314093942424e-08
0.0644	3.5219072880440535e-14	1.887888874217574e-09	3.511952970585104e-14	3.481286165826773e-13	3.5884114074464204e-18	2.6394979561882607e-08
0.0646	3.554818380003166e-14	1.9055281632285118e-09	3.5338000425571385e-14	3.5029423160659263e-13	3.6107342578364104e-18	2.6559057382439953e-08
0.0648	3.5879338418520517e-14	1.9232769578107004e-09	3.555714855786038e-14	3.5246656141713606e-13	3.6331263261035565e-18	2.672364284898177e-08
0.065	3.621254305886025e-14	1.9411355964811294e-09	3.577697410261898e-14	3.5464560601246093e-13	3.65558761224623e-18	2.688873595457547e-08
0.06520000000000001	3.654780404397744e-14	1.95910441775364e-09	3.599747705974818e-14	3.568313653907204e-13	3.678118116262802e-18	2.705433669228851e-08
0.0654	3.688512769677219e-14	1.977183760138931e-09	3.6218657429148875e-14	3.5902383955006765e-13	3.700717838151639e-18	2.7220445055188396e-08
0.0656	3.7224520340118204e-14	1.995373962144561e-09	3.644051521072209e-14	3.612230284886562e-13	3.7233867779111165e-18	2.7387061036342738e-08
0.0658	3.756598829686266e-14	2.0136753622749423e-09	3.666305040436875e-14	3.634289322046389e-13	3.7461249355396e-18	2.755418462881916e-08
0.066	3.790953788982636e-14	2.032088299031346e-09	3.6886263009989837e-14	3.6564155069616955e-13	3.768932311035465e-18	2.7721815825685406e-08
0.06620000000000001	3.8255175441803554e-14	2.0506131109118974e-09	3.7110153027486315e-14	3.6786088396140103e-13	3.79180890439708e-18	2.788995462000924e-08
0.0664	3.8602907275562046e-14	2.0692501364115795e-09	3.733472045675911e-14	3.700869319984864e-13	3.8147547156228115e-18	2.805860100485849e-08
0.0666	3.895273971384326e-14	2.0879997140222335e-09	3.7559965297709245e-14	3.7231969480557945e-13	3.837769744711035e-18	2.8227754973301066e-08
0.0668	3.9304679079362055e-14	2.1068621822325548e-09	3.7785887550237605e-14	3.745591723808328e-13	3.860853991660119e-18	2.8397416518404936e-08
0.067	3.96587316948069e-14	2.1258378795280995e-09	3.8012487214245226e-14	3.7680536472240033e-13	3.884007456468434e-18	2.8567585633238137e-08
0.06720000000000001	4.001490388283976e-14	2.1449271443912765e-09	3.823976428963302e-14	3.7905827182843506e-13	3.907230139134351e-18	2.8738262310868748e-08
0.0674	4.0373201966096115e-14	2.1641303153013505e-09	3.846771877630197e-14	3.8131789369709e-13	3.930522039656238e-18	2.8909446544364915e-08
0.06760000000000001	4.07336322671851e-14	2.18344773073445e-09	3.869635067415303e-14	3.8358423032651867e-13	3.95388315803247e-18	2.9081138326794882e-08
0.0678	4.1096201108689236e-14	2.2028797291635516e-09	3.892565998308715e-14	3.858572817148742e-13	3.977313494261411e-18	2.9253337651226907e-08
0.068	4.146091481316472e-14	2.222426649058496e-09	3.915564670300532e-14	3.881370478603101e-13	4.000813048341438e-18	2.9426044510729347e-08
0.0682	4.1827779703141164e-14	2.242088828885975e-09	3.9386310833808475e-14	3.904235287609793e-13	4.024381820270916e-18	2.9599258898370584e-08
0.0684	4.2196802101121815e-14	2.2618666071095424e-09	3.961765237539762e-14	3.927167244150352e-13	4.04801981004822e-18	2.977298080721913e-08
0.06860000000000001	4.2567988329583415e-14	2.2817603221896058e-09	3.984967132767367e-14	3.950166348206312e-13	4.071727017671718e-18	2.994721023034349e-08
0.0688	4.2941344710976216e-14	2.30177031258343e-09	4.008236769053758e-14	3.973232599759202e-13	4.095503443139779e-18	3.012194716081225e-08
0.069	4.331687756772411e-14	2.3218969167451385e-09	4.031574146389036e-14	3.9963659987905574e-13	4.119349086450776e-18	3.02971915916941e-08
0.0692	4.3694593222224415e-14	2.3421404731257077e-09	4.054979264763293e-14	4.01956654528191e-13	4.1432639476030775e-18	3.047294351605773e-08
0.0694	4.407449799684807e-14	2.362501320172977e-09	4.078452124166627e-14	4.042834239214793e-13	4.1672480265950566e-18	3.064920292697195e-08
0.06960000000000001	4.445659821393951e-14	2.382979796331639e-09	4.101992724589136e-14	4.066169080570738e-13	4.1913013234250815e-18	3.08259698175056e-08
0.0698	4.4840900195816674e-14	2.4035762400432403e-09	4.1256010660209106e-14	4.0895710693312775e-13	4.215423838091521e-18	3.100324418072758e-08
0.07	4.522741026477115e-14	2.424290989746193e-09	4.1492771484520534e-14	4.1130402054779454e-13	4.23961557059275e-18	3.1181026009706887e-08
0.0702	4.561613474306793e-14	2.4451243838757572e-09	4.1730209718726554e-14	4.136576488992272e-13	4.263876520927135e-18	3.1359315297512535e-08
0.0704	4.600707995294569e-14	2.466076760864059e-09	4.196832536272817e-14	4.160179919855793e-13	4.288206689093049e-18	3.153811203721364e-08
0.07060000000000001	4.640025221661654e-14	2.4871484591400736e-09	4.220711841642632e-14	4.183850498050041e-13	4.312606075088861e-18	3.171741622187936e-08
0.0708	4.679565785626614e-14	2.5083398171296354e-09	4.2446588879721955e-14	4.2075882235565433e-13	4.33707467891294e-18	3.1897227844578915e-08
0.07100000000000001	4.7193303194053753e-14	2.52965117325544e-09	4.2686736752516076e-14	4.2313930963568393e-13	4.36161250056366e-18	3.2077546898381605e-08
0.0712	4.7593194552112086e-14	2.551082865937035e-09	4.2927562034709587e-14	4.255265116432455e-13	4.386219540039388e-18	3.225837337635677e-08
0.0714	4.799533825254749e-14	2.5726352335908295e-09	4.3169064726203506e-14	4.27920428376493e-13	4.410895797338497e-18	3.2439707271573845e-08
0.0716	4.8399740617439755e-14	2.5943086146300857e-09	4.341124482689876e-14	4.303210598335789e-13	4.4356412724593545e-18	3.2621548577102275e-08
0.0718	4.880640796884232e-14	2.616103347464927e-09	4.365410233669635e-14	4.3272840601265743e-13	4.460455965400334e-18	3.280389728601165e-08
0.07200000000000001	4.921534662878208e-14	2.638019770502332e-09	4.3897637255497195e-14	4.3514246691188125e-13	4.485339876159806e-18	3.298675339137154e-08
0.0722	4.9626562919259455e-14	2.6600582221461325e-09	4.4141849583202264e-14	4.3756324252940343e-13	4.510293004736137e-18	3.3170116886251614e-08
0.0724	5.004006316224851e-14	2.6822190407970275e-09	4.438673931971253e-14	4.399907328633777e-13	4.535315351127702e-18	3.3353987763721613e-08
0.0726	5.0455853679696726e-14	2.7045025648525626e-09	4.463230646492894e-14	4.424249379119569e-13	4.560406915332866e-18	3.353836601685133e-08
0.0728	5.087394079352524e-14	2.7269091327071492e-09	4.48785510187525e-14	4.448658576732949e-13	4.585567697350006e-18	3.372325163871063e-08
0.07300000000000001	5.1294330825628644e-14	2.7494390827520498e-09	4.512547298108414e-14	4.473134921455444e-13	4.610797697177488e-18	3.3908644622369404e-08
0.0732	5.171703009787505e-14	2.7720927533753867e-09	4.537307235182479e-14	4.4976784132685874e-13	4.636096914813683e-18	3.409454496089764e-08
0.0734	5.214204493210625e-14	2.794870482962142e-09	4.562134913087546e-14	4.522289052153915e-13	4.6614653502569624e-18	3.4280952647365417e-08
0.0736	5.256938165013743e-14	2.8177726098941495e-09	4.58703033181371e-14	4.5469668380929553e-13	4.6869030035056934e-18	3.446786767484281e-08
0.0738	5.2999046573757415e-14	2.8407994725501063e-09	4.611993491351066e-14	4.571711771067244e-13	4.712409874558253e-18	3.465529003640001e-08
0.07400000000000001	5.343104602472849e-14	2.8639514093055638e-09	4.637024391689713e-14	4.596523851058315e-13	4.7379859634130076e-18	3.484321972510725e-08
0.0742	5.386538632478653e-14	2.887228758532929e-09	4.662123032819742e-14	4.621403078047696e-13	4.7636312700683244e-18	3.503165673403481e-08
0.07440000000000001	5.430207379564094e-14	2.910631858601473e-09	4.687289414731256e-14	4.646349452016924e-13	4.78934579452258e-18	3.5220601056253076e-08
0.0746	5.474111475897462e-14	2.934161047877314e-09	4.712523537414344e-14	4.671362972947528e-13	4.81512953677414e-18	3.5410052684832445e-08
0.0748	5.518251553644417e-14	2.9578166647234396e-09	4.7378254008591094e-14	4.696443640821046e-13	4.840982496821378e-18	3.560001161284343e-08
0.075	5.562628244967953e-14	2.981599047499684e-09	4.76319500505564e-14	4.721591455619004e-13	4.866904674662662e-18	3.579047783335657e-08
0.0752	5.60724218202843e-14	3.0055085345627487e-09	4.7886323499940413e-14	4.746806417322942e-13	4.892896070296366e-18	3.598145133944248e-08
0.07540000000000001	5.652093996983559e-14	3.0295454642661846e-09	4.814137435664403e-14	4.772088525914387e-13	4.918956683720857e-18	3.617293212417184e-08
0.0756	5.697184321988401e-14	3.053710174960403e-09	4.839710262056823e-14	4.797437781374874e-13	4.945086514934504e-18	3.6364920180615366e-08
0.0758	5.742513789195382e-14	3.0780030049926753e-09	4.8653508291613994e-14	4.822854183685934e-13	4.971285563935683e-18	3.655741550184389e-08
0.076	5.788083030754268e-14	3.1024242927071264e-09	4.891059136968224e-14	4.848337732829102e-13	4.997553830722758e-18	3.675041808092826e-08
0.0762	5.833892678812194e-14	3.126974376444743e-09	4.916835185467399e-14	4.87388842878591e-13	5.023891315294105e-18	3.694392791093942e-08
0.07640000000000001	5.879943365513639e-14	3.1516535945433665e-09	4.942678974649016e-14	4.899506271537892e-13	5.050298017648092e-18	3.713794498494835e-08
0.0766	5.926235723000435e-14	3.176462285337695e-09	4.9685905045031733e-14	4.925191261066575e-13	5.0767739377830876e-18	3.7332469296026084e-08
0.07680000000000001	5.97277038341178e-14	3.2014007871592874e-09	4.9945697750199655e-14	4.950943397353501e-13	5.103319075697465e-18	3.752750083724379e-08
0.077	6.019547978884211e-14	3.2264694383365587e-09	5.0206167861894895e-14	4.976762680380193e-13	5.129933431389591e-18	3.772303960167259e-08
0.0772	6.066569141551628e-14	3.2516685771947833e-09	5.046731538001842e-14	5.002649110128191e-13	5.1566170048578426e-18	3.791908558238379e-08
0.07740000000000001	6.113834503545289e-14	3.2769985420560884e-09	5.07291403044712e-14	5.028602686579023e-13	5.1833697961005855e-18	3.811563877244866e-08
0.0776	6.161344696993789e-14	3.3024596712394625e-09	5.099164263515417e-14	5.054623409714223e-13	5.210191805116188e-18	3.831269916493854e-08
0.07780000000000001	6.209100354023103e-14	3.328052303060755e-09	5.125482237196834e-14	5.080711279515327e-13	5.237083031903026e-18	3.851026675292491e-08
0.078	6.257102106756535e-14	3.353776775832666e-09	5.15186795148146e-14	5.106866295963863e-13	5.264043476459465e-18	3.870834152947924e-08
0.0782	6.305350587314764e-14	3.37963342786476e-09	5.1783214063593975e-14	5.133088459041365e-13	5.2910731387838796e-18	3.8906923487673116e-08
0.0784	6.353846427815803e-14	3.405622597463453e-09	5.2048426018207404e-14	5.159377768729369e-13	5.318172018874636e-18	3.910601262057812e-08
0.0786	6.402590260375041e-14	3.431744622932026e-09	5.2314315378555844e-14	5.185734225009405e-13	5.345340116730109e-18	3.9305608921265984e-08
0.07880000000000001	6.451582717105203e-14	3.457999842570612e-09	5.258088214454029e-14	5.212157827863006e-13	5.3725774323486666e-18	3.9505712382808425e-08
0.079	6.500824430116374e-14	3.484388594676203e-09	5.2848126316061634e-14	5.238648577271703e-13	5.399883965728677e-18	3.9706322998277246e-08
0.0792	6.550316031515999e-14	3.510911217542651e-09	5.311604789302092e-14	5.265206473217034e-13	5.4272597168685164e-18	3.990744076074434e-08
0.0794	6.600058153408871e-14	3.5375680494606638e-09	5.338464687531905e-14	5.291831515680524e-13	5.454704685766549e-18	4.0109065663281626e-08
0.0796	6.650051427897142e-14	3.564359428717811e-09	5.365392326285703e-14	5.318523704643714e-13	5.482218872421149e-18	4.031119769896113e-08
0.07980000000000001	6.700296487080313e-14	3.5912856935985135e-09	5.392387705553578e-14	5.345283040088132e-13	5.509802276830687e-18	4.05138368608549e-08
0.08	6.750793963055239e-14	3.618347182384054e-09	5.419450825325629e-14	5.372109521995309e-13	5.53745489899353e-18	4.071698314203505e-08
0.08020000000000001	6.801544487916137e-14	3.6455442333525744e-09	5.446581685591951e-14	5.399003150346782e-13	5.565176738908054e-18	4.092063653557379e-08
0.0804	6.852548693754564e-14	3.6728771847790716e-09	5.473780286342641e-14	5.425963925124083e-13	5.592967796572621e-18	4.1124797034543344e-08
0.0806	6.903807212659455e-14	3.7003463749354043e-09	5.5010466275677965e-14	5.452991846308743e-13	5.620828071985611e-18	4.1329464632016064e-08
0.08080000000000001	6.955320676717076e-14	3.727952142090285e-09	5.5283807092575126e-14	5.480086913882297e-13	5.6487575651453865e-18	4.15346393210643e-08
0.081	7.007089718011052e-14	3.7556948245092864e-09	5.555782531401881e-14	5.507249127826274e-13	5.676756276050323e-18	4.1740321094760496e-08
0.08120000000000001	7.059114968622378e-14	3.7835747604548394e-09	5.583252093991005e-14	5.53447848812221e-13	5.704824204698788e-18	4.194650994617717e-08
0.0814	7.111397060629381e-14	3.811592288186233e-09	5.610789397014978e-14	5.561774994751638e-13	5.732961351089156e-18	4.215320586838687e-08
0.0816	7.16393662610776e-14	3.839747745959614e-09	5.638394440463895e-14	5.589138647696091e-13	5.761167715219791e-18	4.236040885446224e-08
0.0818	7.216734297130557e-14	3.8680414720279854e-09	5.6660672243278544e-14	5.616569446937097e-13	5.789443297089067e-18	4.2568118897475975e-08
0.082	7.269790705768176e-14	3.896473804641212e-09	5.693807748596951e-14	5.644067392456197e-13	5.8177880966953554e-18	4.277633599050082e-08
0.08220000000000001	7.323106484088372e-14	3.9250450820460166e-09	5.721616013261282e-14	5.671632484234917e-13	5.846202114037028e-18	4.29850601266096e-08
0.0824	7.376682264156251e-14	3.953755642485973e-09	5.749492018310941e-14	5.699264722254791e-13	5.8746853491124486e-18	4.3194291298875185e-08
0.0826	7.430518678034285e-14	3.982605824201525e-09	5.77743576373603e-14	5.726964106497354e-13	5.9032378019199944e-18	4.340402950037054e-08
0.0828	7.484616357782281e-14	4.0115959654299625e-09	5.805447249526638e-14	5.754730636944136e-13	5.931859472458031e-18	4.3614274724168645e-08
0.083	7.53897593545742e-14	4.040726404405443e-09	5.833526475672866e-14	5.782564313576673e-13	5.960550360724933e-18	4.382502696334261e-08
0.08320000000000001	7.593598043114227e-14	4.0699974793589794e-09	5.86167344216481e-14	5.810465136376495e-13	5.989310466719068e-18	4.4036286210965536e-08
0.0834	7.648483312804577e-14	4.099409528518438e-09	5.889888148992565e-14	5.838433105325138e-13	6.0181397904388056e-18	4.424805246011062e-08
0.08360000000000001	7.703632376577716e-14	4.128962890108552e-09	5.918170596146228e-14	5.866468220404132e-13	6.0470383318825206e-18	4.446032570385115e-08
0.0838	7.75904586648023e-14	4.158657902350904e-09	5.946520783615892e-14	5.894570481595008e-13	6.076006091048577e-18	4.4673105935260425e-08
0.084	7.814724414556064e-14	4.188494903463943e-09	5.974938711391659e-14	5.922739888879307e-13	6.105043067935352e-18	4.488639314741184e-08
0.08420000000000001	7.870668652846517e-14	4.2184742316629724e-09	6.003424379463621e-14	5.950976442238555e-13	6.134149262541212e-18	4.510018733337885e-08
0.0844	7.92687921339024e-14	4.24859622516015e-09	6.031977787821876e-14	5.979280141654283e-13	6.1633246748645256e-18	4.5314488486234944e-08
0.08460000000000001	7.983356728223244e-14	4.278861222164503e-09	6.060598936456519e-14	6.007650987108028e-13	6.1925693049036694e-18	4.552929659905372e-08
0.0848	8.040101829378885e-14	4.309269560881904e-09	6.089287825357645e-14	6.036088978581323e-13	6.2218831526570065e-18	4.57446116649088e-08
0.085	8.097115148887892e-14	4.339821579515092e-09	6.118044454515357e-14	6.064594116055701e-13	6.251266218122914e-18	4.5960433676873906e-08
0.0852	8.154397318778327e-14	4.370517616263662e-09	6.146868823919742e-14	6.093166399512691e-13	6.280718501299758e-18	4.617676262802277e-08
0.0854	8.21194897107562e-14	4.4013580093240725e-09	6.175760933560903e-14	6.12180582893383e-13	6.310240002185911e-18	4.639359851142926e-08
0.08560000000000001	8.26977073780255e-14	4.432343096889633e-09	6.204720783428936e-14	6.150512404300649e-13	6.3398307207797416e-18	4.661094132016725e-08
0.0858	8.327863250979248e-14	4.4634732171505075e-09	6.233748373513932e-14	6.17928612559468e-13	6.3694906570796204e-18	4.682879104731066e-08
0.08600000000000001	8.386227142623207e-14	4.494748708293739e-09	6.262843703805992e-14	6.208126992797459e-13	6.399219811083921e-18	4.704714768593355e-08
0.0862	8.444863044749269e-14	4.526169908503204e-09	6.292006774295208e-14	6.237035005890516e-13	6.4290181827910086e-18	4.7266011229109966e-08
0.0864	8.503771589369635e-14	4.557737155959657e-09	6.321237584971681e-14	6.266010164855386e-13	6.4588857721992585e-18	4.7485381669914093e-08
0.08660000000000001	8.562953408493858e-14	4.589450788840695e-09	6.350536135825508e-14	6.295052469673602e-13	6.48882257930704e-18	4.770525900142011e-08
0.0868	8.622409134128838e-14	4.621311145320788e-09	6.379902426846778e-14	6.324161920326691e-13	6.5188286041127185e-18	4.792564321670226e-08
0.08700000000000001	8.682139398278845e-14	4.653318563571259e-09	6.409336458025596e-14	6.353338516796194e-13	6.5489038466146716e-18	4.8146534308834914e-08
0.0872	8.742144832945486e-14	4.685473381760283e-09	6.43883822935205e-14	6.382582259063637e-13	6.579048306811264e-18	4.8367932270892444e-08
0.0874	8.802426070127746e-14	4.717775938052901e-09	6.468407740816244e-14	6.41189314711056e-13	6.609261984700872e-18	4.8589837095949316e-08
0.0876	8.862983741821935e-14	4.750226570611013e-09	6.498044992408266e-14	6.441271180918488e-13	6.6395448802818585e-18	4.881224877708003e-08
0.0878	8.923818480021747e-14	4.78282561759338e-09	6.52774998411822e-14	6.470716360468962e-13	6.669896993552601e-18	4.903516730735921e-08
0.08800000000000001	8.984930916718206e-14	4.815573417155612e-09	6.5575227159362e-14	6.500228685743511e-13	6.7003183245114674e-18	4.925859267986148e-08
0.0882	9.046321683899702e-14	4.8484703074501776e-09	6.587363187852297e-14	6.529808156723664e-13	6.7308088731568255e-18	4.948252488766153e-08
0.0884	9.107991413551983e-14	4.881516626626422e-09	6.617271399856617e-14	6.559454773390961e-13	6.761368639487049e-18	4.970696392383417e-08
0.0886	9.16994073765814e-14	4.9147127128305274e-09	6.647247351939247e-14	6.589168535726929e-13	6.791997623500506e-18	4.993190978145419e-08
0.0888	9.232170288198637e-14	4.9480589042055505e-09	6.67729104409029e-14	6.618949443713105e-13	6.82269582519557e-18	5.015736245359654e-08
0.08900000000000001	9.294680697151273e-14	4.981555538891395e-09	6.707402476299838e-14	6.648797497331022e-13	6.853463244570609e-18	5.038332193333614e-08
0.0892	9.357472596491212e-14	5.015202955024831e-09	6.737581648557988e-14	6.678712696562209e-13	6.8842998816239906e-18	5.060978821374803e-08
0.08940000000000001	9.42054661819097e-14	5.049001490739487e-09	6.767828560854838e-14	6.708695041388203e-13	6.915205736354093e-18	5.0836761287907293e-08
0.0896	9.483903394220415e-14	5.082951484165845e-09	6.798143213180481e-14	6.738744531790532e-13	6.946180808759279e-18	5.1064241148889076e-08
0.0898	9.547543556546781e-14	5.117053273431252e-09	6.828525605525019e-14	6.768861167750735e-13	6.977225098837924e-18	5.129222778976861e-08
0.09000000000000001	9.611467737134642e-14	5.151307196659912e-09	6.858975737878544e-14	6.799044949250341e-13	7.008338606588395e-18	5.1520721203621164e-08
0.0902	9.675676567945928e-14	5.185713591972882e-09	6.88949361023115e-14	6.829295876270885e-13	7.039521332009065e-18	5.174972138352205e-08
0.09040000000000001	9.740170680939943e-14	5.220272797488091e-09	6.92007922257294e-14	6.859613948793899e-13	7.070773275098302e-18	5.197922832254671e-08
0.0906	9.804950708073316e-14	5.254985151320308e-09	6.950732574894003e-14	6.889999166800913e-13	7.10209443585448e-18	5.2209242013770564e-08
0.0908	9.87001728130006e-14	5.289850991581184e-09	6.981453667184441e-14	6.920451530273465e-13	7.133484814275964e-18	5.24397624502692e-08
0.091	9.935371032571517e-14	5.3248706563792084e-09	7.012242499434347e-14	6.950971039193086e-13	7.16494441036113e-18	5.267078962511815e-08
0.0912	1.0001012593836401e-13	5.360044483819743e-09	7.043099071633819e-14	6.981557693541309e-13	7.196473224108345e-18	5.290232353139313e-08
0.09140000000000001	1.0066942597040775e-13	5.395372812005e-09	7.074023383772956e-14	7.012211493299667e-13	7.22807125551598e-18	5.313436416216979e-08
0.0916	1.0133161674128047e-13	5.430855979034053e-09	7.105015435841847e-14	7.042932438449691e-13	7.259738504582406e-18	5.3366911510523935e-08
0.0918	1.0199670457039005e-13	5.466494323002844e-09	7.136075227830594e-14	7.073720528972917e-13	7.291474971305995e-18	5.359996556953143e-08
0.092	1.0266469577711765e-13	5.502288182004155e-09	7.167202759729288e-14	7.104575764850876e-13	7.32328065568511e-18	5.383352633226815e-08
0.0922	1.0333559668081816e-13	5.538237894127643e-09	7.198398031528034e-14	7.135498146065103e-13	7.355155557718135e-18	5.406759379181009e-08
0.09240000000000001	1.0400941360081989e-13	5.574343797459824e-09	7.229661043216921e-14	7.166487672597129e-13	7.387099677403428e-18	5.430216794123327e-08
0.0926	1.0468615285642471e-13	5.610606230084058e-09	7.260991794786045e-14	7.197544344428486e-13	7.419113014739363e-18	5.453724877361378e-08
0.09280000000000001	1.053658207669082e-13	5.647025530080584e-09	7.29239028622551e-14	7.22866816154071e-13	7.451195569724312e-18	5.477283628202779e-08
0.093	1.060484236515192e-13	5.683602035526479e-09	7.3238565175254e-14	7.259859123915331e-13	7.483347342356642e-18	5.500893045955149e-08
0.0932	1.0673396782948045e-13	5.720336084495703e-09	7.355390488675824e-14	7.291117231533884e-13	7.515568332634732e-18	5.524553129926121e-08
0.09340000000000001	1.0742245961998798e-13	5.757228015059056e-09	7.386992199666872e-14	7.322442484377903e-13	7.547858540556944e-18	5.5482638794233286e-08
0.0936	1.0811390534221132e-13	5.794278165284203e-09	7.418661650488639e-14	7.353834882428916e-13	7.580217966121649e-18	5.572025293754408e-08
0.09380000000000001	1.0880831131529381e-13	5.8314868732356704e-09	7.450398841131223e-14	7.385294425668461e-13	7.612646609327221e-18	5.595837372227013e-08
0.094	1.0950568385835207e-13	5.8688544769748414e-09	7.482203771584722e-14	7.41682111407807e-13	7.645144470172026e-18	5.619700114148793e-08
0.0942	1.1020602929047653e-13	5.906381314559965e-09	7.514076441839228e-14	7.448414947639276e-13	7.67771154865444e-18	5.6436135188274106e-08
0.0944	1.1090935393073089e-13	5.944067724046138e-09	7.546016851884842e-14	7.480075926333611e-13	7.710347844772827e-18	5.667577585570528e-08
0.0946	1.1161566409815273e-13	5.981914043485323e-09	7.578025001711659e-14	7.511804050142608e-13	7.743053358525564e-18	5.6915923136858234e-08
0.09480000000000001	1.1232496611175278e-13	6.019920610926348e-09	7.610100891309772e-14	7.5435993190478e-13	7.775828089911018e-18	5.715657702480972e-08
0.095	1.1303726629051556e-13	6.058087764414882e-09	7.642244520669282e-14	7.57546173303072e-13	7.808672038927559e-18	5.739773751263656e-08
0.0952	1.1375257095339927e-13	6.096415841993473e-09	7.674455889780282e-14	7.607391292072904e-13	7.84158520557356e-18	5.763940459341574e-08
0.0954	1.1447088641933515e-13	6.13490518170152e-09	7.70673499863287e-14	7.63938799615588e-13	7.874567589847386e-18	5.788157826022417e-08
0.0956	1.151922190072287e-13	6.173556121575284e-09	7.739081847217141e-14	7.671451845261186e-13	7.90761919174741e-18	5.812425850613894e-08
0.09580000000000001	1.1591657503595837e-13	6.212368999647879e-09	7.771496435523195e-14	7.703582839370351e-13	7.940740011272009e-18	5.836744532423712e-08
0.096	1.1664396082437642e-13	6.251344153949279e-09	7.803978763541124e-14	7.735780978464908e-13	7.973930048419542e-18	5.8611138707595904e-08
0.09620000000000001	1.1737438269130871e-13	6.290481922506327e-09	7.836528831261023e-14	7.768046262526395e-13	8.007189303188388e-18	5.885533864929248e-08
0.0964	1.1810784695555434e-13	6.329782643342718e-09	7.869146638672995e-14	7.800378691536339e-13	8.040517775576913e-18	5.910004514240416e-08
0.0966	1.1884435993588646e-13	6.36924665447901e-09	7.901832185767129e-14	7.832778265476278e-13	8.07391546558349e-18	5.934525818000832e-08
0.09680000000000001	1.195839279510513e-13	6.408874293932614e-09	7.93458547253353e-14	7.865244984327741e-13	8.107382373206489e-18	5.9590977755182345e-08
0.097	1.2032655731976883e-13	6.448665899717806e-09	7.967406498962282e-14	7.897778848072264e-13	8.140918498444277e-18	5.983720386100371e-08
0.09720000000000001	1.2107225436073273e-13	6.488621809845725e-09	8.000295265043494e-14	7.930379856691381e-13	8.17452384129523e-18	6.008393649055e-08
0.0974	1.2182102539260983e-13	6.528742362324357e-09	8.03325177076725e-14	7.963048010166617e-13	8.208198401757713e-18	6.03311756368988e-08
0.0976	1.225728767340409e-13	6.5690278951585604e-09	8.066276016123656e-14	7.995783308479517e-13	8.241942179830102e-18	6.057892129312779e-08
0.0978	1.2332781470364001e-13	6.6094787463500476e-09	8.099368001102806e-14	8.028585751611602e-13	8.275755175510762e-18	6.082717345231465e-08
0.098	1.2408584561999493e-13	6.650095253897395e-09	8.132527725694794e-14	8.061455339544418e-13	8.309637388798066e-18	6.107593210753725e-08
0.09820000000000001	1.2484697580166697e-13	6.690877755796032e-09	8.165755189889724e-14	8.094392072259489e-13	8.343588819690386e-18	6.132519725187341e-08
0.0984	1.2561121156719079e-13	6.731826590038245e-09	8.199050393677678e-14	8.127395949738348e-13	8.377609468186087e-18	6.157496887840105e-08
0.09860000000000001	1.2637855923507482e-13	6.77294209461319e-09	8.232413337048766e-14	8.160466971962532e-13	8.411699334283545e-18	6.182524698019817e-08
0.0988	1.2714902512380096e-13	6.814224607506879e-09	8.265844019993073e-14	8.193605138913571e-13	8.445858417981129e-18	6.207603155034278e-08
0.099	1.2792261555182478e-13	6.855674466702185e-09	8.299342442500706e-14	8.226810450573002e-13	8.480086719277208e-18	6.232732258191305e-08
0.09920000000000001	1.2869933683757506e-13	6.897292010178832e-09	8.332908604561755e-14	8.260082906922353e-13	8.514384238170156e-18	6.257912006798712e-08
0.0994	1.294791952994545e-13	6.939077575913415e-09	8.36654250616632e-14	8.29342250794316e-13	8.548750974658334e-18	6.28314240016432e-08
0.09960000000000001	1.3026219725583915e-13	6.981031501879385e-09	8.40024414730449e-14	8.326829253616957e-13	8.583186928740126e-18	6.308423437595964e-08
0.0998	1.3104834902507873e-13	7.023154126047047e-09	8.434013527966364e-14	8.360303143925275e-13	8.61769210041389e-18	6.333755118401476e-08
0.1	1.3183765692549643e-13	7.0654457863835745e-09	8.467850648142051e-14	8.393844178849647e-13	8.652266489678005e-18	6.359137441888703e-08
0.10020000000000001	1.3263012727538894e-13	7.107906820852998e-09	8.50175550782163e-14	8.427452358371612e-13	8.686910096530836e-18	6.38457040736549e-08
