0	0.0	0.0	0.0	0.0	0.0	0.0
0.0002	1745.055530301176	721.2428947390637	513.9621473946509	11166.456690745938	34699.75200687482	168.29635747380166
0.0004	13450.252233147754	13382.512440263923	9586.366823144663	84877.80576980377	263293.48752041295	3255.8335237071497
0.0006	44809.37545498065	71971.45249240888	51921.547233777965	273116.6036381611	843394.987091262	18485.898106427143
0.0008	108055.2055798003	233250.67051000104	169697.13631227202	620122.6657852503	1899193.0033682478	63713.90881928282
0.001	221372.50889020305	572911.8360176659	420770.75707759656	1166671.019894916	3527889.7645938885	167057.0528142327
0.0012	411960.0162681447	1181052.8941542224	876308.9802910772	1953906.5417355734	5805465.59622666	368111.53765041754
0.0014	718306.4022902669	2157666.4392525735	1618198.0461345247	3026372.1752545456	8791586.130081354	718569.061612206
0.0016	1191483.8161150366	3608399.1920140916	2736362.2816254213	4434072.717906925	12533590.073674439	1282134.9530796497
0.0018	1895425.6236796496	5640692.618582216	4326057.97915196	6233556.126449886	17069577.70148058	2133745.249109023
0.002	2906261.107898254	8360350.462380529	6485196.307643981	8488085.07120794	22430672.74943082	3358149.2932708804
0.0022	4310843.526103055	11868548.176835591	9311745.856179276	11267025.638263864	28642560.883015662	5047967.839339988
0.0024	6204640.613911242	16259283.063038576	12901263.635303872	14644607.558201	35726422.37277795	7301358.902575394
0.0026	8689167.29804115	21617254.507494263	17344599.87430985	18698218.853305176	43699379.72875058	10219429.988731105
0.0028	11869135.944075694	28016157.61951717	22725816.339581653	23506393.306884658	52574576.42794497	13903530.522359665
0.003	15849485.1877603	35517369.218135156	29120350.607554898	29146636.2178822	62360993.2679596	18452546.098482635
0.0032	20732428.241531566	44169001.812572315	36593450.43114378	35693215.9308033	73063096.36129716	23960299.567419566
0.0034	26614638.455995545	54005298.65709347	45198893.69337422	43215028.14881264	84680396.87167935	30513145.175259594
0.0036	33584665.957270384	65046341.019117594	54978000.98538105	51773618.86524579	97206988.38056526	38187822.661822155
0.0038	41720655.84716461	77298037.43191749	65958939.980746366	61421431.15444048	110631114.02086204	47049619.517249875
0.004	51088416.72447601	90752363.88595454	78156313.77807185	72200321.89105348	124934802.72996515	57150872.287698746
0.0042	61739868.76832728	105387823.62226927	91571019.41163328	84140377.2389404	140093602.46446505	68529822.37409306
0.0044	73711883.64371136	121170095.39519522	106190357.85964528	97259040.74485272	156076428.1461001	81209828.43580426
0.0046	87025514.16423042	138052839.72746727	121988373.11621907	111560555.18908587	172845533.5270641	95198926.37803462
0.0048	101685599.94861735	155978633.73718956	138926395.1916029	127035708.95777833	190356609.04993424	110489718.93345997
0.005	117680726.10541156	174880006.51551864	156953760.18620595	143661869.49492243	208559002.05765316	127059569.92915498
0.0052	134983505.077114	194680548.71550775	176008679.7457127	161403280.1941877	227396051.27224872	144871073.2895829
0.0054	153551146.93495718	215296071.9150626	196019232.1337786	180211592.6954371	246805524.17721614	163872763.4648697
0.0056	173326280.38273013	236635795.38081032	216904447.7374208	200026603.73604706	266720143.66807103	184000032.07539874
0.0058	194237985.24351424	258603540.02889124	238575462.93166792	220777164.24719575	287068188.93717504	205176214.91128027
0.006	216202997.01392275	281098911.6019847	260936717.7630287	242382228.06033427	307774154.8950566	227313813.8070727
0.0062	239127044.93766776	304018457.3135693	283887174.7626619	264752008.19143915	328759454.37129015	250315819.12915093
0.0064	262906286.75394934	327256782.4108385	307321538.2764386	287789210.0090383	349943147.763976	274077100.4824522
0.0066	287428805.6176424	350707615.24323714	331131455.9176707	311390312.493661	371242685.6099098	298485835.6003879
0.0068	312576137.49174243	374264811.466722	355206686.0375153	335446871.1083698	392574650.6318989	323424950.08134705
0.007	338224800.42512035	397823289.94274557	379436217.407162	359846818.3893307	413855487.1018715	348773543.55166966
0.0072	364247800.419695	421279894.689117	403709329.5644689	384475741.1182265	435002206.76691043	374408280.8613032
0.0074	390516091.9511525	444534178.8956586	427916584.4550303	409218115.7593025	455933062.0598897	400204729.96542937
0.0076	416899974.54637647	467489108.52363694	451950742.06192636	433958486.6545055	476568178.8072815	426038631.14048934
0.0078	443270410.0665883	490051684.3607346	475707594.6457014	458582574.20745176	496830142.1136853	451787085.068399
0.008	469500248.4415856	512133482.60254323	499086715.98960817	482978302.90164363	516644530.5140596	477329650.0539102
0.0082	495465352.505233	533651115.0796244	521992123.65408015	507036741.45340574	535940394.8163931	502549341.1842986
0.0084	521045615.26540565	554526611.1507185	544332853.6831502	530652949.6689366	554650679.2920349	527333526.57519805
0.0086	546125865.3834623	574687724.044148	566023448.47297	553726728.6403515	572712583.9962277	551574717.9576037
0.0088	570596658.8281945	594068165.0586078	586984359.6110258	576163272.7678595	590067868.0103389	575171254.7421231
0.009	594354956.6037503	612607769.5402045	607142268.4294217	597873723.7309686	606663094.2867177	598027882.346893
0.0092	617304690.1326959	630252598.9442447	626430327.7941495	618775627.9526286	622449817.5470043	620056226.9993753
0.0094	639357217.3115977	646954983.5778044	644788329.2838879	638793300.3125329	637384717.3377951	641175170.4276642
0.0096	660431673.458105	662673510.8125205	662162800.4068716	657858097.878507	651429678.8884172	661311128.8548769
0.0098	680455222.349348	677372963.6664395	678507036.8740731	675908608.2496737	664551824.8504777	680398241.5139977
0.01	699363213.327086	691024214.6888529	693781075.2028501	692890757.7550685	676723501.3350456	698378474.5246935
0.0102	717099251.0324918	703604080.0524368	707951611.0792372	708757845.2411053	687922221.9089286	715201646.4338828
0.0104	733615184.7501898	715095138.6716352	720991868.9707361	723470507.525603	698130573.3749024	730825382.0340704
0.0106	748871024.6052138	725485521.0337622	732881428.4662839	736996622.8103434	707336087.2506983	745215001.2539014
0.0108	762834791.9853027	734768672.2575774	743606012.7368351	749311158.4432383	715531080.8865491	758343349.979673
0.011	775482311.5718676	742943093.690649	753157244.3691692	760395969.4199845	722712472.1296866	770190579.6301367
0.0112	786796952.2722299	750012067.1282651	761532373.6366637	770239553.9274797	728881571.3643639	780743882.1842433
0.0114	796769324.1691442	755983365.4892707	768733984.0430045	778836772.070731	734043854.6355184	789997187.1664112
0.0116	805396938.3555192	760868953.5233531	774769679.7162023	786188533.7037876	738208721.410182	797950826.83905
0.0118	812683836.2162765	764684681.8550268	779651758.9484842	792301461.0150335	741389240.3499334	804611175.549389
0.012	818640194.3676044	767449977.396092	783396877.879251	797187531.2084118	743601886.2660962	809990268.8377525
0.0122	823281911.0775957	769187532.8844603	786025708.0093352	800863704.2842987	744866271.2124857	814105407.5469599
0.0124	826630179.581555	769922998.03625	787562590.9205862	803351540.5655107	745204872.4433492	816978751.7862885
0.0126	828711053.278687	769684674.5325774	788035193.2598255	804676812.2426469	744642759.7309229	818636909.2058411
0.0128	829555007.3624878	768503216.8049734	787474164.7345097	804869112.8354719	743207324.3017106	819110521.6351075
0.013	829196501.0014267	766411340.33553	785912801.5622201	803961468.0889393	740928011.4163699	818433853.7385416
0.0132	827673543.7553588	763443538.9514165	783386717.5202668	801989951.4487271	737836058.3878269	816644386.9461673
0.0134	825027269.4912785	759635812.3692781	779933524.4573897	798993306.8958948	733964239.6082752	813782421.5325489
0.0136	821301520.6536247	755025405.0342659	775592523.8586844	795012581.5669634	729346619.9399867	809890689.3464123
0.0138	816542445.3524735	749650557.1014448	770404410.7986956	790090770.2469813	724018317.6188784	805013979.3383242
0.014	810798109.3604069	743550268.2246069	764410991.3773072	784272473.5013666	718015277.6248435	799198777.6974562
0.0142	804118124.7572857	736764074.6490439	757654914.5090704	777603570.9089229	711374056.2897332	792492924.0919254
0.0144	796553296.633212	729331839.9506861	750179418.7295089	770130910.5747391	704131617.7432833	784945285.211769
0.0146	788155288.9543699	721293559.6238937	742028094.4917159	761902015.8383694	696325142.6395366	776605446.5398453
0.0148	778976310.4148463	712689179.5938575	733244662.2532465	752964809.8502289	687991849.4616182	767523423.024289
0.015	769068820.839813	703558428.6164664	723872766.4964733	743367358.4674447	679168828.5709888	757749389.0963721
0.0152	758485258.4717373	693940664.4282539	713955785.6849784	733157631.7195282	669892889.0484624	747333428.269755
0.0154	747277788.2607939	683874733.4209257	703536658.0334722	722383283.9135094	660200418.2679024	736325302.3703592
0.0156	735498071.092933	673398843.5384228	692657722.8586118	711091452.2871766	650127254.0492859	724774240.2799919
0.0158	723197053.7232144	662550450.028832	681360577.1822011	699328573.9770361	639708569.1552329	712728745.9305387
0.016	710424779.03693	651366153.6279275	669685947.1757133	687140220.9435123	628978767.823509	700236425.1579267
0.0162	697230216.1358486	639881610.7051212	657673573.9651958	674570952.3890679	617971393.9669243	687343830.9153873
0.0164	683661109.6402551	628131454.8652967	645362113.2574172	661664184.1140581	606719050.6207248	674096326.2524724
0.0166	669763847.508175	616149229.4707694	632789048.2007966	648462074.1793365	595253330.1753683	660537964.3888375
0.0168	655583346.600065	603967330.5256872	619990614.857337	635005424.1827464	583604754.8988281	646711385.1487672
0.017	641162955.1590288	591616959.3499917	607001739.6336477	621333595.4076538	571802727.2265946	632657726.9727534
0.0172	626544371.3319349	579128084.4607728	593855987.9992336	607484439.0643328	559875489.2785958	618416553.6847731
0.0174	611767576.8246498	566529412.0750536	580585523.8079257	593494239.8184992	547850091.0498047	604025795.1674544
0.0176	596870784.7635317	553848364.6489365	567221078.5326536	579397671.7843122	535752366.7145678	589521701.0806798
0.0178	581890400.8243738	541111066.8732178	553791929.7241313	565227766.1509011	523606918.48315436	574938806.7515272
0.018	566860996.6879194	528342338.5543817	540325888.0096061	551015889.610857	511437107.4520271	560309910.36366
0.0182	551815294.8868916	515565693.8219138	526849291.9580383	536791732.7653006	499265050.896367	545666060.5814753
0.0184	536784164.12221444	502803346.11757225	513387010.15224606	522583307.692223	487111625.4638909	531036553.7575847
0.0186	521796624.14470893	490076218.4392726	499962449.8261013	508416953.88194877	474996475.7424637	516448939.8906622
0.0188	506879859.32232076	477403958.331123	486597571.44527805	494317351.7651121	462938027.6900362	501929036.52365685
0.019	492059240.04087555	464804957.13154	473312908.63278174	480307543.08367115	450953506.43351245	487500949.79899055
0.0192	477358351.1178848	452296373.0129788	460127592.86513686	466408957.38365316	439058957.96296406	473187101.9170904
0.0194	462799026.44323283	439894157.3692711	447059382.39119923	452641443.9388664	427269274.26873237	459008264.27674204
0.0196	448401389.0971035	427613084.12965244	434124694.85275316	439023308.4472323	415598221.4911142	444983595.60979134
0.0198	434183896.2337073	415466781.60203254	421338643.11401606	425571353.8752159	404058470.67521024	431130684.4581796
0.02	420163388.0585956	403467766.4716269	408715073.8355113	412300924.86049503	392661630.7467985	417465595.37758595
0.0202	406355140.2674038	391627479.60468936	396266608.3563962	399225955.11836416	381418283.3486812	404002918.28892833
0.0204	392772919.354046	379956323.3304012	384004685.4777739	386359017.3327754	370338019.2004608	390755820.43596685
0.0206	379429040.2365627	368463699.8970115	371939605.7677754	373711375.0483024	359429475.6680909	377736100.44420457
0.0208	366334425.6885983	357158050.8208419	360080577.03695625	361293036.1142974	348700375.25257945	364954244.012785
0.021	353498667.1035499	346046896.86872613	348435760.6597111	349112807.2668654	338157564.72978044	352419480.80691856
0.0212	340930086.1566877	335136878.43573254	337012318.44384557	337178349.46787596	327807054.6951996	340139842.1533986
0.0214	328635796.9676121	324433796.10055125	325816459.7759961	325496233.6527925	317654059.28901166	328122219.1757024
0.0216	316621768.4013472	313942651.16067076	314853488.795254	314071996.57062984	307703035.8970367	316372421.0380287
0.0218	304892886.1808341	303667685.96833754	304127851.37094605	302910196.42959034	297957724.6431028	304895232.999123
0.022	293453014.5166463	293612423.9063176	293643181.6831194	292014468.0909192	288421187.5070574	293694474.0069392
0.0222	282305056.99121344	283779708.8595722	283402348.2257323	281387577.5811109	279095846.92059505	282773053.59392303
0.0224	271451016.464707	274171744.0551419	273407499.07288575	271031475.71877253	269983523.71003354	272133027.8599579
0.0226	260892053.79798925	264790130.15781528	263660106.26765049	260947350.6772092	261085474.27120358	261775654.3557987
0.0228	250628545.2145629	255635902.5234849	254161009.21107864	251135679.32704568	252402426.8766616	251701445.704031
0.023	240660138.14839256	246709567.52554452	244910456.94591922	241596277.22504193	243934617.02955547	241910221.81733865
0.0232	230985805.4476998	238011137.88221705	235908149.24534428	232328347.13560823	235681821.7916298	232401160.59506038
0.0234	221603897.82646856	229540166.92436385	227153276.4316786	223330525.99047658	227643393.02508962	223172846.9987526
0.0236	212512194.4754194	221295781.7541403	218644557.86373526	214600930.20951813	219818289.49937305	214223320.42574424
0.0238	203707951.76268357	213276715.25483868	210380279.04391384	206137199.32187474	212205107.82432216	205550120.3165279
0.024	195187949.97137427	205481336.92144677	202358327.30776978	197936537.84143144	204802112.18083602	197150329.94731855
0.0242	186948538.03675523	197907682.48986077	194576226.06932497	189995755.36423177	197607262.82885456	189020618.3732664
0.0244	178985676.2598373	190553482.35037497	187031167.60503104	182311304.86781257	190618243.3805076	181157280.50071585
0.0246	171294976.98699313	183416188.7380377	179720044.36802572	174879319.20361185	183832486.8334864	173556275.2785656
0.0248	163871743.25671154	176493001.69878325	172639478.83222345	167695645.78370085	177247200.36621284	166213262.00932586
0.025	156711005.4249073	169780893.8359247	165785851.87286168	160755879.47210914	170859388.90221322	159123634.7898899
0.0252	149807555.7893758	163276633.84666288	159155329.69644207	154055393.69905087	164665877.45630032	152282555.1004345
0.0254	143155981.2420799	156976808.86279607	152743889.3386187	147589369.82345104	158663332.27975678	145684982.5672871
0.0256	136750693.98505616	150877845.61380404	146547342.75352365	141352824.77539945	152848280.82574826	139325703.9321135
0.0258	130585960.35187455	144976030.4339635	140561359.5223112	135340637.01554182	147217130.5596832	133199360.2654226
0.026	124655927.78188524	139267528.13820833	134781488.2124442	129547570.85307088	141766186.6422614	127300472.46726656
0.0262	118954649.99894632	133748399.79403609	129203176.42240289	123968299.16788933	136491668.51549384	121623465.1021241
0.0264	113476110.45006292	128414619.41898751	123821789.54918501	118597424.58579773	131389725.4241184	116162688.61840986
0.0266	108214244.06240124	123262089.63505983	118632628.31816414	113429499.15822554	126456450.90657729	110912440.00586602
0.0268	103162957.37954743	118286656.3129304	113630945.11666448	108459042.60013717	121687896.2911141	105866981.946334
0.027	98316147.13971072	113484122.24005392	108811959.1739923	103680559.14135781	117080083.2336095	101020560.51512049
0.0272	93667717.35987617	108850259.84762314	104170870.63171068	99088553.04771516	112629015.33454803	96367421.49141079
0.0274	89211594.99073547	104380823.03202473	99702873.5486418	94677542.86912304	108330688.8730016	91901825.3369784
0.0276	84941744.20763172	100071558.10685584	95403167.88551064	90442074.4720994	104181102.69577906	87618060.90285987
0.0278	80852179.40276867	95918213.92177138	91266970.51429236	86376732.91423103	100176267.29992777	83510457.92371911
0.028	76936976.94360678	91916551.1844509	87289525.29724234	82476153.21782094	96312213.14662066	79573398.35937177
0.0282	73190285.76174712	88062351.02183267	83466112.28030199	78735030.09941573	92584998.24413586	75801326.64241464
0.0284	69606336.83570328	84351422.8164491	79792056.04508543	75148126.71113151	88990715.0371581	72188758.89012283
0.0286	66179451.62984399	80779611.35327867	76262733.26302154	71710282.44872463	85525496.6390225	68730291.13779785
0.0288	62904049.55045134	77342803.31196155	72873579.49442774	68416419.88018893	82185522.44279091	65420606.649564385
0.029	59774654.47835388	74036933.13858646	69620095.27439609	65261550.847366825	78967023.1462325	62254482.36129294
0.0292	56785900.43594055	70857988.3305035	66497851.52634872	62240781.79161952	75866285.22486666	59226794.50884925
0.0294	53932536.444607645	67802014.16680673	63502494.3430238	59349318.35307071	72879654.88625234	56332523.4933006
0.0296	51209430.62682724	64865117.916248254	60629749.17347453	56582469.29131045	70003541.5376697	53566758.03303653
0.0298	48611573.60509306	62043472.55341108	57875424.45342815	53935649.773757905	67234420.79826215	50924698.65102267
0.03	46134081.24800739	59333320.01299796	55235414.71507226	51404384.07613926	64568837.08558962	48401660.54361182
0.0302	43772196.811737224	56730974.01107955	52705703.211013585	48984307.73775761	62003405.8054031	45993075.875498354
0.0304	41521292.52301358	54232822.46111956	50282364.085816644	46671169.21243377	59534815.172293544	43694495.543546416
0.0306	39376870.64777616	51835329.511540875	47961564.127168894	44460831.054184444	57159827.687702686	41501590.45034649
0.0308	37334564.08749686	49535037.23053763	45739564.12735358	42349270.6748916	54875281.30061114	39410152.32648079
0.031	35390136.5431604	47328566.962776855	43612719.88434914	40332580.709418	52678090.275059715	37416094.13861309
0.0312	33539482.284843888	45212620.38156827	41577482.870515436	38406969.02183823	50565245.78750152	35515450.11866922
0.0314	31778625.562831007	43183980.25902621	39630400.59548293	36568758.38469647	48533816.2758435	33704375.44754985
0.0316	30103719.694226626	41239510.97569941	37768116.68853443	34814385.86147437	46580947.560913235	31979145.625024077
0.0318	28511045.857114565	39376158.790117055	35987370.724469244	33140401.920765862	44703862.759989366	30336155.555700377
0.032	26997011.622418325	37590951.88767905	34284997.81565802	31543469.30900184	42899862.010955654	28771918.37925277
0.0322	25558149.251805045	35881000.22733128	32657927.991756443	30020361.7069716	41166322.02459656	27283064.07141963
0.0324	24191113.788199555	34243495.20348889	31103185.387326986	28567962.193828598	39500695.4815314	25866337.84067007
0.0326	22892680.96376933	32675709.139729552	29617887.25644447	27183261.540769722	37900510.28930196	24518598.34387249
0.0328	21659744.94859043	31174994.629854158	28199242.832215816	25863356.355125234	36363368.714174524	23236815.742786605
0.033	20489315.961621433	29738783.74102377	26844552.048045393	24605447.094204515	34886946.40130088	22018069.621749315
0.0332	19378517.764091294	28364587.09281472	25551204.136410892	23406835.966903355	33468991.29599864	20859546.785526704
0.0334	18324585.05395009	27049992.825203646	24316676.119894348	22264924.73979614	32107322.478064194	19758538.95496649
0.0336	17324860.77864327	25792665.4676875	23138531.20822931	21177212.463212803	30799828.9202199	18712440.376806352
0.0338	16376793.38214206	24590344.720973704	22014417.114185132	20141293.131629683	29544468.181019396	17718745.362770572
0.034	15477934.000903565	23440844.161932193	20942064.300209366	19154853.291592903	28339265.041795723	16775045.771925334
0.0342	14625933.62223504	22342049.881790493	19919284.16688943	18215669.60933457	27182310.096529435	15879028.449155495
0.0344	13818540.21740365	21291919.066874117	18943967.193477828	17321606.409241147	26071758.30284411	15028472.6315776
0.0346	13053595.860758666	20288478.530542962	18014081.039944485	16470613.193383893	25005827.50169855	14221247.333708284
0.0348	12329033.845120773	19329823.204357877	17127668.619282532	15660722.15142598	23982796.912742294	13455308.721269034
0.035	11642875.80273779	18414114.595918383	16282846.148090314	14890045.669375237	23001005.611729123	12728697.48261982
0.0352	10993228.840209324	17539579.220256478	15477801.18279216	14156773.844857	22058850.995844543	12039536.205980888
0.0354	10378282.694938537	16704507.011134427	14710790.648229502	13459172.015833057	21154787.242294323	11386026.769814098
0.0356	9796306.91988079	15907249.718095077	13980138.864766318	12795578.30899303	20287323.765022676	10766447.753000451
0.0358	9245648.102619193	15146219.294632036	13284235.579492476	12164401.213387402	19455023.673978545	10179151.87075786
0.036	8724727.124108559	14419886.282399222	12621534.006586947	11564117.184259266	18656502.24092669	9622563.441598952
0.0362	8232036.461785549	13726778.195951354	11990548.881408935	10993268.281458918	17890425.375404134	9095175.89002428
0.0364	7766137.541146685	13065477.91210788	11389854.532425338	10450459.846294085	17155508.11405338	8595549.28908591
0.0366	7325658.139340586	12434622.067654075	10818082.974649925	9934358.22017328	16450513.126217738	8122307.946432989
0.0368	6909289.84380853	11832899.468739897	10273922.027867658	9443688.507942004	15774249.238363128	7674138.036967206
0.037	6515785.568531487	11259049.515003419	9756113.462539941	8977232.388385653	15125569.979589531	7249785.284785445
0.0372	6143957.130006516	10711860.641134702	9263451.175937273	8533825.973983157	14503372.150219094	6848052.696673738
0.0374	5792672.8846715065	10190168.778304935	8794779.400719993	8112357.721632674	13906594.415187966	6467798.3490325445
0.0376	5460855.429128991	9692855.837612279	8348990.947884792	7711766.395739609	13334215.923731064	6107933.22976157
0.0378	5147479.36418206	9218848.217443282	7925025.4857160095	7331039.0847530365	12785254.956628177	5767419.136309369
0.038	4851569.123386977	8767115.336411478	7521867.856120935	6969209.271958109	12258767.60207627	5445266.630796475
0.0382	4572196.866546942	8336668.193315489	7138546.429490369	6625354.961078456	11753846.461065663	5140533.052850857
0.0384	4308480.438316952	7926557.955355231	6774131.499005755	6298596.857011839	11269619.382966213	4852320.590548203
0.0386	4059581.3918599472	7535874.575655136	6427733.715112019	5988096.601813101	10805248.23187185	4579774.409625993
0.0388	3824703.077287892	7163745.44097014	6098502.560691317	5693055.065850001	10359927.684108527	4322080.840938845
0.039	3603088.794435051	6809334.050287427	5785624.867302601	5412710.693886796	9932884.05717893	4078465.62593944
0.0392	3394020.009346127	6471838.724889643	5488323.372698823	5146337.905699071	9523374.170299103	3848192.219806754
0.0394	3196814.6337143793	6150491.350308322	5205855.319693032	4893245.550686842	9130684.236573309	3630560.1516966633
0.0396	3010825.366375289	5844556.150471589	4937511.096317983	4652775.415832839	8754128.78675679	3424903.4414601787
0.0398	2835438.095847685	5553328.494235249	4682612.917108972	4424300.786246464	8393049.624467928	3230589.0720595946
0.04	2670070.3628155207	5276133.734382651	4440513.54523695	4207225.057441083	8046814.812633034	3047015.516812152
0.0402	2514169.881358031	5012326.079083047	4210595.055126093	4000980.398411126	7714817.690876549	2873611.320502361
0.0404	2367213.1176640103	4761287.4957127385	3992267.6351082404	3805026.464506367	7396475.92350759	2709833.7333286977
0.0406	2228703.924904602	4522426.646864769	3784968.4295930183	3618849.159041142	7091230.5776984	2555167.3965848666
0.0408	2098172.232889222	4295177.858303141	3588160.4201684035	3441959.442526986	6798545.2314023	2409123.0789213474
0.041	1975172.7910886176	4079000.118554793	3401331.3449901678	3273892.188376144	6517905.11051664	2271236.4619874065
0.0412	1859283.9635777283	3873376.1097756573	3223992.6557692206	3114205.0838906458	6248816.254759953	2141066.9742166987
0.0414	1750106.5744276587	3677811.2694781655	3055678.5116243856	2962477.575326149	5990804.711701693	2018196.6714907186
0.0416	1647262.802060253	3491832.88266263	2895944.8090318395	2818309.8558009584	5743415.75835672	1902229.1633922951
0.0418	1550395.1210695286	3314989.203856858	2744368.247072848	2681321.8948078984	5506213.1497351555	1792788.5837459927
0.042	1459165.290011008	3146848.6085343296	2600545.427156575	2551152.5080793267	5278778.3937205905	1689518.6041326062
0.0422	1373253.3836624993	2986998.7733524563	2464091.986375193	2427458.4665535265	5060710.051635961	1592081.4890609523
0.0424	1292356.8682669406	2835045.8846277255	2334641.76363331	2309913.643192689	4851623.063845876	1500157.1914806643
0.0426	1216189.7182794234	2690613.874443697	2211845.9976824857	2198208.1964088585	4651148.099736833	1413442.4873245694
0.0428	1144481.5731561233	2553343.6837707614	2095372.5561843438	2092047.7888640612	4458930.931412349	1331650.1477781967
0.043	1076976.9327414734	2422892.5519628986	1984905.1949217208	1991152.8404235435	4274631.830437881	1254508.1479860218
0.0432	1013434.389831932	2298933.3319858974	1880142.8462763818	1895257.8140568289	4097924.986970717	1181758.9109194565
0.0434	953625.8985190098	2181153.8307236163	1780798.9360935513	1804110.5334993778	3928497.950612422	1113158.585149448
0.0436	897336.0769409499	2069256.1737037927	1686600.728057987	1717471.5315078215	3766051.0923253624	1048476.3552869173
0.0438	844361.5431011029	1962956.1935816277	1597288.6947126517	1635113.4275639104	3610297.0867607547	987493.7838765548
0.044	794510.2824411631	1861982.84171884	1512615.9142596778	1556820.333905839	3460960.414352719	930004.1835535339
0.0442	747601.0458890998	1766077.6221967658	1432347.4922934894	1482387.288790668	3317776.882541402	875812.0182982815
0.0444	703462.7771342742	1674994.0476050493	1356260.0076278364	1411619.715917583	3180493.1654976327	824732.3326512412
0.0446	661934.0679156698	1588497.1159518114	1284140.9813916103	1344332.9089686475	3048866.3617322394	776590.2077773046
0.0448	622862.6401434626	1506362.8080468848	1215788.3685826168	1280351.5402514043	2922663.5689843497	731220.2432982521
0.045	586104.8537087071	1428377.6047169564	1151010.0712839873	1219509.1924558186	2801661.4757951084	688466.0638407934
0.0452	551525.2388709139	1354338.023219367	1089623.4727639805	1161647.912566647	2685645.969185861	648179.8492774984
0.0454	518996.05214829056	1284050.1722305603	1031454.9916969587	1106617.7870010538	2574411.7578729237	610221.8876679152
0.0456	488396.8546705611	1217329.3247951535	976339.6557608977	1054276.537070252	2467762.0104645807	574460.1499374376
0.0458	459614.11198915204	1153999.508632276	924120.6938847979	1004489.1338927967	2365508.0080997553	540769.8853616861
0.046	432540.81437428965	1093893.1132072057	874649.1464378064	957127.4319160085	2267468.8110018806	509033.2369544141
0.0462	407076.11666286853	1036850.5129882371	827783.4926705596	912069.8202305159	2173470.9384355354	479138.8758869731
0.0464	383124.9967549229	982719.7063210427	783389.294738142	869200.8908913158	2083348.061567904	450981.6540971815
0.0466	360597.93188999617	931355.9693656848	741338.8576531906	828411.1234866952	1996940.708751291	424462.27427498996
0.0468	339410.59186751035	882621.5245541974	701510.9045365099	789596.5852238924	1914095.982757289	399486.97644130775
0.047	319483.5484076055	836385.223040292	663790.2665519011	752658.6458275741	1834667.289507469	375967.2403651787
0.0472	300741.9998804026	792522.2406258977	628067.5869306152	717503.7065737151	1758514.0778595726	353819.50309249136
0.0474	283115.5106626039	750913.7866630562	594239.0385098831	684042.9428076062	1685501.5900222585	332964.89088713937
0.0476	266537.7644104335	711446.8254432238	562206.0542285233	652192.0593201504	1615500.6221852712	313328.96491250594
0.0478	250946.3305672941	674013.8095997189	531875.0700411128	621871.0579814794	1548387.2949655494	294841.480007582
0.048	236282.44345312245	638512.4250628033	503157.27973046165	593004.0170552375	1484042.8332833406	277436.1559378406
0.0482	222490.79331011767	604845.3471203543	475968.4011159482	565518.8816403564	1422353.3552953943	261050.46052603365
0.0484	209519.32870653155	572920.0071507561	450228.4531730128	539347.2647102245	1363209.6700255016	245625.40409260194
0.0486	197319.06972625613	542648.3696078821	425861.54359625245	514424.2582412985	1306507.0833450886	231105.34465905846
0.0488	185843.93139726823	513946.7188514107	402795.66635559226	490688.2539448882	1252145.211969136	217437.80339082176
0.049	175050.55683641142	486735.45542875346	380962.5088115144	468080.7731367289	1200027.8051447528	204573.28977829148
0.0492	164898.1596116048	460938.9014277586	360297.2679715031	446546.3052991639	1150062.5737214421	192465.13607660207
0.0494	155348.374845386	436485.1145320635	340738.47548565804	426032.15491039003	1102161.0263037723	181069.34054545048
0.0496	146365.11860563458	413305.7104234029	322227.8309947855	406488.2961340226	1056238.312198129	170344.41905060562
0.0498	137914.45515052072	391335.69318743946	304710.04345926736	387867.23498054285	1012213.0708763122	160251.26460827276
0.05	129964.47161507347	370513.293391629	288132.68011154654	370123.8785696834	970007.2876890977	150753.01447232347
0.0502	122485.15974637103	350779.8135153465	272446.02268919314	353215.41113977274	929546.1555732526	141814.92438257707
0.0504	115448.30431318108	332079.4804239866	257602.93061927127	337101.17646633525	890757.9425053787	133404.2496098346
0.0506	108827.37783394515	314359.3045898697	243558.71083797654	321742.56636786356	853573.8644655044	125490.13245018764
0.0508	102597.44128436802	297568.9457737587	230270.99394246226	307102.91499178484	817927.963682767	118043.49583735486
0.051	96735.05046248889	281660.58489133033	217699.61638418405	293147.3985880352	783756.9919443795	111036.94275734061
0.0512	91218.1677050496	266588.80179932964	205806.50842519285	279842.9404915539	751000.2987578867	104444.6611646682
0.0514	86026.07866424878	252310.4587462035	194555.58759048666	267158.1210482985	719599.7241650249	98242.33411380838
0.0516	81139.31386855562	238784.5892416823	183912.65736071925	255063.09223211883	689499.496013641	92407.05483314634
0.0518	76539.57480524151	225972.2921093863	173845.31086053757	243529.49671204778	660646.1315019259	86917.24648206722
0.052	72209.66427562136	213836.6304956134	164322.8393082113	232530.39114123862	632988.3428167512	81752.58634433585
0.0522	68133.42078676644	202342.53561645484	155316.1450023905	222040.17344997908	606476.94669516	76893.93422307807
0.0524	64295.6567556119	191456.71503398122	146797.65863153012	212034.51393589118	581064.7777450556	72323.26481422558
0.0526	60682.10031300793	181147.56526061814	138741.26070091184	202490.28995464873	556706.6053678434	68023.60384637096
0.0528	57279.34050634882	171385.08849892564	131122.20688122362	193385.52402432763	533359.0541323079	63978.96778556564
0.053	54074.775709971356	162140.8133317835	123917.05709131251	184699.32516579927	510980.52745515836	60174.30691369687
0.0532	51056.56506258394	153387.71918558446	117103.60813610145	176411.83331050962	489531.13444976025	56595.45159874795
0.0534	48213.58276057704	145100.1643962978	110660.8297286546	168504.16661545512	468972.6198102422	53229.06158446158
0.0536	45535.375045185705	137253.81771533834	104568.80373309413	160958.37153327692	449268.2966037564	50062.57813572205
0.0538	43012.119730166945	129825.59309895479	98808.66647245482	153757.3754931204	430382.9818489775	47084.17888436464
0.054	40634.58812490526	122793.58763140872	93362.55395265899	146884.94205524467	412282.934763991	44282.73522811328
0.0542	38394.10921572204	116137.0224385447	88213.54986061066	140325.62840940306	394935.79757168447	41647.7721429778
0.0544	36282.535975618026	109836.18645441307	83345.6362009145	134064.74509365967	378310.53875538637	39169.43027669193
0.0546	34292.213679775494	103872.38290949937	78743.64644200499	128088.31781668637	362377.3986620772	36838.43019769747
0.0548	32415.9501108716	98227.87841472102	74393.22104843787	122383.05127260665	347107.8373547656	34646.0386807498
0.055	30646.987544650667	92885.85452080567	70280.76528185671	116936.29484321711	332474.48461981036	32584.03691648981
0.0552	28978.976412264223	87830.36163787384	66393.40915863372	111736.01008788355	318451.0920389459	30644.69053827903
0.0554	27405.950541637627	83046.27520506775	62718.96945744437	106770.73992659547	305012.4870395496	28820.721365257305
0.0556	25922.303885581387	78519.2540048938	59245.91367507157	102029.57942662171	292134.52884040325	27105.28076596824
0.0558	24522.768649528916	74235.70052157565	55963.325833544186	97502.1481078832	279794.06621364027	25491.92455200893
0.056	23202.39473668744	70182.72324717088	52860.87404632479	93178.56368663622	267968.89698698925	23974.589316023765
0.0562	21956.530433024425	66348.1008434719	49928.7797556564	89049.4171812768	256637.7292135899	22547.57013297319
0.0564	20780.804258909433	62720.24807180977	47157.78855738369	85105.7493081057	245780.1439397676	21205.499547989944
0.0566	19671.107918392314	59288.18340682169	44539.14253358693	81339.02809870905	235376.55950410647	19943.327778295326
0.0568	18623.58028103273	56041.49825400552	42064.554017197166	77741.12767421817	225408.19730395486	18756.304060589482
0.057	17634.592334925717	52970.327694511136	39726.18071643189	74304.30811516242	215857.04896824816	17639.95907907544
0.0572	16700.733053087413	50065.32268408196	37516.60213038561	71021.19636886963	206705.84487808368	16590.08841282319
0.0574	15818.796118700508	47317.6236363803	35428.79719044613	67884.76813947037	197938.0239789912	15602.736944545111
0.0576	14985.76745786663	44718.835324125976	33456.12306540227	64888.33070848183	189537.70483120397	14674.184176045532
0.0578	14198.813531490028	42261.00303450652	31592.29507113247	62025.50663672696	181489.6578465108	13800.930398623983
0.058	13455.270340730318	39936.58991826211	29831.367628680746	59290.2183009742	173779.27866244788	12979.683669581667
0.0582	12752.633103117225	37738.45547462066	28167.716217273784	56676.67322117438	166392.56260666938	12207.347548685695
0.0584	12088.546558930775	35659.8351169493	26596.020271478905	54179.350136535264	159316.0802063309	11481.009551018486
0.0586	11460.795869817717	33694.320766539946	25111.246974208592	51792.9857909093	152536.95369922812	10797.930275067869
0.0588	10867.298073850878	31835.84242439764	23708.635899671975	49512.562390087965	146042.83450525303	10155.533167215532
0.059	10306.094063348908	30078.65067324524	22383.684462656114	47333.29569560671	139821.88161849263	9551.394885959782
0.0592	9775.34105376247	28417.30006418904	21132.134132686533	45250.62372155646	133862.74088194425	8983.236231266685
0.0594	9273.305513812516	26846.633344640348	19949.957373691876	43260.19600270479	128154.52510844856	8448.913606395257
0.0596	8798.356528834986	25361.766486125605	18833.34527176166	41357.86340392423	122686.79501294957	7946.410981383293
0.0598	8348.95957095634	23958.07447257845	17778.6958154657	39539.66844254104	117449.54092267144	7473.832329124705
0.06	7923.670651298189	22631.17781157137	16782.60279498667	37801.836096742125	112433.16523320321	7029.3945066164815
0.0602	7521.130830890985	21376.929732729426	15841.84528801669	36140.765074617026	107628.46557981499	6611.42055551052
0.0604	7140.061068375409	20191.40403927418	14953.377701987409	34553.0195197828	103026.61869463068	6218.333397578461
0.0606	6779.257383884923	19070.88358026904	14114.320343738214	33035.32113082458	98619.16492149355	5848.649902087088
0.0608	6437.586319744107	18011.84931269534	13321.950489194796	31584.541673013086	94397.99336155683	5500.975303397478
0.061	6113.980679783592	17010.969923965135	12573.693927017695	30197.695861910208	90355.3276237411	5173.997948340487
0.0612	5807.435530172504	16065.091986895994	11867.116951507845	28871.934599570952	86483.71215528964	4866.4843540947295
0.0614	5517.004445703595	15171.230620520797	11199.918781313141	27604.538545083076	82775.99912868335	4577.274558399321
0.0616	5241.7959864400655	14326.56063139308	10569.924381676947	26392.912002161593	79225.33586215782	4305.27774497895
0.0618	4980.970390549882	13528.408111277671	9975.077669107513	25234.577107444115	75825.15275202294	4049.468128045354
0.062	4733.736470014886	12774.24246828655	9413.435078427878	24127.168304002815	72569.15169587739	3808.8810806702186
0.0622	4499.348696713982	12061.66886963818	8883.159473194493	23068.42708542062	69451.29498669047	3582.6094927036825
0.0624	4277.104467141647	11388.42107528244	8382.514381448525	22056.196996557035	66465.79465854232	3369.8003447414676
0.0626	4066.341534740947	10752.354642648072	7909.858539691485	21088.41887787118	63607.102265614696	3169.6514854259185
0.0628	3866.435599504766	10151.440483738625	7463.640728859377	20163.12634086846	60869.89907678605	2981.408600104737
0.063	3676.7980451326794	9583.75875672278	7042.39488690545	19278.44146289693	58249.08666890702	2804.362359566669
0.0632	3496.8738146273704	9047.49307504504	6644.735483397947	18432.57069014633	55739.777902537055	2637.8457382303245
0.0634	3326.1394157745844	8540.925017918675	6269.353142293947	17623.80093829289	53337.28826458694	2481.2314917813237
0.0636	3164.10104847699	8062.428926861173	5915.010499768222	16850.495880792478	51037.12756295467	2333.9297848366878
0.0638	3010.2928464068505	7610.466973689405	5580.5382846555085	16111.092415351888	48834.99195885071	2195.3859597654146
0.064	2864.275225907464	7183.58448611838	5264.831609713488	15404.097299609937	46726.756323102876	2065.0784383137216
0.0642	2725.633335509298	6780.40551779239	4966.846462525013	14728.083947530049	44708.466903285866	1942.5167481715193
0.0644	2593.9755998372443	6399.628650235179	4685.596385442352	14081.689378455341	42776.33428906652	1827.2396670782477
0.0646	2468.932352069828	6040.023014828721	4420.149334528247	13463.61131119685	40926.72666366424	1718.813477500088
0.0648	2350.1545494733477	5700.424523524603	4169.624707973761	12872.605395928185	39156.16332982919	1616.8303253200888
0.065	2237.3125668727907	5379.732297557129	3933.190534970576	12307.482577035538	37461.30849920835	1520.9066763681353
0.0652	2130.0950632403456	5076.905283964875	3710.060816487718	11767.106580430107	35838.96533442627	1430.6818649810145
0.0654	2028.207916881237	4790.959050239765	3499.4930098512186	11250.391519168294	34286.070233642764	1345.816729125037
0.0656	1931.373224977478	4520.962747909273	3300.7856494502444	10756.299611544227	32799.68734776599	1265.9923269360152
0.0658	1839.328363513465	4266.036236320764	3113.2760962966654	10283.839006122074	31377.003320900098	1190.908729834932
0.066	1751.825103854623	4025.347358337232	2936.338409547442	9832.061708461037	30015.322244988336	1120.283887663537
0.0662	1668.6287824822944	3798.1093600734075	2769.3813334625443	9400.06160455749	28712.060819981838	1053.8525615534477
0.0664	1589.5175206057054	3583.578447198715	2611.846393614591	8986.972576284159	27464.743711215167	991.365320495673
0.0666	1514.2814905759628	3381.051470713336	2463.206096493343	8591.966704348677	26270.999096007195	932.5875978163456
0.0668	1442.7222262185865	3189.8637354632215	2322.9622269571787	8214.252554522976	25128.55439182926	877.2988039890428
0.067	1374.6519743808321	3009.3869250027515	2190.6442382773253	7853.073543112779	24035.232158695027	825.2914924257407
0.0672	1309.8930851584114	2839.027136739154	2065.807729798741	7507.706377840747	22988.94616872097	776.3705750875536
0.0674	1248.2774384243166	2678.2230216019684	1948.0330075050047	7177.459570512033	21987.697636093762	730.3525849438191
0.0676	1189.6459044306373	2526.444022775329	1836.9237230249034	6861.672018014668	21029.571600953816	687.0649824846372
0.0678	1133.8478363932377	2383.188708309741	1732.1055868549277	6559.7116483816835	20112.73346096662	646.3455036579085
0.068	1080.7405930993957	2247.983192696157	1633.2251517968955	6270.974128806657	19235.425644605253	608.0415467583132
0.0682	1030.1890897007781	2120.3796427368084	1539.9486628223158	5994.8816326608885	18395.96442040916	572.0095959426262
0.0684	982.0653749685011	1999.9548632872138	1451.9609697770204	5730.881662707836	17592.73683671435	538.1146791841845
0.0686	936.2482333946313	1886.3089586715655	1368.9644995308129	5478.445927851658	16824.197786575267	506.2298586096003
0.0688	892.6228106249064	1779.064065789585	1290.6782843577132	5237.06927088826	16088.86719280817	476.2357512832132
0.069	851.0802608019636	1677.863155138497	1216.8370435041463	5006.26864485384	15385.327308292068	448.0200786201141
0.0692	811.5174144867958	1582.3688961689345	1147.1903150650478	4785.582135685125	14712.220126859962	421.47724271702043
0.0694	773.8364659090196	1492.262583578489	1081.5016354416982	4574.568029018085	14068.244900299444	396.50792799225485
0.0696	737.9446783742878	1407.243121322672	1019.5477638011128	4372.80391905936	13452.155757163622	373.0187266220696
0.0698	703.754106730002	1327.0260612899838	961.1179490950451	4179.885857565953	12862.759419265856	350.92178635084775
0.07	671.1813358587488	1251.3426937463266	906.0132373275642	3995.427541065154	12298.913011898243	330.13447933761495
0.0702	640.1472342328693	1179.9391868041714	854.0458168839954	3819.059534537764	11759.521963973053	310.57909078112107
0.0704	610.5767216235397	1112.5757723152906	805.0383998518469	3650.4285298745053	11243.537994439672	292.18252614098753
0.0706	582.398550113895	1049.0259757206345	758.8236373750206	3489.196637497153	10749.957181475469	274.8760358428994
0.0708	555.5450976184945	989.0758875203719	715.2435671885017	3335.0407096145473	10277.818111091805	258.59495642245133
0.071	529.9521731606768	932.5234741485057	674.1490915799701	3187.6516936567923	9826.2001019295	243.27846712459268
0.0712	505.5588332056667	879.1779261528307	635.3994841195894	3046.734014501506	9394.221503149027	228.8693610344964
0.0714	482.30720839067135	828.8590416904809	598.8619235883584	2912.004984172606	8981.038062445487	215.31382987085522
0.0716	460.142340033776	781.3966434540149	564.4110536203675	2783.194237755036	8585.841361337152	202.56126162466754
0.0718	439.0120258415737	736.6300272414529	531.9285666541472	2660.0431943290655	8207.857314991717	190.56405027534322
0.072	418.8666742711251	694.4074404778977	501.3028108644467	2542.3045417846492	7846.344733964269	179.2774168619981
0.0722	399.6591670353031	654.5855890851972	472.4284188174953	2429.7417444304883	7500.593945326861	168.65924123097417
0.0724	381.3447292719235	617.0291711804821	445.2059566607706	2322.128572363829	7169.925470770949	158.6699038212422
0.0726	363.8808069264371	581.6104361646385	419.5415927227788	2219.2486516158456	6853.688759361367	149.27213688757482
0.0728	347.2269509255033	548.2087678375328	395.3467844591702	2120.895034133867	6551.2609727140925	140.43088459726397
0.073	331.34470774457725	516.7102902489472	372.5379827392718	2026.8697867057892	6262.045820459701	132.11317146995444
0.0732	316.19751599683406	487.0074950622841	351.0363525215876	1936.9835979739282	5985.472443940638	124.28797866188137
0.0734	301.75060869344594	458.9988892730484	330.7675090186221	1851.0554027254445	5720.994346173221	116.92612762569732
0.0736	287.9709208464656	432.5886621852059	311.6612685000737	1768.9120226842263	5468.08836618429	110.00017070508122
0.0738	274.82700210553594	407.68637060697165	293.6514129298991	1690.3878230653522	5226.253695909321	103.48428824976729
0.074	262.2889341383079	384.20664128249075	276.675467676357	1615.324384187318	4995.010937911302	97.35419186138897
0.0742	250.32825248197776	362.06888962827946	260.674491575649	1543.5701874699048	4773.901202250313	91.58703340387937
0.0744	238.91787260979038	341.1970538928119	245.5928786689528	1474.9803151765602	4562.4852409010255	86.16131943409421
0.0746	228.0320199717532	321.5193439045246	231.3781709696716	1409.4161632896553	4360.342618180114	81.0568307289149
0.0748	217.64616378325834	302.9680036181161	217.9808816528781	1346.7451669350778	4167.070915707687	76.25454660449492
0.075	207.7369543488591	285.4790867110616	205.35432809203792	1286.8405377993465	3982.284970486515	71.73657374149747
0.0752	198.2821637211537	268.9922445223531	193.45447419958495	1229.5810130078635	3805.616144740043	67.48607924733116
0.0754	189.26062950665562	253.45052566317025	182.2397815575102	1174.8506149571758	3636.711626205244	63.48722770245036
0.0756	180.65220164171052	238.8001866652304	171.67106885234224	1122.5384216171963	3475.23375762909	59.725121952960976
0.0758	172.43769197200496	224.99051306637344	161.71137915535408	1072.538346841239	3320.8593942679818	56.18574742596182
0.076	164.5988264790712	211.97365036528328	152.32585461407453	1024.7489302427634	3173.2792882382914	52.85591975746039
0.0762	157.11820000642496	199.70444430761702	143.48161814487477	979.0731362176309	3032.1974986128994	49.723235535247824
0.0764	149.9792333466247	188.1402899947643	135.14766173893025	935.4181617095726	2897.330826202936	46.776025970952034
0.0766	143.16613255871158	177.24098933379565	127.29474101511565	893.6952523348748	2768.408272007727	44.00331332659632
0.0768	136.6638503930992	166.96861637307168	119.89527567350206	853.819526499389	2645.170518356598	41.39476993143514
0.077	130.45804970816562	157.2873900925109	112.92325552213993	815.7098071574898	2527.3694318061425	38.94067963465731
0.0772	124.53506876953251	148.16355424075633	106.35415176780023	779.2884608783069	2414.7675868945807	36.63190154877802
0.0774	118.88188832933434	139.56526383350214	100.16483327836771	744.4812438994683	2307.1378098912796	34.459835947224
0.0776	113.48610038872313	131.4624779480377	94.33348754063536	711.2171548629098	2204.262741714675	32.41639218776441
0.0778	108.33587855242979	123.82685846882933	88.83954605248199	679.428293940875	2105.9344192254466	30.493958541118623
0.078	103.4199498894388	116.63167445760823	83.66361390277135	649.0497280732056	2011.9538741340364	28.685373811274246
0.0782	98.72756821876315	109.85171183914157	78.78740330592653	620.0193620494375	1922.1307487927554	26.983900640833582
0.0784	94.24848874392916	103.4631881105674	74.19367087095938	592.277815181009	1836.2829281724257	25.383200401070177
0.0786	89.97294396412451	97.44367179805835	69.86615839691409	565.7683033201458	1754.2361873519865	23.877309572376717
0.0788	85.891620794054	91.77200639953035	65.7895369981382	540.4365259927592	1675.8238538770077	22.460617526406068
0.079	81.99563882839213	86.4282385663587	61.9493543736874	516.2305584229863	1600.8864843694253	21.1278456265134
0.0792	78.27652969032796	81.39355029045387	58.331985045405474	493.1007482367557	1529.2715547959176	19.874027568074283
0.0794	74.72621740709982	76.65019487579028	54.924583398939	470.9996166411513	1460.8331638267096	18.694490884938396
0.0796	71.33699975861187	72.18143648550716	51.71503937111523	449.88176388527	1395.4317487397998	17.58483955267673
0.0798	68.10153054823138	67.9714930670902	48.69193663578036	429.7037788167991	1332.9338133479514	16.54093762341628
0.08	65.01280274769634	64.0054824689059	45.84451314838187	410.42415235669813	1273.2116674472393	15.558893830942385
0.0802	62.064132470718754	60.26937157157367	43.16262391733435	392.003194722108	1216.1431773063998	14.6350471084086
0.0804	59.24914373238804	56.74992826729355	40.63670587751754	374.40295623512213	1161.6115267361824	13.765952964428127
0.0806	56.561753953822944	53.43467612937493	38.25774474817338	357.58715156205545	1109.5049882965684	12.948370666553146
0.0808	53.996160173754774	50.311851622855976	36.01724376401142	341.5210872347088	1059.7167042181195	12.17925118418842
0.081	51.54682593080836	47.3703637152518	33.90719417449626	326.17159231154875	1012.1444766309947	11.45572584583859
0.0812	49.20846878222559	44.59975575422055	31.920047412144232	311.5069520429636	966.6905667120407	10.775095668279665
0.0814	46.97604842662696	41.99016948622102	30.04868883615539	297.49684441062396	923.261502376293	10.134821317765562
0.0816	44.844755400161475	39.53231109716808	28.28641296293263	284.11227941666476	881.7678941547084	9.532513665759506
0.0818	42.810000317041776	37.21741916261199	26.626900099950486	271.3255410037904	842.1242589146889	8.965924903908602
0.082	40.867403627018724	35.037234401172356	25.064194304104323	259.1101314925755	804.2488510941555	8.432940185084256
0.0822	39.012785863815154	32.98397113078411	23.592682590050558	247.4407184271728	768.063501133534	7.931569759280048
0.0824	37.24215835991962	31.050290332860197	22.207075318214176	236.29308372533927	733.4934608030112	7.459941575018882
0.0826	35.55171440445152	29.229274234696334	20.902387696056707	225.64407503324355	700.4672551350716	7.01629431866452
0.0828	33.93782082203201	27.514402325391284	19.673922329906397	215.47155918977742	668.91654068416	6.598970865674559
0.083	32.39700995176412	25.89952872523092	18.517252768153643	205.75437770926607	638.7759698469966	6.206412119375017
0.0832	30.925972006516304	24.378860832907744	17.428207979923634	196.47230419537541	609.9830609879967	5.83715121428853
0.0834	29.52154779374467	22.94693917912591	16.40285771646212	187.60600360282174	582.478074124964	5.489808062412627
0.0836	28.180721780061067	21.59861841909037	15.43749870541926	179.13699326705944	556.2038919402875	5.163084222127192
0.0838	26.900615482683563	20.329049400124006	14.528641631011011	171.04760562560347	531.1059058927277	4.855758070619328
0.084	25.67848117177207	19.133662244174417	13.672998855660971	163.320952557906	507.1319072141235	4.566680261845661
0.0842	24.511695868482565	18.00815038832538	12.86747284122329	155.94089127389654	484.2319825844384	4.2947694531229645
0.0844	23.39775562434847	16.94845552957029	12.109145230226746	148.8919916842881	462.3584142870947	4.039008284438787
0.0846	22.33427006833466	15.950753423097481	11.395266549805626	142.15950518863707	441.46558465479734	3.7984395955200734
0.0848	21.31895720860964	15.011440486148581	10.723246503072605	135.72933481992857	421.50988462403905	3.572162866583856
0.085	20.349638476734874	14.127121162182865	10.090644814672796	129.5880066870661	402.4496262239623	3.359330869530844
0.0852	19.42423400259832	13.294596002590218	9.495162599120519	123.72264265919934	384.2449588326267	3.159146517126136
0.0854	18.540758109005203	12.51085042558198	8.934634222290013	118.12093423821977	366.85778904064347	2.970859898451547
0.0856	17.697315015399973	11.77304411413375	8.407019628094586	112.77111756808331	350.251703968886	2.7937654896078543
0.0858	16.892094740719077	11.078501016978729	7.910397103961696	107.66194953181439	334.39189789335313	2.6271995292985526
0.086	16.123369195876688	10.424699918660197	7.442956460198627	102.78268488918029	319.2451020364703	2.4705375495417794
0.0862	15.38948845685611	9.80926554654642	7.002992599744259	98.12305441002724	304.77951738994443	2.323192052334544
0.0864	14.688877209831627	9.229960184505302	6.588899456127916	93.67324396023248	290.96475044002517	2.184610323637442
0.0866	14.020031360167554	8.684675764627105	6.1991642787049095	89.42387449906084	277.77175167138415	2.054272376558852
0.0868	13.381514797545504	8.171426409986974	5.8323622454212405	85.36598294849817	265.1727567310585	1.9316890160994484
0.087	12.771956309851966	7.688341402945368	5.487151384470972	81.49100389682907	253.14123013887806	1.8164000182691364
0.0872	12.190046638820085	7.233658554917403	5.162267787265303	77.79075210035069	241.6518114355748	1.7079724168153225
0.0874	11.634535670762855	6.805717954886131	4.856521096122424	74.25740574867103	230.68026366436277	1.6059988912006455
0.0876	11.104229756059247	6.40295607521142	4.568790251026568	70.88349046052242	220.20342408614664	1.5100962498455124
0.0878	10.597989151364882	6.023900214488409	4.298019480689074	67.66186397845348	210.19915703275902	1.4199040030047856
0.088	10.114725578809745	5.667163258345239	4.0432145239790245	64.58570153211512	200.6463088066254	1.335083019980992
0.0882	9.653399896725093	5.331438740144491	3.8034390685805555	61.64848184117091	191.52466453915935	1.2553142656902077
0.0884	9.213019876702955	5.015496184564687	3.5778113944768846	58.84397373009682	182.81490692385384	1.1802976118912043
0.0886	8.792638082044377	4.718176717997464	3.3655012105648883	56.166223328343975	174.49857674363417	1.109750718666297
0.0888	8.39134984288812	4.438388930597492	3.1657266733652083	53.60954183047016	166.55803511540586	1.043407982002647
0.089	8.008291323538032	4.175104975678724	2.9777515774206096	51.168493791944464	158.9764273780115	0.9810195435689387
0.0892	7.642637677721381	3.9273568929537332	2.8008827075636216	48.83788593737583	151.73764855293211	0.9223503590125672
0.0894	7.293601287713785	3.6942331428766844	2.63446734379373	46.612756458917076	144.8263103100665	0.867179321320362
0.0896	6.960430083460033	3.4748753400670127	2.4778909100286812	44.488364783557294	138.22770937379417	0.815298435989744
0.0898	6.642405938003258	3.268475174470535	2.330574758491542	42.46018178892887	131.92779730727182	0.7665120449497566
0.09	6.338843135710278	3.074271509555065	2.1919740819632247	40.52388044813952	125.91315161556159	0.720636096352246
0.0902	6.049086909946425	2.8915476474423185	2.06157594657203	38.67532688497668	120.17094811070847	0.6774974575236263
0.0904	5.772512047010972	2.719628751448803	1.9388974382086503	36.91057182163616	114.68893448430144	0.6369332685277772
0.0906	5.5085215532944165	2.5578794170473325	1.8234839160484664	35.225842401898376	109.4554050353757	0.5987903339412459
0.0908	5.256545382761865	2.4057013827699927	1.714907367034446	33.617534373413214	104.45917650374054	0.5629245505837431
0.091	5.016039222001986	2.262531373052823	1.6127648555235623	32.08220461345788	99.68956496093399	0.5292003690800746
0.0912	4.786483330210474	2.127839065476816	1.5166770626308155	30.616563983208646	95.13636371305448	0.4974902872553386
0.0914	4.567381431599643	2.0011251752866657	1.426286910115889	29.217470496212922	90.78982217166566	0.4676743734830074
0.0916	4.358259657842996	1.8819196504735267	1.3412582639522996	27.881922787368435	86.64062565085217	0.4396398182168041
0.0918	4.1586655382742626	1.7697799710882696	1.2612747129956445	26.60705386930421	82.67987605028118	0.41328051204155186
0.092	3.9681670356668794	1.66428954681223	1.186038418429866	25.390125163628294	78.8990733858548	0.3884966486766743
0.0922	3.786351625520673	1.5650562071513598	1.115269029916938	24.2285207950492	75.29009813118184	0.3651943514584022
0.0924	3.612825416878018	1.4717107789402395	1.0487026646083992	23.11974213689364	71.84519433466298	0.3432853219138092
0.0926	3.447212312783483	1.3839057461447597	0.986090945396892	22.06140259704226	68.55695347849941	0.32268650912171876
0.0928	3.289153208588354	1.3013139872375674	0.9272000949930655	21.05122263378214	65.418299047386	0.30331979863256103
0.093	3.1383052263834235	1.2236275856893064	0.8718100826085056	20.087024991523993	62.42247177601635	0.28511171979172484
0.0932	2.994340983923417	1.1505567093729336	0.8197138202098754	19.166730146773915	59.56301554587227	0.2679931703792143
0.0934	2.8569478964809725	1.081828554917945	0.7707164054832639	18.288351955161236	56.83376390302578	0.2518991575426004
0.0936	2.725827510140001	1.0171863532773304	0.7246344088116431	17.449993490724914	54.228827169901905	0.23676855406062314
0.0938	2.600694865106768	0.9563884329835449	0.6812952017230915	16.649843069042905	51.74258012511822	0.22254386903166928
0.094	2.4812778876816495	0.8992073377708827	0.6405363244132015	15.886170446151723	49.36965022662235	0.20917103213479452
0.0942	2.367316809597012	0.8454289954315877	0.6022048900826876	15.15732318555522	47.10490635442506	0.19659919066129591
0.0944	2.2585636134856935	0.794851934952155	0.5661570239609478	14.461723185955659	44.94344805024576	0.18478051856219513
0.0946	2.1547815033007343	0.7472865491450212	0.5322573350084975	13.797863362658566	42.880595232362325	0.17367003680149723
0.0948	2.0557443985608854	0.7025544001504986	0.5003784184067422	13.16430447591014	40.91187836489615	0.16322544434707761
0.095	1.961236451347911	0.6604875653339312	0.4704003870521713	12.559672099720425	39.03302906166555	0.15340695917045277
0.0952	1.8710515850299914	0.6209280212447819	0.44221043037457086	11.982653725002306	37.23997110558774	0.1441771686637952
0.0954	1.7849930537327496	0.5837270634383902	0.4157023988957549	11.431995991128645	35.52881186544421	0.13550088891754766
0.0956	1.7028730216234327	0.5487447600869548	0.3907764130362555	10.906502040263753	33.8958340926027	0.12734503233478742
0.0958	1.624512161116323	0.515849437425372	0.3673384947634664	10.405028989072312	32.33748808104592	0.11967848308944325
0.096	1.5497392691479757	0.48491719518986154	0.3453002207558418	9.926485512644314	30.85038417477988	0.1124719799645955
0.0962	1.4783909007091813	0.4558314503128974	0.324578395834014	9.469829535697958	29.431285607380048	0.10569800613442343
0.0964	1.4103110188575843	0.42848250723794973	0.3050947454818755	9.034066026339163	28.077101659099625	0.09933068547918189
0.0966	1.3453506604699703	0.4027671533114887	0.2867756263484735	8.618244887862161	26.784881117595706	0.09334568504680305
0.0968	1.2833676170265418	0.37858827779849485	0.26955175368563605	8.221458944271527	25.551806028931807	0.08772012329755229
0.097	1.224226129751596	0.35585451315131683	0.25335794473654916	7.842842015395292	24.375185726096824	0.08243248378962324
0.0972	1.167796598465614	0.33447989724076765	0.23813287714750692	7.481567077639967	23.252451122837794	0.07746253398379772
0.0974	1.113955303532559	0.31438355533247525	0.22381886152850486	7.136844506608682	22.181149261128166	0.07279124886425017
0.0976	1.062584140314297	0.2954894006618508	0.21036162733904298	6.807920397971106	21.15893810110834	0.06840073909051583
0.0978	1.013570365570333	0.2777258525270846	0.19771012132309887	6.494074963130159	20.183581542816967	0.06427418341245913
0.098	0.9668063552664118	0.2610255708818562	0.18581631776209967	6.194620996382144	19.252944669498195	0.060395765095907
0.0982	0.9221893732797691	0.2453252064683257	0.17463503985711967	5.908902410411916	18.364989202716682	0.056750612121542
0.0984	0.8796213505116902	0.2305651655862946	0.16412379159137114	5.6362928371019825	17.517769159935337	0.05332474093366021
0.0986	0.8390086739401962	0.21668938864666668	0.1542425994616613	5.3761942907676215	16.70942670562125	0.050105003528599174
0.0988	0.8002619851666518	0.20364514170662323	0.1449538635029562	5.128035891056542	15.938188187335097	0.04707903768507382
0.099	0.7632959880300642	0.19138282023026618	0.13622221706353674	4.891272642872132	15.20236034863099	0.04423522015032844
0.0992	0.728029264882037	0.17985576436228115	0.12801439481974036	4.665384270795444	14.500326710952022	0.041562622607022995
0.0994	0.6943841011337148	0.16902008504340552	0.1202991085489335	4.449874105592484	13.830544117050335	0.03905097025611901
0.0996	0.6622863177032862	0.15883450033530985	0.11304693020728047	4.244268020497844	13.191539428783267	0.03669060286075919
0.0998	0.6316651110095439	0.14926018135919672	0.10623018188525178	4.048113415068826	12.58190637245514	0.0344724381053116
0.1	0.6024529001727031	0.14026060728690218	0.0998228322385997	3.8609782444997656	12.000302525169632	0.03238793713236176
