0.0	0.0	0.0	0.0	0.0	0.0	0.0
0.0002	1.1607769512405665e-21	6.224790840992199e-17	3.725944890635439e-19	3.6934603915966415e-18	3.8070121636043146e-23	2.804374096459087e-13
0.0004	9.286205898854462e-21	4.979821125369065e-16	1.4903778836236728e-18	1.4773840212023763e-17	1.5228048534912847e-22	1.1217445397332295e-12
0.0006000000000000001	3.1340912133806604e-20	1.680685732565263e-15	3.35335007473464e-18	3.3241137429737457e-17	3.426310893466899e-22	2.5239137420385018e-12
0.0008	7.42894918139583e-20	3.9838384244800065e-15	5.9615109534507095e-18	5.909535001319413e-17	6.091219318361612e-22	4.486937368407794e-12
0.001	1.4509651196414353e-19	7.780916380086944e-15	9.314860410826157e-18	9.233647593085065e-17	9.517530110249767e-22	7.010807770756702e-12
0.0012000000000000001	2.507265104762449e-19	1.3445392327032755e-14	1.3413398337915267e-17	1.3296451315116427e-16	1.3705243251205699e-21	1.0095517301070355e-11
0.0014	3.9814399610926995e-19	2.1350735528825068e-14	1.825712462577233e-17	1.8097945964259233e-16	1.865435872330375e-21	1.37410583114034e-11
0.0016	5.943134484894275e-19	3.187041178485255e-14	2.3846039165451673e-17	2.36381313373593e-16	2.436487650861825e-21	1.7947423153880027e-11
0.0018000000000000002	8.461993181102036e-19	4.5377883430405003e-14	3.0180141848007587e-17	2.9917007231262456e-16	3.0836796589223566e-21	2.2714604180693934e-11
0.002	1.160766026332437e-18	6.224660933669337e-14	3.725943256449442e-17	3.6934573442814556e-16	3.807011894719401e-21	2.8042593744108345e-11
0.0022	1.544977965384397e-18	8.285004491087e-14	4.508391120596651e-17	4.469082976886153e-16	4.6064843564603936e-21	3.3931384196456045e-11
0.0024000000000000002	2.0057994983618587e-18	1.0756164209604841e-13	5.365357766347817e-17	5.318577600624931e-16	5.482097042352769e-21	4.038096789013929e-11
0.0026000000000000003	2.5501949592281785e-18	1.367548493713238e-13	6.296843182808381e-17	6.241941195182385e-16	6.43384995060396e-21	4.739133717762992e-11
0.0028	3.1851286528143683e-18	1.7080311175179264e-13	7.302847359083775e-17	7.239173740243119e-16	7.461743079421403e-21	5.4962484411469205e-11
0.003	3.917564854819181e-18	2.100798707885733e-13	8.383370284279444e-17	8.310275215491739e-16	8.565776427012528e-21	6.309440194426808e-11
0.0032	4.754467811809173e-18	2.549585645688254e-13	9.538411947500822e-17	9.455245600612852e-16	9.745949991584773e-21	7.178708212870686e-11
0.0034000000000000002	5.7028017412187946e-18	3.0581262771577096e-13	1.0767972337853349e-16	1.0674084875291076e-15	1.1002263771345576e-20	8.104051731753548e-11
0.0036000000000000003	6.7695308313504474e-18	3.6301549138871336e-13	1.2072051444442471e-16	1.1966793019211024e-15	1.2334717764502362e-20	9.085469986357335e-11
0.0038	7.961619241374584e-18	4.269405832830578e-13	1.345064925637362e-16	1.3333370012057315e-15	1.3743311969262568e-20	1.012296221197094e-10
0.004	9.286031101329763e-18	4.979613276303322e-13	1.4903765762752253e-16	1.4773815833514573e-15	1.5228046383833633e-20	1.121652764389021e-10
0.004200000000000001	1.0749730512122743e-17	5.764511451982061e-13	1.6431400952683807e-16	1.6288130463267437e-15	1.6788921006422993e-20	1.236616551741795e-10
0.0044	1.2359681545528535e-17	6.627834532905105e-13	1.8033554815273729e-16	1.7876313881000517e-15	1.842593583523807e-20	1.35718750678639e-10
0.0046	1.412284824419051e-17	7.573316657472601e-13	1.971022733962746e-16	1.9538366066398462e-15	2.0139090868486302e-20	1.4833655530544767e-10
0.0048000000000000004	1.6046194621620464e-17	8.604691929446711e-13	2.1461418514850456e-16	2.127428699914592e-15	2.1928386104375144e-20	1.6151506140784203e-10
0.005	1.813668466219866e-17	9.725694417951822e-13	2.3287128330048166e-16	2.308407665892751e-15	2.3793821541112004e-20	1.752542613391282e-10
0.005200000000000001	2.0401282321173962e-17	1.0940058157474748e-12	2.5187356774326033e-16	2.49677350254279e-15	2.573539717690433e-20	1.8955414745268173e-10
0.0054	2.2846951524663847e-17	1.2251517147864925e-12	2.7162103836789503e-16	2.6925262078331725e-15	2.775311300995955e-20	2.0441471210194763e-10
0.0056	2.5480656169654565e-17	1.3663805354334613e-12	2.9211369506544035e-16	2.8956657797323643e-15	2.984696903848511e-20	2.198359476404406e-10
0.0058000000000000005	2.830936012400114e-17	1.5180656707459116e-12	3.13351537726951e-16	3.106192216208833e-15	3.2016965260688425e-20	2.358178464217449e-10
0.006	3.134002722642746e-17	1.6805805103176942e-12	3.353345662434813e-16	3.3241055152310415e-15	3.4263101674776944e-20	2.5236040079951387e-10
0.006200000000000001	3.457962128652639e-17	1.8542984402790047e-12	3.5806278050608586e-16	3.5494056747674594e-15	3.6585378278958113e-20	2.6946360312747087e-10
0.0064	3.8035106084759794e-17	2.0395928432964005e-12	3.815361804058191e-16	3.78209269278655e-15	3.898379507143933e-20	2.8712744575940853e-10
0.0066	4.17134453724587e-17	2.236837098572823e-12	4.057547658337357e-16	4.022166567256784e-15	4.145835205042807e-20	3.0535192104918897e-10
0.0068000000000000005	4.5621602871823256e-17	2.446404581847617e-12	4.307185366808905e-16	4.269627296146628e-15	4.4009049214131755e-20	3.24137021350744e-10
0.007	4.976654227592286e-17	2.6686686653965484e-12	4.564274928383377e-16	4.52447487742455e-15	4.663588656075778e-20	3.4348273901807477e-10
0.007200000000000001	5.415522724869632e-17	2.9040027180318294e-12	4.8288163419713215e-16	4.786709309059018e-15	4.9338864088513657e-20	3.633890664052521e-10
0.0074	5.879462142495176e-17	3.152780105102131e-12	5.100809606483282e-16	5.0563305890185e-15	5.211798179560676e-20	3.83855995866416e-10
0.0076	6.369168841036692e-17	3.415374188492614e-12	5.380254720829808e-16	5.333338715271466e-15	5.497323968024453e-20	4.0488351975577644e-10
0.0078000000000000005	6.885339178148893e-17	3.692158326624939e-12	5.667151683921445e-16	5.6177336857863855e-15	5.790463774063446e-20	4.2647163042761267e-10
0.008	7.428669508573466e-17	3.983505874457287e-12	5.961500494668737e-16	5.909515498531728e-15	6.091217597498389e-20	4.486203202362732e-10
0.0082	7.999856184139073e-17	4.289790183484392e-12	6.263301151982235e-16	6.208684151475966e-15	6.399585438150032e-20	4.713295815361767e-10
0.008400000000000001	8.599595553761348e-17	4.6113846017375425e-12	6.572553654772481e-16	6.515239642587568e-15	6.715567295839118e-20	4.945994066818108e-10
0.0086	9.228583963442906e-17	4.9486624737846114e-12	6.889258001950024e-16	6.829181969835001e-15	7.039163170386387e-20	5.184297880277325e-10
0.0088	9.887517756273379e-17	5.301997140730085e-12	7.213414192425412e-16	7.150511131186744e-15	7.370373061612586e-20	5.42820717928569e-10
0.009000000000000001	1.0577093272429377e-16	5.671761940215064e-12	7.54502222510919e-16	7.479227124611268e-15	7.709196969338459e-20	5.677721887390164e-10
0.0092	1.1298006849174528e-16	6.058330206417293e-12	7.884082098911905e-16	7.815329948077033e-15	8.055634893384743e-20	5.932841928138407e-10
0.0094	1.2050954820859487e-16	6.462075270051191e-12	8.230593812744106e-16	8.158819599552528e-15	8.409686833572191e-20	6.19356722507877e-10
0.009600000000000001	1.283663351892191e-16	6.883370458367849e-12	8.58455736551634e-16	8.50969607700622e-15	8.771352789721543e-20	6.459897701760304e-10
0.0098	1.365573927188651e-16	7.32258909515507e-12	8.945972756139153e-16	8.867959378406576e-15	9.140632761653538e-20	6.731833281732749e-10
0.01	1.4508968405365028e-16	7.780104500737378e-12	9.314839983523094e-16	9.233609501722075e-15	9.517526749188926e-20	7.009373888546547e-10
0.0102	1.5397017242056253e-16	8.256289991976042e-12	9.691159046578708e-16	9.606646444921193e-15	9.902034752148445e-20	7.292519445752827e-10
0.010400000000000001	1.6320582101746033e-16	8.751518882269101e-12	1.0074929944216549e-15	9.9870702059724e-15	1.0294156770352843e-19	7.581269876903425e-10
0.0106	1.7280359301307263e-16	9.266164481551365e-12	1.0466152675347153e-15	1.0374880782844168e-14	1.0693892803622859e-19	7.875625105550855e-10
0.0108	1.8277045154699945e-16	9.800600096294465e-12	1.0864827238881082e-15	1.0770078173504984e-14	1.1101242851779243e-19	8.175585055248342e-10
0.011000000000000001	1.9311335972971126e-16	1.0355199029506849e-11	1.1270953633728878e-15	1.1172662375923314e-14	1.1516206914642734e-19	8.4811496495498e-10
0.0112	2.0383928064254938e-16	1.0930334580733796e-11	1.1684531858801082e-15	1.158263338806763e-14	1.1938784992034073e-19	8.792318812009831e-10
0.0114	2.1495517733772636e-16	1.1526380046057485e-11	1.2105561913008253e-15	1.199999120790642e-14	1.2368977083774005e-19	9.10909246618375e-10
0.011600000000000001	2.2646801283832545e-16	1.2143708718096949e-11	1.253404379526094e-15	1.2424735833408155e-14	1.280678318968328e-19	9.431470535627545e-10
0.0118	2.38384750138301e-16	1.278269388600813e-11	1.2969977504469682e-15	1.2856867262541307e-14	1.3252203309582633e-19	9.759452943897909e-10
0.012	2.507123522024789e-16	1.3443708835483914e-11	1.3413363039545034e-15	1.329638549327436e-14	1.3705237443292815e-19	1.0093039614552242e-09
0.0122	2.6345778196655584e-16	1.4127126848754102e-11	1.3864200399397539e-15	1.374329052357579e-14	1.4165885590634566e-19	1.0432230471148616e-09
0.012400000000000001	2.766280023371e-16	1.4833321204585505e-11	1.4322489582937758e-15	1.4197582351414074e-14	1.463414775142863e-19	1.077702543724582e-09
0.0126	2.902299761915507e-16	1.556266517828187e-11	1.4788230589076228e-15	1.465926097475769e-14	1.5110023925495742e-19	1.1127424436403314e-09
0.0128	3.042706663782195e-16	1.631553204168397e-11	1.52614234167235e-15	1.5128326391575116e-14	1.559351411265666e-19	1.1483427392181282e-09
0.013000000000000001	3.1875703571628863e-16	1.709229506316962e-11	1.5742068064790122e-15	1.5604778599834834e-14	1.6084618312732126e-19	1.1845034228140576e-09
0.0132	3.3369604699581237e-16	1.7893327507653654e-11	1.623016453218665e-15	1.6088617597505322e-14	1.6583336525542869e-19	1.2212244867842758e-09
0.0134	3.4909466297771643e-16	1.8719002636588e-11	1.672571281782363e-15	1.6579843382555064e-14	1.708966875090965e-19	1.2585059234850083e-09
0.013600000000000001	3.6495984639379864e-16	1.956969370796164e-11	1.7228712920611613e-15	1.7078455952952533e-14	1.7603614988653204e-19	1.2963477252725499e-09
0.013800000000000002	3.812985599467284e-16	2.0445773976300682e-11	1.7739164839461146e-15	1.7584455306666217e-14	1.8125175238594268e-19	1.334749884503265e-09
0.014	3.981177663100469e-16	2.134761669266835e-11	1.8257068573282772e-15	1.8097841441664585e-14	1.8654349500553593e-19	1.3737123935335868e-09
0.0142	4.1542442812816796e-16	2.2275595104665027e-11	1.878242412098705e-15	1.8618614355916137e-14	1.9191137774351932e-19	1.4132352447200196e-09
0.014400000000000001	4.3322550801637707e-16	2.3230082456428254e-11	1.931523148148454e-15	1.9146774047389338e-14	1.9735540059810018e-19	1.4533184304191359e-09
0.0146	4.515279685608314e-16	2.421145198863274e-11	1.985549065368576e-15	1.9682320514052683e-14	2.0287556356748587e-19	1.4939619429875773e-09
0.0148	4.703387723185614e-16	2.5220076938490453e-11	2.04032016365013e-15	2.0225253753874636e-14	2.0847186664988396e-19	1.5351657747820562e-09
0.015000000000000001	4.896648818174691e-16	2.6256330539750536e-11	2.095836442884168e-15	2.0775573764823704e-14	2.1414430984350187e-19	1.5769299181593547e-09
0.0152	5.095132595563288e-16	2.7320586022699382e-11	2.152097902961746e-15	2.133328054486835e-14	2.1989289314654695e-19	1.6192543654763217e-09
0.0154	5.298908680047877e-16	2.8413216614160683e-11	2.209104543773919e-15	2.1898374091977073e-14	2.257176165572267e-19	1.662139109089879e-09
0.015600000000000001	5.508046696033653e-16	2.95345955374954e-11	2.266856365211743e-15	2.2470854404118345e-14	2.3161848007374866e-19	1.7055841413570161e-09
0.0158	5.722616267634538e-16	3.0685096012601786e-11	2.3253533671662712e-15	2.305072147926066e-14	2.3759548369432003e-19	1.749589454634792e-09
0.016	5.942687018673177e-16	3.186509125591542e-11	2.38459554952856e-15	2.3637975315372488e-14	2.436486274171484e-19	1.7941550412803347e-09
0.0162	6.168328572680948e-16	3.307495448040927e-11	2.444582912189664e-15	2.4232615910422327e-14	2.497779112404411e-19	1.839280893650844e-09
0.0164	6.399610552897963e-16	3.431505889559365e-11	2.5053154550406392e-15	2.483464326237867e-14	2.5598333516240575e-19	1.884967004103587e-09
0.0166	6.636602582273043e-16	3.5585777707516214e-11	2.566793177972538e-15	2.544405736920999e-14	2.6226489918124963e-19	1.9312133649959005e-09
0.016800000000000002	6.879374283463762e-16	3.688748411876211e-11	2.629016080876419e-15	2.6060858228884775e-14	2.686226032951803e-19	1.9780199686851917e-09
0.017	7.127995278836403e-16	3.8220551328453814e-11	2.6919841636433356e-15	2.6685045839371505e-14	2.7505644750240505e-19	2.0253868075289367e-09
0.0172	7.382535190465998e-16	3.9585352532251324e-11	2.7556974261643428e-15	2.7316620198638672e-14	2.8156643180113133e-19	2.07331387388468e-09
0.017400000000000002	7.643063640136311e-16	4.098226092235212e-11	2.820155868330497e-15	2.795558130465478e-14	2.881525561895667e-19	2.1218011601100386e-09
0.0176	7.909650249339817e-16	4.241164968749106e-11	2.885359490032852e-15	2.860192915538829e-14	2.948148206659185e-19	2.170848658562696e-09
0.0178	8.182364639277754e-16	4.387389201294062e-11	2.9513082911624612e-15	2.92556637488077e-14	3.015532252283942e-19	2.220456361600406e-09
0.018000000000000002	8.461276430860074e-16	4.536936108051078e-11	3.0180022716103847e-15	2.991678508288153e-14	3.0836776987520133e-19	2.270624261580994e-09
0.0182	8.746455244705475e-16	4.6898430068549006e-11	3.0854414312676735e-15	3.058529315557822e-14	3.152584546045471e-19	2.3213523508623523e-09
0.0184	9.037970701141379e-16	4.84614721519404e-11	3.1536257700253847e-15	3.1261187964866267e-14	3.2222527941463897e-19	2.372640621802442e-09
0.018600000000000002	9.335892420203966e-16	5.0058860502107673e-11	3.2225552877745738e-15	3.194446950871419e-14	3.2926824430368475e-19	2.4244890667592966e-09
0.0188	9.640290021638125e-16	5.1690968287011014e-11	3.292229984406294e-15	3.2635137785090445e-14	3.3638734926989146e-19	2.476897678091017e-09
0.019	9.951233124897504e-16	5.335816867114837e-11	3.362649859811601e-15	3.3333192791963553e-14	3.435825943114667e-19	2.529866448155774e-09
0.019200000000000002	1.0268791349144494e-15	5.506083481555531e-11	3.4338149138815534e-15	3.4038634527302005e-14	3.508539794266179e-19	2.5833953693118104e-09
0.0194	1.0593034313250203e-15	5.6799339877805035e-11	3.5057251465072023e-15	3.475146298907425e-14	3.5820150461355246e-19	2.637484433917434e-09
0.0196	1.09240316357945e-15	5.857405701200842e-11	3.578380557579605e-15	3.5471678175248814e-14	3.656251698704779e-19	2.692133634331024e-09
0.0198	1.1261852935065987e-15	6.038535936881413e-11	3.6517811469898166e-15	3.619928008379419e-14	3.731249751956016e-19	2.7473429629110302e-09
0.02	1.1606567829062006e-15	6.223362009540848e-11	3.725926914628891e-15	3.693426871267886e-14	3.807009205871309e-19	2.803112412015971e-09
0.020200000000000003	1.195824593548865e-15	6.411921233551559e-11	3.8008178603878865e-15	3.767664405987132e-14	3.8835300604327337e-19	2.8594419740044344e-09
0.0204	1.2316956871760748e-15	6.604250922939724e-11	3.876453984157854e-15	3.8426406123340066e-14	3.9608123156223646e-19	2.9163316412350765e-09
0.0206	1.268277025500187e-15	6.800388391385316e-11	3.9528352858298515e-15	3.9183554901053575e-14	4.0388559714222744e-19	2.9737814060666266e-09
0.020800000000000003	1.3055755702044353e-15	7.00037095222208e-11	4.029961765294937e-15	3.9948090390980366e-14	4.117661027814541e-19	3.031791260857879e-09
0.021	1.3435982829429248e-15	7.204235918437538e-11	4.1078334224441606e-15	4.072001259108891e-14	4.197227484781234e-19	3.0903611979676996e-09
0.0212	1.382352125340637e-15	7.412020602673011e-11	4.18645025716858e-15	4.1499321499347706e-14	4.2775553423044303e-19	3.1494912097550237e-09
0.021400000000000002	1.4218440589934296e-15	7.623762317223596e-11	4.265812269359253e-15	4.228601711372527e-14	4.358644600366206e-19	3.209181288578858e-09
0.0216	1.4620810454680315e-15	7.83949837403818e-11	4.345919458907229e-15	4.3080099432190074e-14	4.440495258948632e-19	3.2694314267982745e-09
0.0218	1.503070046302049e-15	8.059266084719443e-11	4.426771825703569e-15	4.3881568452710606e-14	4.523107318033785e-19	3.3302416167724182e-09
0.022000000000000002	1.5448180230039649e-15	8.283102760523865e-11	4.508369369639327e-15	4.469042417325541e-14	4.606480777603739e-19	3.3916118508605017e-09
0.0222	1.587331937053132e-15	8.511045712361701e-11	4.590712090605557e-15	4.550666659179293e-14	4.690615637640567e-19	3.4535421214218072e-09
0.0224	1.6306187498997832e-15	8.743132250797026e-11	4.673799988493313e-15	4.633029570629168e-14	4.775511898126344e-19	3.5160324208156865e-09
0.022600000000000002	1.6746854229650243e-15	8.979399686047705e-11	4.757633063193656e-15	4.716131151472017e-14	4.861169559043144e-19	3.579082741401564e-09
0.0228	1.7195389176408365e-15	9.219885327985391e-11	4.842211314597635e-15	4.799971401504687e-14	4.947588620373044e-19	3.6426930755389285e-09
0.023	1.7651861952900759e-15	9.464626486135559e-11	4.9275347425963106e-15	4.8845503205240305e-14	5.034769082098115e-19	3.706863415587339e-09
0.023200000000000002	1.8116342172464765e-15	9.713660469677487e-11	5.013603347080736e-15	4.969867908326898e-14	5.122710944200436e-19	3.77159375390643e-09
0.0234	1.8588899448146446e-15	9.967024587444244e-11	5.100417127941966e-15	5.055924164710135e-14	5.211414206662075e-19	3.8368840828558945e-09
0.0236	1.9069603392700623e-15	1.0224756147922717e-10	5.187976085071057e-15	5.142719089470594e-14	5.30087886946511e-19	3.902734394795509e-09
0.0238	1.9558523618590927e-15	1.0486892459253613e-10	5.276280218359063e-15	5.230252682405126e-14	5.391104932591618e-19	3.969144682085106e-09
0.024	2.0055729737989654e-15	1.0753470829231449e-10	5.365329527697043e-15	5.318524943310579e-14	5.482092396023667e-19	4.036114937084597e-09
0.024200000000000003	2.056129136277794e-15	1.1024528565304537e-10	5.455124012976051e-15	5.407535871983805e-14	5.573841259743337e-19	4.103645152153958e-09
0.0244	2.1075278104545643e-15	1.1300102974575028e-10	5.545663674087138e-15	5.497285468221654e-14	5.666351523732699e-19	4.171735319653234e-09
0.0246	2.1597759574591383e-15	1.1580231363798895e-10	5.6369485109213656e-15	5.587773731820971e-14	5.759623187973827e-19	4.240385431942544e-09
0.024800000000000003	2.2128805383922546e-15	1.1864951039385904e-10	5.728978523369789e-15	5.679000662578614e-14	5.853656252448799e-19	4.309595481382073e-09
0.025	2.266848514325527e-15	1.2154299307399672e-10	5.82175371132346e-15	5.770966260291425e-14	5.948450717139685e-19	4.3793654603320745e-09
0.0252	2.3216868463014456e-15	1.2448313473557634e-10	5.915274074673436e-15	5.863670524756264e-14	6.044006582028561e-19	4.449695361152875e-09
0.025400000000000002	2.3774024953333816e-15	1.274703084323104e-10	6.009539613310772e-15	5.957113455769973e-14	6.1403238470975055e-19	4.520585176204871e-09
0.0256	2.4340024224055714e-15	1.3050488721444983e-10	6.104550327126524e-15	6.051295053129403e-14	6.237402512328587e-19	4.592034897848521e-09
0.0258	2.49149358847314e-15	1.3358724412878384e-10	6.200306216011748e-15	6.146215316631408e-14	6.335242577703884e-19	4.6640445184443605e-09
0.026000000000000002	2.5498829544620815e-15	1.3671775221863998e-10	6.2968072798575e-15	6.241874246072838e-14	6.433844043205468e-19	4.736614030352993e-09
0.0262	2.6091774812692697e-15	1.3989678452388402e-10	6.3940535185548344e-15	6.338271841250541e-14	6.533206908815413e-19	4.809743425935087e-09
0.0264	2.6693841297624527e-15	1.4312471408092025e-10	6.492044931994807e-15	6.435408101961367e-14	6.633331174515796e-19	4.8834326975513895e-09
0.026600000000000002	2.7305098607802567e-15	1.464019139226914e-10	6.590781520068477e-15	6.533283028002171e-14	6.734216840288692e-19	4.9576818375627075e-09
0.0268	2.7925616351321853e-15	1.4972875707867835e-10	6.690263282666892e-15	6.631896619169796e-14	6.835863906116172e-19	5.032490838329922e-09
0.027	2.8555464135986165e-15	1.5310561657490064e-10	6.790490219681115e-15	6.731248875261099e-14	6.93827237198031e-19	5.1078596922139814e-09
0.027200000000000002	2.9194711569308115e-15	1.5653286543391627e-10	6.8914623310022e-15	6.831339796072928e-14	7.041442237863186e-19	5.18378839157591e-09
0.0274	2.984342825850897e-15	1.600108766748215e-10	6.9931796165212006e-15	6.932169381402135e-14	7.145373503746868e-19	5.260276928776791e-09
0.027600000000000003	3.0501683810518923e-15	1.635400233132514e-10	7.0956420761291746e-15	7.03373763104557e-14	7.250066169613433e-19	5.3373252961777865e-09
0.027800000000000002	3.1169547831976763e-15	1.6712067836137914e-10	7.198849709717177e-15	7.136044544800081e-14	7.355520235444956e-19	5.414933486140122e-09
0.028	3.1847089929230214e-15	1.707532148279168e-10	7.302802517176261e-15	7.239090122462522e-14	7.46173570122351e-19	5.493101491025093e-09
0.028200000000000003	3.2534379708335675e-15	1.7443800571811488e-10	7.407500498397486e-15	7.342874363829745e-14	7.568712566931174e-19	5.571829303194071e-09
0.0284	3.323148677505834e-15	1.781754240337623e-10	7.512943653271906e-15	7.447397268698596e-14	7.676450832550015e-19	5.651116915008487e-09
0.0286	3.3938480734872193e-15	1.8196584277318677e-10	7.61913198169058e-15	7.552658836865928e-14	7.784950498062111e-19	5.73096431882985e-09
0.028800000000000003	3.465543119295999e-15	1.8580963493125468e-10	7.726065483544561e-15	7.658659068128594e-14	7.894211563449539e-19	5.811371507019735e-09
0.029	3.538240775421325e-15	1.8970717349937067e-10	7.833744158724902e-15	7.765397962283445e-14	8.004234028694369e-19	5.892338471939784e-09
0.0292	3.611948002323225e-15	1.9365883146547837e-10	7.942168007122658e-15	7.872875519127327e-14	8.115017893778676e-19	5.973865205951711e-09
0.029400000000000003	3.6866717604326146e-15	1.9766498181406015e-10	8.051337028628895e-15	7.981091738457092e-14	8.226563158684538e-19	6.055951701417303e-09
0.0296	3.76241901015127e-15	2.0172599752613665e-10	8.161251223134659e-15	8.090046620069595e-14	8.338869823394025e-19	6.1385979506984064e-09
0.0298	3.839196711851863e-15	2.0584225157926768e-10	8.27191059053101e-15	8.199740163761686e-14	8.451937887889213e-19	6.221803946156952e-09
0.030000000000000002	3.917011825877933e-15	2.1001411694755153e-10	8.383315130709e-15	8.310172369330216e-14	8.565767352152178e-19	6.305569680154924e-09
0.0302	3.995871312543899e-15	2.142419666016252e-10	8.495464843559688e-15	8.421343236572035e-14	8.68035821616499e-19	6.389895145054386e-09
0.0304	4.075782132135061e-15	2.185261735086646e-10	8.60835972897413e-15	8.533252765283992e-14	8.79571047990973e-19	6.474780333217468e-09
0.030600000000000002	4.156751244907594e-15	2.2286711063238457e-10	8.721999786843384e-15	8.645900955262943e-14	8.911824143368467e-19	6.5602252370063735e-09
0.0308	4.238785611088554e-15	2.2726515093303831e-10	8.8363850170585e-15	8.759287806305736e-14	9.028699206523277e-19	6.646229848783366e-09
0.031	4.3218921908758716e-15	2.3172066736741825e-10	8.951515419510535e-15	8.873413318209223e-14	9.146335669356235e-19	6.7327941609107906e-09
0.031200000000000002	4.4060779444383645e-15	2.3623403288885563e-10	9.067390994090552e-15	8.988277490770255e-14	9.264733531849418e-19	6.819918165751052e-09
0.031400000000000004	4.491349831915716e-15	2.4080562044722037e-10	9.184011740689599e-15	9.103880323785688e-14	9.383892793984896e-19	6.90760185566663e-09
0.0316	4.5777148134184995e-15	2.4543580298892133e-10	9.301377659198732e-15	9.220221817052364e-14	9.50381345574474e-19	6.995845223020068e-09
0.0318	4.665179849028157e-15	2.501249534569064e-10	9.419488749509011e-15	9.33730197036714e-14	9.624495517111033e-19	7.084648260173987e-09
0.032	4.753751898797023e-15	2.5487344479066236e-10	9.538345011511492e-15	9.455120783526866e-14	9.745938978065844e-19	7.17401095949107e-09
0.0322	4.843437922748296e-15	2.5968164992621496e-10	9.657946445097228e-15	9.573678256328397e-14	9.868143838591246e-19	7.263933313334077e-09
0.0324	4.934244880876062e-15	2.645499417961289e-10	9.778293050157277e-15	9.69297438856858e-14	9.99111009866932e-19	7.354415314065828e-09
0.032600000000000004	5.026179733145289e-15	2.6947869332950794e-10	9.899384826582695e-15	9.813009180044274e-14	1.0114837758282137e-18	7.4454569540492235e-09
0.0328	5.119249439491811e-15	2.744682774519945e-10	1.0021221774264535e-14	9.933782630552322e-14	1.0239326817411768e-18	7.53705822564722e-09
0.033	5.213460959822355e-15	2.7951906708577045e-10	1.0143803893093854e-14	1.005529473988958e-13	1.0364577276040294e-18	7.629219121222856e-09
0.0332	5.308821254014516e-15	2.846314351495566e-10	1.026713118296171e-14	1.0177545507852896e-13	1.0490589134149784e-18	7.721939633139233e-09
0.0334	5.40533728191678e-15	2.898057545586127e-10	1.0391203643759159e-14	1.0300534934239126e-13	1.0617362391722313e-18	7.81521975375952e-09
0.033600000000000005	5.503016003348507e-15	2.950423982247381e-10	1.0516021275377258e-14	1.0424263018845122e-13	1.0744897048739961e-18	7.90905947544697e-09
0.033800000000000004	5.601864378099928e-15	3.0034173905627033e-10	1.064158407770706e-14	1.054872976146773e-13	1.0873193105184795e-18	8.00345879056488e-09
0.034	5.701889365932167e-15	3.057041499580867e-10	1.0767892050639621e-14	1.0673935161903806e-13	1.1002250561038891e-18	8.098417691476643e-09
0.0342	5.803097926577222e-15	3.1113000383160373e-10	1.0894945194066e-14	1.0799879219950202e-13	1.1132069416284324e-18	8.193936170545696e-09
0.0344	5.9054970197379664e-15	3.1661967357477684e-10	1.1022743507877248e-14	1.0926561935403769e-13	1.126264967090317e-18	8.290014220135568e-09
0.0346	6.0090936050881624e-15	3.2217353208210076e-10	1.1151286991964427e-14	1.1053983308061361e-13	1.1393991324877503e-18	8.386651832609843e-09
0.034800000000000005	6.113894642272449e-15	3.2779195224460967e-10	1.1280575646218591e-14	1.118214333771983e-13	1.1526094378189396e-18	8.483849000332187e-09
0.035	6.219907090906336e-15	3.3347530694987625e-10	1.1410609470530794e-14	1.1311042024176024e-13	1.1658958830820924e-18	8.58160571566632e-09
0.0352	6.32713791057622e-15	3.392239690820131e-10	1.1541388464792093e-14	1.1440679367226795e-13	1.1792584682754163e-18	8.67992197097604e-09
0.0354	6.435594060839387e-15	3.450383115216719e-10	1.1672912628893542e-14	1.1571055366669e-13	1.1926971933971185e-18	8.778797758625215e-09
0.0356	6.545282501223989e-15	3.509187071460438e-10	1.18051819627262e-14	1.1702170022299488e-13	1.2062120584454065e-18	8.878233070977783e-09
0.0358	6.65621019122906e-15	3.568655288288589e-10	1.1938196466181126e-14	1.1834023333915107e-13	1.2198030634184877e-18	8.978227900397747e-09
0.036000000000000004	6.768384090324529e-15	3.628791494403871e-10	1.2071956139149378e-14	1.196661530131273e-13	1.2334702083145703e-18	9.078782239249189e-09
0.0362	6.881811157951184e-15	3.6895994184743694e-10	1.2206460981521999e-14	1.209994592428918e-13	1.2472134931318607e-18	9.179896079896244e-09
0.0364	6.996498353520708e-15	3.751082789133571e-10	1.2341710993190056e-14	1.2234015202641327e-13	1.2610329178685665e-18	9.281569414703132e-09
0.0366	7.112452636415654e-15	3.8132453349803514e-10	1.2477706174044602e-14	1.2368823136166013e-13	1.274928482522895e-18	9.38380223603413e-09
0.0368	7.22968096598947e-15	3.876090784578984e-10	1.2614446523976695e-14	1.25043697246601e-13	1.2889001870930542e-18	9.486594536253595e-09
0.037000000000000005	7.348190301566477e-15	3.939622866459135e-10	1.2751932042877392e-14	1.264065496792044e-13	1.302948031577252e-18	9.589946307725953e-09
0.037200000000000004	7.467987602441868e-15	4.0038453091158636e-10	1.2890162730637745e-14	1.2777678865743878e-13	1.3170720159736943e-18	9.693857542815686e-09
0.0374	7.589079827881726e-15	4.068761841009624e-10	1.302913858714881e-14	1.291544141792727e-13	1.3312721402805897e-18	9.79832823388736e-09
0.0376	7.711473937123023e-15	4.134376190566268e-10	1.3168859612301646e-14	1.3053942624267467e-13	1.3455484044961452e-18	9.903358373305607e-09
0.0378	7.835176889373594e-15	4.200692086177041e-10	1.3309325805987305e-14	1.3193182484561327e-13	1.3599008086185683e-18	1.0008947953435128e-08
0.038	7.960195643812168e-15	4.2677132561985826e-10	1.345053716809685e-14	1.3333160998605698e-13	1.3743293526460668e-18	1.0115096966640687e-08
0.038200000000000005	8.086537159588355e-15	4.335443428952931e-10	1.3592493698521338e-14	1.347387816619744e-13	1.3888340365768482e-18	1.0221805405287133e-08
0.038400000000000004	8.214208395822635e-15	4.403886332727517e-10	1.3735195397151821e-14	1.3615333987133394e-13	1.4034148604091188e-18	1.0329073261739363e-08
0.0386	8.343216311606379e-15	4.473045695775169e-10	1.3878642263879351e-14	1.3757528461210416e-13	1.418071824141087e-18	1.0436900528362358e-08
0.0388	8.473567866001834e-15	4.542925246314109e-10	1.4022834298594994e-14	1.390046158822536e-13	1.4328049277709602e-18	1.0545287197521166e-08
0.039	8.605270018042139e-15	4.613528712527959e-10	1.4167771501189796e-14	1.404413336797508e-13	1.4476141712969457e-18	1.0654233261580904e-08
0.0392	8.738329726731303e-15	4.684859822565736e-10	1.4313453871554825e-14	1.418854380025643e-13	1.4624995547172509e-18	1.0763738712906755e-08
0.039400000000000004	8.872753951044224e-15	4.756922304541856e-10	1.4459881409581127e-14	1.4333692884866264e-13	1.4774610780300838e-18	1.0873803543863982e-08
0.0396	9.008549649926668e-15	4.829719886536124e-10	1.4607054115159765e-14	1.4479580621601426e-13	1.4924987412336509e-18	1.09844277468179e-08
0.0398	9.145723782295302e-15	4.903256296593754e-10	1.475497198818179e-14	1.4626207010258778e-13	1.5076125443261598e-18	1.1095611314133907e-08
0.04	9.284283307037664e-15	4.977535262725346e-10	1.4903635028538258e-14	1.4773572050635171e-13	1.5228024873058183e-18	1.1207354238177468e-08
0.0402	9.424235183012173e-15	5.052560512906906e-10	1.5053043236120225e-14	1.4921675742527453e-13	1.5380685701708337e-18	1.1319656511314115e-08
0.040400000000000005	9.565586369048141e-15	5.128335775079834e-10	1.5203196610818766e-14	1.5070518085732485e-13	1.5534107929194136e-18	1.1432518125909455e-08
0.040600000000000004	9.708343823945745e-15	5.204864777150926e-10	1.535409515252491e-14	1.5220099080047113e-13	1.5688291555497651e-18	1.1545939074329153e-08
0.0408	9.852514506476055e-15	5.282151246992381e-10	1.5505738861129727e-14	1.53704187252682e-13	1.5843236580600962e-18	1.1659919348938949e-08
0.041	9.998105375381016e-15	5.360198912441793e-10	1.5658127736524272e-14	1.5521477021192582e-13	1.5998943004486136e-18	1.1774458942104664e-08
0.0412	1.0145123389373473e-14	5.439011501302158e-10	1.58112617785996e-14	1.5673273967617123e-13	1.6155410827135254e-18	1.1889557846192168e-08
0.0414	1.029357550713713e-14	5.518592741341864e-10	1.5965140987246774e-14	1.582580956433868e-13	1.6312640048530386e-18	1.2005216053567414e-08
0.041600000000000005	1.0443468687326594e-14	5.598946360294706e-10	1.611976536235684e-14	1.5979083811154105e-13	1.6470630668653616e-18	1.2121433556596428e-08
0.041800000000000004	1.0594809888567328e-14	5.680076085859872e-10	1.627513490382086e-14	1.6133096707860244e-13	1.6629382687487006e-18	1.2238210347645285e-08
0.042	1.0747606069455713e-14	5.76198564570195e-10	1.6431249611529895e-14	1.628784825425395e-13	1.678889610501263e-18	1.2355546419080151e-08
0.0422	1.0901864188558982e-14	5.844678767450933e-10	1.6588109485374987e-14	1.6443338450132086e-13	1.694917092121257e-18	1.247344176326725e-08
0.0424	1.1057591204415263e-14	5.92815917870221e-10	1.674571452524721e-14	1.6599567295291494e-13	1.7110207136068896e-18	1.2591896372572883e-08
0.0426	1.1214794075533572e-14	6.012430607016565e-10	1.6904064731037602e-14	1.675653478952904e-13	1.7272004749563688e-18	1.2710910239363416e-08
0.042800000000000005	1.1373479760393805e-14	6.097496779920198e-10	1.7063160102637248e-14	1.6914240932641569e-13	1.743456376167902e-18	1.283048335600528e-08
0.043000000000000003	1.1533655217446728e-14	6.183361424904684e-10	1.722300063993717e-14	1.707268572442594e-13	1.759788417239696e-18	1.2950615714864984e-08
0.0432	1.1695327405114003e-14	6.270028269427024e-10	1.7383586342828447e-14	1.7231869164679e-13	1.7761965981699583e-18	1.3071307308309099e-08
0.0434	1.1858503281788176e-14	6.3575010409096e-10	1.7544917211202133e-14	1.7391791253197602e-13	1.7926809189568966e-18	1.3192558128704275e-08
0.0436	1.2023189805832668e-14	6.445783466740215e-10	1.7706993244949275e-14	1.7552451989778603e-13	1.8092413795987178e-18	1.3314368168417216e-08
0.0438	1.2189393935581797e-14	6.534879274272049e-10	1.7869814443960933e-14	1.7713851374218859e-13	1.82587798009363e-18	1.343673741981471e-08
0.044000000000000004	1.2357122629340753e-14	6.624792190823713e-10	1.8033380808128177e-14	1.787598940631523e-13	1.842590720439842e-18	1.3559665875263613e-08
0.0442	1.2526382845385602e-14	6.715525943679184e-10	1.8197692337342043e-14	1.8038866085864555e-13	1.8593796006355583e-18	1.3683153527130838e-08
0.0444	1.2697181541963306e-14	6.807084260087873e-10	1.8362749031493603e-14	1.820248141266369e-13	1.8762446206789883e-18	1.3807200367783378e-08
0.0446	1.2869525677291717e-14	6.899470867264572e-10	1.8528550890473905e-14	1.8366835386509496e-13	1.8931857805683382e-18	1.3931806389588294e-08
0.0448	1.3043422209559552e-14	6.992689492389488e-10	1.8695097914174e-14	1.8531928007198823e-13	1.9102030803018167e-18	1.405697158491272e-08
0.045000000000000005	1.321887809692643e-14	7.086743862608226e-10	1.8862390102484975e-14	1.869775927452853e-13	1.9272965198776307e-18	1.4182695946123855e-08
0.045200000000000004	1.3395900297522831e-14	7.181637705031787e-10	1.9030427455297847e-14	1.886432918829546e-13	1.9444660992939872e-18	1.430897946558896e-08
0.0454	1.3574495769450144e-14	7.27737474673658e-10	1.919920997250369e-14	1.9031637748296473e-13	1.9617118185490947e-18	1.4435822135675376e-08
0.0456	1.375467147078063e-14	7.373958714764425e-10	1.9368737653993563e-14	1.9199684954328429e-13	1.9790336776411593e-18	1.4563223948750518e-08
0.0458	1.3936434359557427e-14	7.471393336122528e-10	1.9539010499658524e-14	1.936847080618817e-13	1.9964316765683895e-18	1.4691184897181852e-08
0.046	1.4119791393794574e-14	7.569682337783518e-10	1.9710028509389622e-14	1.9537995303672563e-13	2.0139058153289924e-18	1.4819704973336923e-08
0.046200000000000005	1.4304749531476986e-14	7.668829446685413e-10	1.9881791683077926e-14	1.970825844657846e-13	2.031456093921176e-18	1.4948784169583366e-08
0.046400000000000004	1.4491315730560452e-14	7.76883838973164e-10	2.0054300020614478e-14	1.9879260234702703e-13	2.049082512343147e-18	1.507842247828884e-08
0.0466	1.4679496948971658e-14	7.869712893791024e-10	2.0227553521890342e-14	2.0051000667842152e-13	2.0667850705931125e-18	1.5208619891821116e-08
0.0468	1.4869300144608176e-14	7.971456685697809e-10	2.0401552186796575e-14	2.0223479745793666e-13	2.0845637686692804e-18	1.5339376402548004e-08
0.047	1.5060732275338446e-14	8.074073492251621e-10	2.0576296015224233e-14	2.0396697468354095e-13	2.102418606569858e-18	1.547069200283742e-08
0.0472	1.5253800299001815e-14	8.177567040217517e-10	2.075178500706437e-14	2.0570653835320296e-13	2.1203495842930536e-18	1.5602566685057306e-08
0.047400000000000005	1.5448511173408508e-14	8.28194105632594e-10	2.0928019162208043e-14	2.0745348846489122e-13	2.1383567018370747e-18	1.5735000441575707e-08
0.0476	1.5644871856339622e-14	8.387199267272736e-10	2.1104998480546317e-14	2.0920782501657426e-13	2.156439959200127e-18	1.5867993264760713e-08
0.0478	1.584288930554714e-14	8.493345399719176e-10	2.1282722961970234e-14	2.1096954800622063e-13	2.1745993563804187e-18	1.60015451469805e-08
0.048	1.6042570478753948e-14	8.600383180291918e-10	2.146119260637087e-14	2.127386574317989e-13	2.192834893376158e-18	1.6135656080603314e-08
0.0482	1.6243922333653797e-14	8.708316335583024e-10	2.1640407413639268e-14	2.145151532912776e-13	2.211146570185552e-18	1.6270326057997452e-08
0.048400000000000006	1.6446951827911355e-14	8.817148592149982e-10	2.1820367383666495e-14	2.162990355826253e-13	2.2295343868068075e-18	1.640555507153131e-08
0.048600000000000004	1.6651665919162135e-14	8.926883676515666e-10	2.200107251634359e-14	2.180903043038105e-13	2.247998343238133e-18	1.654134311357332e-08
0.0488	1.6858071565012536e-14	9.037525315168358e-10	2.2182522811561612e-14	2.1988895945280174e-13	2.2665384394777346e-18	1.6677690176492006e-08
0.049	1.7066175723039883e-14	9.149077234561766e-10	2.2364718269211637e-14	2.2169500102756759e-13	2.2851546755238208e-18	1.6814596252655958e-08
0.0492	1.727598535079236e-14	9.261543161114979e-10	2.2547658889184715e-14	2.2350842902607658e-13	2.3038470513745986e-18	1.6952061334433828e-08
0.0494	1.748750740578902e-14	9.3749268212125e-10	2.2731344671371896e-14	2.253292434462973e-13	2.3226155670282755e-18	1.7090085414194347e-08
0.049600000000000005	1.770074884551985e-14	9.48923194120426e-10	2.2915775615664246e-14	2.2715744428619833e-13	2.3414602224830598e-18	1.722866848430631e-08
0.049800000000000004	1.7915716627445663e-14	9.604462247405564e-10	2.310095172195281e-14	2.2899303154374807e-13	2.3603810177371582e-18	1.7367810537138574e-08
0.05	1.8132417708998206e-14	9.720621466097146e-10	2.3286872990128648e-14	2.308360052169151e-13	2.379377952788777e-18	1.750751156506008e-08
0.0502	1.8350859047580078e-14	9.837713323525144e-10	2.347353942008282e-14	2.3268636530366816e-13	2.398451027636125e-18	1.7647771560439833e-08
0.0504	1.857104760056478e-14	9.955741545901102e-10	2.366095101170639e-14	2.345441118019756e-13	2.4176002422774092e-18	1.7788590515646904e-08
0.0506	1.879299032529672e-14	1.0074709859401962e-09	2.3849107764890398e-14	2.36409244709806e-13	2.4368255967108374e-18	1.7929968423050436e-08
0.050800000000000005	1.9016694179091156e-14	1.01946219901701e-09	2.4038009679525913e-14	2.3828176402512807e-13	2.4561270909346184e-18	1.8071905275019644e-08
0.051000000000000004	1.924216611923422e-14	1.0315481664313275e-09	2.422765675550399e-14	2.401616697459101e-13	2.4755047249469567e-18	1.82144010639238e-08
0.0512	1.9469413102982986e-14	1.043729260790466e-09	2.4418048992715686e-14	2.4204896187012077e-13	2.494958498746061e-18	1.835745578213226e-08
0.0514	1.9698442087565385e-14	1.0560058546982855e-09	2.4609186391052052e-14	2.439436403957288e-13	2.514488412330139e-18	1.850106942201444e-08
0.0516	1.9929260030180203e-14	1.0683783207551836e-09	2.4801068950404153e-14	2.4584570532070237e-13	2.5340944656973987e-18	1.864524197593984e-08
0.051800000000000006	2.0161873887997178e-14	1.0808470315581029e-09	2.4993696670663045e-14	2.4775515664301033e-13	2.553776658846047e-18	1.8789973436278014e-08
0.052000000000000005	2.0396290618156873e-14	1.0934123597005224e-09	2.5187069551719786e-14	2.4967199436062113e-13	2.5735349917742905e-18	1.8935263795398585e-08
0.0522	2.0632517177770778e-14	1.1060746777724661e-09	2.5381187593465426e-14	2.5159621847150327e-13	2.5933694644803374e-18	1.9081113045671256e-08
0.0524	2.0870560523921242e-14	1.1188343583604961e-09	2.5576050795791027e-14	2.5352782897362545e-13	2.6132800769623946e-18	1.9227521179465785e-08
0.0526	2.1110427613661515e-14	1.131691774047718e-09	2.5771659158587644e-14	2.55466825864956e-13	2.6332668292186706e-18	1.9374488189152025e-08
0.0528	2.1352125404015748e-14	1.1446472974137755e-09	2.5968012681746333e-14	2.5741320914346374e-13	2.6533297212473725e-18	1.9522014067099868e-08
0.053000000000000005	2.1595660851978947e-14	1.1577013010348572e-09	2.6165111365158166e-14	2.593669788071171e-13	2.673468753046708e-18	1.9670098805679298e-08
0.053200000000000004	2.1841040914517016e-14	1.1708541574836875e-09	2.6362955208714176e-14	2.6132813485388466e-13	2.6936839246148833e-18	1.981874239726035e-08
0.0534	2.2088272548566757e-14	1.1841062393295372e-09	2.6561544212305434e-14	2.632966772817348e-13	2.7139752359501074e-18	1.996794483421314e-08
0.0536	2.2337362711035865e-14	1.1974579191382147e-09	2.6760878375822982e-14	2.652726060886363e-13	2.7343426870505854e-18	2.011770610890786e-08
0.0538	2.2588318358802886e-14	1.2109095694720715e-09	2.6960957699157898e-14	2.672559212725576e-13	2.754786277914527e-18	2.026802621371476e-08
0.054	2.2841146448717288e-14	1.2244615628899983e-09	2.7161782182201233e-14	2.692466228314673e-13	2.7753060085401388e-18	2.041890514100415e-08
0.054200000000000005	2.3095853937599426e-14	1.23811427194743e-09	2.7363351824844047e-14	2.7124471076333396e-13	2.79590187892563e-18	2.0570342883146443e-08
0.054400000000000004	2.335244778224052e-14	1.2518680691963386e-09	2.7565666626977387e-14	2.7325018506612604e-13	2.8165738890692048e-18	2.072233943251208e-08
0.0546	2.3610934939402673e-14	1.2657233271852409e-09	2.7768726588492315e-14	2.7526304573781227e-13	2.8373220389690723e-18	2.0874894781471604e-08
0.0548	2.387132236581891e-14	1.2796804184591921e-09	2.797253170927988e-14	2.7728329277636105e-13	2.8581463286234395e-18	2.10280089223956e-08
0.055	2.4133617018193132e-14	1.2937397155597918e-09	2.817708198923116e-14	2.7931092617974103e-13	2.8790467580305148e-18	2.118168184765476e-08
0.055200000000000006	2.439782585320011e-14	1.3079015910251783e-09	2.838237742823719e-14	2.8134594594592076e-13	2.9000233271885048e-18	2.1335913549619803e-08
0.055400000000000005	2.4663955827485495e-14	1.3221664173900315e-09	2.8588418026189035e-14	2.8338835207286875e-13	2.9210760360956176e-18	2.149070402066154e-08
0.055600000000000004	2.4932013897665863e-14	1.336534567185573e-09	2.879520378297776e-14	2.8543814455855353e-13	2.94220488475006e-18	2.164605325315086e-08
0.0558	2.520200702032867e-14	1.3510064129395668e-09	2.900273469849442e-14	2.874953234009438e-13	2.9634098731500402e-18	2.1801961239458692e-08
0.056	2.5473942152032213e-14	1.365582327176316e-09	2.921101077263005e-14	2.895598885980079e-13	2.9846910012937644e-18	2.1958427971956064e-08
0.0562	2.5747826249305735e-14	1.3802626824166674e-09	2.9420032005275734e-14	2.916318401477147e-13	3.0060482691794415e-18	2.211545344301406e-08
0.056400000000000006	2.602366626864936e-14	1.3950478511780078e-09	2.9629798396322527e-14	2.937111780480325e-13	3.027481676805279e-18	2.2273037645003836e-08
0.056600000000000004	2.630146916653406e-14	1.4099382059742653e-09	2.984030994566147e-14	2.9579790229692987e-13	3.048991224169482e-18	2.2431180570296605e-08
0.0568	2.6581241899401708e-14	1.4249341193159091e-09	3.0051566653183637e-14	2.9789201289237553e-13	3.0705769112702598e-18	2.2589882211263673e-08
0.057	2.6862991423665104e-14	1.4400359637099523e-09	3.0263568518780083e-14	2.9999350983233785e-13	3.092238738105819e-18	2.27491425602764e-08
0.0572	2.7146724695707908e-14	1.4552441116599455e-09	3.0476315542341854e-14	3.021023931147856e-13	3.1139767046743685e-18	2.2908961609706215e-08
0.0574	2.743244867188465e-14	1.4705589356659853e-09	3.068980772376001e-14	3.042186627376871e-13	3.135790810974115e-18	2.3069339351924632e-08
0.057600000000000005	2.772017030852079e-14	1.4859808082247062e-09	3.090404506292562e-14	3.0634231869901127e-13	3.157681057003266e-18	2.3230275779303205e-08
0.057800000000000004	2.8009896561912636e-14	1.5015101018292857e-09	3.111902755972973e-14	3.0847336099672633e-13	3.179647442760028e-18	2.3391770884213576e-08
0.058	2.8301634388327426e-14	1.5171471889694417e-09	3.1334755214063395e-14	3.1061178962880105e-13	3.2016899682426092e-18	2.3553824659027467e-08
0.0582	2.859539074400323e-14	1.532892442131436e-09	3.1551228025817684e-14	3.127576045932037e-13	3.2238086334492176e-18	2.371643709611665e-08
0.0584	2.889117258514906e-14	1.5487462337980693e-09	3.176844599488363e-14	3.149108058879033e-13	3.2460034383780593e-18	2.387960818785297e-08
0.058600000000000006	2.918898686794482e-14	1.5647089364486877e-09	3.198640912115234e-14	3.1707139351086804e-13	3.268274383027343e-18	2.404333792660835e-08
0.058800000000000005	2.948884054854126e-14	1.5807809225591725e-09	3.220511740451482e-14	3.1923936746006656e-13	3.290621467395276e-18	2.420762630475478e-08
0.059000000000000004	2.979074058306003e-14	1.5969625646019536e-09	3.2424570844862153e-14	3.2141472773346755e-13	3.313044691480064e-18	2.437247331466431e-08
0.0592	3.009469392759368e-14	1.6132542350459974e-09	3.264476944208538e-14	3.235974743290394e-13	3.3355440552799165e-18	2.453787894870906e-08
0.0594	3.040070753820568e-14	1.6296563063568164e-09	3.286571319607558e-14	3.2578760724475093e-13	3.3581195587930402e-18	2.4703843199261245e-08
0.0596	3.070878837093031e-14	1.64616915099646e-09	3.30874021067238e-14	3.2798512647857036e-13	3.380771202017643e-18	2.4870366058693124e-08
0.059800000000000006	3.1018943381772836e-14	1.6627931414235246e-09	3.330983617392109e-14	3.301900320284666e-13	3.4034989849519314e-18	2.5037447519377027e-08
0.060000000000000005	3.133117952670933e-14	1.6795286500931423e-09	3.3533015397558516e-14	3.3240232389240815e-13	3.4263029075941136e-18	2.5205087573685344e-08
0.060200000000000004	3.1645503761686804e-14	1.6963760494569928e-09	3.375693977752713e-14	3.3462200206836324e-13	3.4491829699423965e-18	2.5373286213990566e-08
0.0604	3.1961923042623125e-14	1.7133357119632928e-09	3.3981609313718e-14	3.368490665543009e-13	3.4721391719949884e-18	2.554204343266523e-08
0.0606	3.2280444325407084e-14	1.730408010056805e-09	3.420702400602217e-14	3.390835173481893e-13	3.4951715137500965e-18	2.5711359222081947e-08
0.0608	3.2601074565898367e-14	1.7475933161788303e-09	3.4433183854330705e-14	3.4132535444799735e-13	3.518279995205927e-18	2.58812335746134e-08
0.061000000000000006	3.292382071992749e-14	1.7648920027672154e-09	3.4660088858534676e-14	3.4357457785169343e-13	3.541464616360689e-18	2.605166648263235e-08
0.061200000000000004	3.3248689743295895e-14	1.782304442256343e-09	3.488773901852511e-14	3.458311875572462e-13	3.564725377212589e-18	2.6222657938511595e-08
0.0614	3.357568859177595e-14	1.799831007077144e-09	3.511613433419308e-14	3.48095183562624e-13	3.588062277759835e-18	2.639420793462403e-08
0.0616	3.390482422111087e-14	1.817472069657087e-09	3.534527480542965e-14	3.5036656586579573e-13	3.611475318000633e-18	2.656631646334262e-08
0.0618	3.4236103587014746e-14	1.8352280024201847e-09	3.557516043212586e-14	3.5264533446472966e-13	3.6349644979331936e-18	2.6738983517040392e-08
0.062	3.4569533645172605e-14	1.8530991777869897e-09	3.580579121417279e-14	3.5493148935739467e-13	3.6585298175557206e-18	2.6912209088090447e-08
0.062200000000000005	3.4905121351240357e-14	1.8710859681745994e-09	3.603716715146149e-14	3.572250305417591e-13	3.682171276866424e-18	2.7085993168865947e-08
0.062400000000000004	3.524287366084477e-14	1.889188745996651e-09	3.626928824388301e-14	3.595259580157915e-13	3.70588887586351e-18	2.7260335751740124e-08
0.0626	3.558279752958349e-14	1.9074078836633242e-09	3.650215449132841e-14	3.618342717774606e-13	3.729682614545185e-18	2.7435236829086284e-08
0.06280000000000001	3.592489991302513e-14	1.925743753581341e-09	3.6735765893688745e-14	3.64149971824735e-13	3.753552492909661e-18	2.7610696393277815e-08
0.063	3.626918776670912e-14	1.9441967281539637e-09	3.697012245085506e-14	3.6647305815558295e-13	3.777498510955138e-18	2.778671443668814e-08
0.0632	3.6615668046145835e-14	1.962767179781001e-09	3.720522416271846e-14	3.6880353076797345e-13	3.80152066867983e-18	2.796329095169079e-08
0.0634	3.6964347706816456e-14	1.981455480858798e-09	3.744107102916995e-14	3.7114138965987467e-13	3.825618966081942e-18	2.8140425930659335e-08
0.0636	3.731523370417319e-14	2.000262003780247e-09	3.7677663050100627e-14	3.7348663482925553e-13	3.849793403159682e-18	2.8318119365967445e-08
0.06380000000000001	3.766833299363901e-14	2.0191871209347794e-09	3.791500022540154e-14	3.7583926627408437e-13	3.874043979911255e-18	2.8496371249988826e-08
0.064	3.802365253060783e-14	2.038231204708369e-09	3.8153082554963704e-14	3.7819928399232974e-13	3.898370696334873e-18	2.8675181575097263e-08
0.06420000000000001	3.838119927044447e-14	2.057394627483534e-09	3.8391910038678227e-14	3.805666879819605e-13	3.922773552428739e-18	2.8854550333666638e-08
0.0644	3.874098016848459e-14	2.0766777616393304e-09	3.8631482676436153e-14	3.82941478240945e-13	3.947252548191063e-18	2.9034477518070864e-08
0.0646	3.9103002180034815e-14	2.0960809795513623e-09	3.887180046812852e-14	3.853236547672518e-13	3.971807683620052e-18	2.921496312068395e-08
0.0648	3.9467272260372566e-14	2.1156046535917703e-09	3.911286341364642e-14	3.877132175588496e-13	3.996438958713912e-18	2.939600713387995e-08
0.065	3.9833797364746277e-14	2.135249156129242e-09	3.935467151288088e-14	3.9011016661370695e-13	4.021146373470853e-18	2.957760955003302e-08
0.06520000000000001	4.020258444837519e-14	2.155014859529003e-09	3.959722476572299e-14	3.925145019297924e-13	4.0459299278890816e-18	2.9759770361517364e-08
0.0654	4.0573640466449407e-14	2.1749021361528235e-09	3.9840523172063764e-14	3.9492622350507436e-13	4.0707896219668034e-18	2.9942489560707235e-08
0.0656	4.094697237413002e-14	2.194911358359017e-09	4.0084566731794306e-14	3.9734533133752176e-13	4.095725455702228e-18	3.012576713997701e-08
0.0658	4.1322587126548923e-14	2.215042898502436e-09	4.0329355444805627e-14	3.9977182542510274e-13	4.12073742909356e-18	3.030960309170108e-08
0.066	4.1700491678809e-14	2.23529712893448e-09	4.0574889310988824e-14	4.022057057657865e-13	4.145825542139012e-18	3.049399740825395e-08
0.06620000000000001	4.2080692985983914e-14	2.2556744220030867e-09	4.082116833023495e-14	4.046469723575411e-13	4.170989794836787e-18	3.0678950082010164e-08
0.0664	4.246319800311825e-14	2.276175150052737e-09	4.106819250243502e-14	4.07095625198335e-13	4.1962301871850926e-18	3.086446110534434e-08
0.0666	4.2848013685227585e-14	2.296799685424457e-09	4.131596182748017e-14	4.095516642861373e-13	4.22154671918214e-18	3.105053047063117e-08
0.0668	4.323514698729826e-14	2.31754840045581e-09	4.156447630526137e-14	4.1201508961891607e-13	4.2469393908261305e-18	3.123715817024543e-08
0.067	4.3624604864287594e-14	2.338421667480909e-09	4.181373593566975e-14	4.1448590119464034e-13	4.272408202115278e-18	3.142434419656195e-08
0.06720000000000001	4.401639427112374e-14	2.3594198588304037e-09	4.206374071859632e-14	4.1696409901127846e-13	4.297953153047787e-18	3.161208854195563e-08
0.0674	4.4410522162705734e-14	2.380543346831485e-09	4.2314490653932165e-14	4.1944968306679893e-13	4.323574243621863e-18	3.180039119880141e-08
0.06760000000000001	4.4806995493903615e-14	2.4017925038078943e-09	4.2565985741568333e-14	4.219426533591705e-13	4.349271473835717e-18	3.1989252159474364e-08
0.0678	4.5205821219558164e-14	2.4231677020799065e-09	4.281822598139586e-14	4.2444300988636163e-13	4.375044843687553e-18	3.21786714163496e-08
0.068	4.5607006294481186e-14	2.4446693139643446e-09	4.307121137330585e-14	4.2695075264634106e-13	4.400894353175583e-18	3.236864896180229e-08
0.0682	4.6010557673455274e-14	2.4662977117745716e-09	4.3324941917189325e-14	4.2946588163707714e-13	4.426820002298008e-18	3.255918478820765e-08
0.0684	4.6416482311233996e-14	2.4880532678204963e-09	4.3579417612937375e-14	4.319883968565387e-13	4.452821791053043e-18	3.275027888794104e-08
0.06860000000000001	4.6824787162541766e-14	2.5099363544085664e-09	4.383463846044104e-14	4.3451829830269423e-13	4.4788997194388905e-18	3.2941931253377835e-08
0.0688	4.723547918207384e-14	2.531947343841773e-09	4.409060445959134e-14	4.3705558597351213e-13	4.5050537874537575e-18	3.313414187689348e-08
0.069	4.764856532449652e-14	2.5540866084196514e-09	4.434731561027939e-14	4.3960025986696124e-13	4.5312839950958536e-18	3.33269107508635e-08
0.0692	4.806405254444686e-14	2.5763545204382783e-09	4.4604771912396226e-14	4.4215231998101006e-13	4.557590342363386e-18	3.3520237867663505e-08
0.0694	4.8481947796532876e-14	2.598751452190274e-09	4.486297336583289e-14	4.447117663136271e-13	4.583972829254562e-18	3.371412321966915e-08
0.06960000000000001	4.8902258035333455e-14	2.6212777759648024e-09	4.51219199704805e-14	4.4727859886278114e-13	4.610431455767589e-18	3.390856679925616e-08
0.0698	4.932499021539834e-14	2.6439338640475637e-09	4.538161172623002e-14	4.4985281762644044e-13	4.6369662219006736e-18	3.410356859880034e-08
0.07	4.975015129124826e-14	2.666720088720812e-09	4.5642048632972586e-14	4.5243442260257396e-13	4.663577127652025e-18	3.429912861067757e-08
0.0702	5.017774821737472e-14	2.6896368222633326e-09	4.590323069059921e-14	4.550234137891498e-13	4.690264173019848e-18	3.4495246827263785e-08
0.0704	5.0607787948240254e-14	2.7126844369504644e-09	4.6165157899001e-14	4.576197911841372e-13	4.717027358002354e-18	3.4691923240935004e-08
0.07060000000000001	5.104027743827819e-14	2.7358633050540805e-09	4.6427830258068944e-14	4.602235547855045e-13	4.743866682597747e-18	3.4889157844067296e-08
0.0708	5.1475223641892755e-14	2.759173798842598e-09	4.669124776769415e-14	4.628347045912197e-13	4.770782146804234e-18	3.50869506290368e-08
0.07100000000000001	5.191263351345912e-14	2.7826162905809834e-09	4.695541042776768e-14	4.654532405992522e-13	4.797773750620026e-18	3.528530158821977e-08
0.0712	5.23525140073233e-14	2.806191152530738e-09	4.722031823818054e-14	4.680791628075699e-13	4.8248414940433264e-18	3.548421071399244e-08
0.0714	5.279487207780225e-14	2.829898756949912e-09	4.748597119882386e-14	4.707124712141422e-13	4.851985377072347e-18	3.5683677998731224e-08
0.0716	5.323971467918372e-14	2.853739476093094e-09	4.775236930958864e-14	4.733531658169367e-13	4.8792053997052905e-18	3.5883703434812505e-08
0.0718	5.3687048765726554e-14	2.8777136822114192e-09	4.8019512570365985e-14	4.760012466139231e-13	4.906501561940368e-18	3.608428701461282e-08
0.07200000000000001	5.413688129166028e-14	2.9018217475525644e-09	4.828740098104691e-14	4.786567136030693e-13	4.9338738637757864e-18	3.62854287305087e-08
0.0722	5.45892192111854e-14	2.926064044360745e-09	4.8556034541522484e-14	4.813195667823437e-13	4.961322305209751e-18	3.648712857487678e-08
0.0724	5.5044069478473356e-14	2.9504409448767298e-09	4.882541325168378e-14	4.839898061497154e-13	4.988846886240472e-18	3.668938654009378e-08
0.0726	5.55014390476664e-14	2.974952821337818e-09	4.909553711142184e-14	4.866674317031525e-13	5.016447606866153e-18	3.689220261853647e-08
0.0728	5.596133487287776e-14	2.9996000459778635e-09	4.936640612062775e-14	4.893524434406243e-13	5.044124467085007e-18	3.709557680258169e-08
0.07300000000000001	5.64237639081915e-14	3.0243829910272546e-09	4.9638020279192554e-14	4.920448413600988e-13	5.071877466895237e-18	3.7299509084606345e-08
0.0732	5.688873310766256e-14	3.0493020287129247e-09	4.991037958700727e-14	4.947446254595445e-13	5.099706606295051e-18	3.750399945698741e-08
0.0734	5.735624942531688e-14	3.0743575312583556e-09	5.0183484043963014e-14	4.974517957369305e-13	5.127611885282658e-18	3.770904791210196e-08
0.0736	5.782631981515117e-14	3.099549870883564e-09	5.0457333649950806e-14	5.00166352190225e-13	5.155593303856263e-18	3.791465444232709e-08
0.0738	5.829895123113316e-14	3.1248794198051166e-09	5.0731928404861726e-14	5.028882948173969e-13	5.1836508620140795e-18	3.8120819040040015e-08
0.07400000000000001	5.877415062720134e-14	3.1503465502361197e-09	5.1007268308586844e-14	5.056176236164145e-13	5.2117845597543086e-18	3.832754169761798e-08
0.0742	5.925192495726518e-14	3.175951634386221e-09	5.128335336101716e-14	5.083543385852465e-13	5.239994397075158e-18	3.853482240743829e-08
0.07440000000000001	5.973228117520504e-14	3.2016950444616195e-09	5.1560183562043814e-14	5.110984397218616e-13	5.268280373974839e-18	3.8742661161878385e-08
0.0746	6.021522623487208e-14	3.227577152665045e-09	5.1837758911557784e-14	5.138499270242281e-13	5.2966424904515545e-18	3.8951057953315694e-08
0.0748	6.070076709008859e-14	3.2535983311957833e-09	5.2116079409450196e-14	5.166088004903149e-13	5.3250807465035166e-18	3.9160012774127774e-08
0.075	6.118891069464748e-14	3.279758952249652e-09	5.239514505561204e-14	5.193750601180904e-13	5.353595142128929e-18	3.936952561669222e-08
0.0752	6.167966400231273e-14	3.3060593880190232e-09	5.2674955849934455e-14	5.221487059055235e-13	5.382185677326003e-18	3.957959647338673e-08
0.07540000000000001	6.217303396681915e-14	3.3325000106928023e-09	5.295551179230844e-14	5.249297378505826e-13	5.410852352092943e-18	3.9790225336589026e-08
0.0756	6.266902754187241e-14	3.3590811924564424e-09	5.323681288262505e-14	5.27718155951236e-13	5.439595166427954e-18	4.00014121986769e-08
0.0758	6.316765168114919e-14	3.385803305491942e-09	5.35188591207754e-14	5.305139602054527e-13	5.468414120329251e-18	4.021315705202828e-08
0.076	6.366891333829695e-14	3.4126667219778383e-09	5.380165050665047e-14	5.333171506112012e-13	5.497309213795034e-18	4.042545988902108e-08
0.0762	6.417281946693413e-14	3.439671814089217e-09	5.408518704014139e-14	5.361277271664501e-13	5.526280446823515e-18	4.0638320702033366e-08
0.07640000000000001	6.467937702065003e-14	3.4668189539977026e-09	5.436946872113917e-14	5.38945689869168e-13	5.555327819412902e-18	4.085173948344318e-08
0.0766	6.51885929530048e-14	3.4941085138714636e-09	5.4654495549534906e-14	5.417710387173232e-13	5.584451331561396e-18	4.10657162256287e-08
0.07680000000000001	6.570047421752957e-14	3.5215408658752157e-09	5.494026752521962e-14	5.44603773708885e-13	5.6136509832672114e-18	4.128025092096817e-08
0.077	6.621502776772631e-14	3.549116382170214e-09	5.5226784648084385e-14	5.474438948418211e-13	5.642926774528551e-18	4.1495343561839854e-08
0.0772	6.673226055706793e-14	3.576835434914261e-09	5.551404691802027e-14	5.502914021141008e-13	5.672278705343627e-18	4.171099414062217e-08
0.07740000000000001	6.725217953899817e-14	3.6046983962616967e-09	5.580205433491833e-14	5.531462955236925e-13	5.7017067757106444e-18	4.1927202649693514e-08
0.0776	6.777479166693169e-14	3.6327056383634087e-09	5.6090806898669596e-14	5.560085750685645e-13	5.731210985627807e-18	4.2143969081432394e-08
0.07780000000000001	6.830010389425412e-14	3.6608575333668295e-09	5.638030460916517e-14	5.588782407466859e-13	5.760791335093329e-18	4.236129342821741e-08
0.078	6.882812317432189e-14	3.689154453415932e-09	5.667054746629606e-14	5.617552925560248e-13	5.7904478241054114e-18	4.257917568242716e-08
0.0782	6.93588564604624e-14	3.717596770651235e-09	5.696153546995337e-14	5.646397304945502e-13	5.820180452662268e-18	4.2797615836440427e-08
0.0784	6.989231070597384e-14	3.7461848572097975e-09	5.725326862002815e-14	5.675315545602306e-13	5.8499892207621e-18	4.301661388263594e-08
0.0786	7.042849286412546e-14	3.774919085225228e-09	5.754574691641142e-14	5.704307647510345e-13	5.879874128403119e-18	4.323616981339258e-08
0.07880000000000001	7.096740988815723e-14	3.803799826827673e-09	5.783897035899431e-14	5.733373610649306e-13	5.909835175583534e-18	4.345628362108927e-08
0.079	7.150906873128011e-14	3.8328274541438216e-09	5.81329389476678e-14	5.762513434998873e-13	5.9398723623015455e-18	4.367695529810497e-08
0.0792	7.205347634667599e-14	3.862002339296916e-09	5.842765268232302e-14	5.791727120538736e-13	5.969985688555368e-18	4.3898184836818775e-08
0.0794	7.260063968749759e-14	3.8913248544067295e-09	5.872311156285095e-14	5.821014667248575e-13	6.0001751543432035e-18	4.411997222960979e-08
0.0796	7.315056570686856e-14	3.920795371589591e-09	5.901931558914273e-14	5.850376075108085e-13	6.0304407596632646e-18	4.434231746885724e-08
0.07980000000000001	7.370326135788344e-14	3.9504142629583645e-09	5.931626476108936e-14	5.879811344096944e-13	6.060782504513755e-18	4.456522054694039e-08
0.08	7.425873359360763e-14	3.980181900622458e-09	5.961395907858193e-14	5.90932047419484e-13	6.091200388892883e-18	4.478868145623855e-08
0.08020000000000001	7.481698936707751e-14	4.0100986566878305e-09	5.991239854151146e-14	5.93890346538146e-13	6.1216944127988594e-18	4.5012700189131166e-08
0.0804	7.537803563130021e-14	4.040164903256978e-09	6.021158314976904e-14	5.96856031763649e-13	6.152264576229883e-18	4.523727673799768e-08
0.0806	7.594187933925401e-14	4.070381012428944e-09	6.051151290324577e-14	5.998291030939616e-13	6.182910879184172e-18	4.546241109521767e-08
0.08080000000000001	7.650852744388783e-14	4.100747356299313e-09	6.081218780183263e-14	6.028095605270525e-13	6.213633321659925e-18	4.568810325317073e-08
0.081	7.707798689812158e-14	4.131264306960215e-09	6.11136078454207e-14	6.057974040608901e-13	6.244431903655356e-18	4.5914353204236545e-08
0.08120000000000001	7.765026465484617e-14	4.161932236500323e-09	6.141577303390105e-14	6.087926336934431e-13	6.275306625168668e-18	4.6141160940794896e-08
0.0814	7.82253676669232e-14	4.192751517004856e-09	6.171868336716476e-14	6.117952494226802e-13	6.306257486198071e-18	4.636852645522556e-08
0.0816	7.880330288718538e-14	4.223722520555574e-09	6.202233884510284e-14	6.148052512465699e-13	6.3372844867417704e-18	4.659644973990847e-08
0.0818	7.938407726843612e-14	4.254845619230782e-09	6.23267394676064e-14	6.178226391630806e-13	6.3683876267979735e-18	4.6824930787223575e-08
0.082	7.996769776344993e-14	4.2861211851053335e-09	6.263188523456645e-14	6.208474131701815e-13	6.3995669063648916e-18	4.7053969589550905e-08
0.08220000000000001	8.05541713249721e-14	4.317549590250618e-09	6.29377761458741e-14	6.238795732658408e-13	6.4308223254407305e-18	4.728356613927056e-08
0.0824	8.114350490571877e-14	4.34913120673457e-09	6.324441220142035e-14	6.269191194480269e-13	6.462153884023694e-18	4.75137204287627e-08
0.0826	8.173570545837713e-14	4.380866406621676e-09	6.355179340109633e-14	6.299660517147089e-13	6.493561582111994e-18	4.774443245040759e-08
0.0828	8.233077993560508e-14	4.412755561972958e-09	6.385991974479303e-14	6.330203700638549e-13	6.525045419703834e-18	4.797570219658551e-08
0.083	8.292873529003162e-14	4.444799044845987e-09	6.416879123240152e-14	6.36082074493434e-13	6.556605396797426e-18	4.820752965967687e-08
0.08320000000000001	8.35295784742565e-14	4.476997227294877e-09	6.447840786381292e-14	6.391511650014146e-13	6.588241513390975e-18	4.843991483206209e-08
0.0834	8.413331644085035e-14	4.5093504813702805e-09	6.478876963891821e-14	6.422276415857652e-13	6.6199537694826866e-18	4.867285770612169e-08
0.08360000000000001	8.473995614235488e-14	4.541859179119406e-09	6.50998765576085e-14	6.453115042444545e-13	6.651742165070773e-18	4.890635827423627e-08
0.0838	8.534950453128252e-14	4.5745236925859926e-09	6.54117286197748e-14	6.484027529754509e-13	6.683606700153435e-18	4.9140416528786465e-08
0.084	8.596196856011671e-14	4.607344393810337e-09	6.572432582530825e-14	6.515013877767236e-13	6.7155473747288876e-18	4.937503246215303e-08
0.08420000000000001	8.657735518131169e-14	4.6403216548292695e-09	6.603766817409983e-14	6.546074086462408e-13	6.747564188795333e-18	4.961020606671674e-08
0.0844	8.719567134729264e-14	4.673455847676164e-09	6.635175566604063e-14	6.577208155819711e-13	6.7796571423509784e-18	4.984593733485843e-08
0.08460000000000001	8.781692401045569e-14	4.706747344380953e-09	6.66665883010217e-14	6.608416085818831e-13	6.811826235394036e-18	5.00822262589591e-08
0.0848	8.844112012316774e-14	4.740196516970093e-09	6.69821660789341e-14	6.639697876439454e-13	6.8440714679227074e-18	5.031907283139968e-08
0.085	8.906826663776682e-14	4.7738037374666005e-09	6.729848899966892e-14	6.67105352766127e-13	6.876392839935207e-18	5.05564770445613e-08
0.0852	8.96983705065616e-14	4.807569377890028e-09	6.761555706311716e-14	6.702483039463959e-13	6.908790351429733e-18	5.079443889082506e-08
0.0854	9.033143868183183e-14	4.841493810256479e-09	6.793337026916994e-14	6.733986411827211e-13	6.941264002404503e-18	5.1032958362572186e-08
0.08560000000000001	9.096747811582805e-14	4.875577406578595e-09	6.82519286177183e-14	6.765563644730713e-13	6.973813792857717e-18	5.1272035452183965e-08
0.0858	9.160649576077172e-14	4.909820538865557e-09	6.857123210865324e-14	6.797214738154148e-13	7.006439722787584e-18	5.1511670152041725e-08
0.08600000000000001	9.224849856885529e-14	4.9442235791231116e-09	6.889128074186589e-14	6.828939692077206e-13	7.039141792192314e-18	5.17518624545269e-08
0.0862	9.289349349224195e-14	4.978786899353523e-09	6.92120745172473e-14	6.860738506479567e-13	7.071920001070111e-18	5.199261235202096e-08
0.0864	9.354148748306598e-14	5.013510871555621e-09	6.95336134346885e-14	6.892611181340924e-13	7.104774349419185e-18	5.22339198369055e-08
0.08660000000000001	9.419248749343242e-14	5.048395867724764e-09	6.985589749408059e-14	6.92455771664096e-13	7.137704837237745e-18	5.2475784901562126e-08
0.0868	9.484650047541722e-14	5.083442259852865e-09	7.017892669531457e-14	6.956578112359359e-13	7.170711464523991e-18	5.2718207538372486e-08
0.08700000000000001	9.550353338106729e-14	5.1186504199283845e-09	7.050270103828155e-14	6.988672368475812e-13	7.20379423127614e-18	5.296118773971841e-08
0.0872	9.616359316240034e-14	5.15402071993631e-09	7.082722052287255e-14	7.020840484969999e-13	7.23695313749239e-18	5.320472549798168e-08
0.0874	9.682668677140519e-14	5.18955353185819e-09	7.115248514897867e-14	7.053082461821615e-13	7.270188183170958e-18	5.344882080554425e-08
0.0876	9.749282116004127e-14	5.225249227672114e-09	7.147849491649093e-14	7.085398299010335e-13	7.303499368310043e-18	5.369347365478804e-08
0.0878	9.81620032802392e-14	5.261108179352717e-09	7.180524982530042e-14	7.117787996515857e-13	7.336886692907862e-18	5.393868403809513e-08
0.08800000000000001	9.883424008390027e-14	5.297130758871173e-09	7.213274987529821e-14	7.150251554317861e-13	7.370350156962616e-18	5.418445194784763e-08
0.0882	9.950953852289672e-14	5.3333173381951946e-09	7.246099506637528e-14	7.18278897239603e-13	7.403889760472509e-18	5.4430777376427687e-08
0.0884	1.0018790554907181e-13	5.369668289289063e-09	7.278998539842279e-14	7.215400250730056e-13	7.437505503435755e-18	5.467766031621759e-08
0.0886	1.0086934811423954e-13	5.406183984113579e-09	7.311972087133171e-14	7.248085389299622e-13	7.471197385850559e-18	5.4925100759599615e-08
0.0888	1.01553873170185e-13	5.442864794626104e-09	7.345020148499319e-14	7.280844388084415e-13	7.504965407715127e-18	5.5173098698956194e-08
0.08900000000000001	1.0224148766866402e-13	5.479711092780534e-09	7.378142723929822e-14	7.313677247064123e-13	7.53880956902767e-18	5.542165412666976e-08
0.0892	1.0293219856140333e-13	5.516723250527313e-09	7.411339813413786e-14	7.34658396621843e-13	7.57272986978639e-18	5.567076703512283e-08
0.08940000000000001	1.0362601280010068e-13	5.553901639813435e-09	7.444611416940322e-14	7.379564545527021e-13	7.606726309989502e-18	5.592043741669803e-08
0.0896	1.0432293733642456e-13	5.591246632582429e-09	7.477957534498529e-14	7.412618984969584e-13	7.640798889635208e-18	5.617066526377798e-08
0.0898	1.0502297912201458e-13	5.628758600774375e-09	7.51137816607752e-14	7.445747284525808e-13	7.674947608721716e-18	5.642145056874548e-08
0.09000000000000001	1.0572614510848107e-13	5.6664379163259015e-09	7.544873311666399e-14	7.478949444175375e-13	7.709172467247236e-18	5.667279332398328e-08
0.0902	1.0643244224740522e-13	5.704284951170169e-09	7.578442971254266e-14	7.512225463897972e-13	7.743473465209972e-18	5.692469352187426e-08
0.09040000000000001	1.0714187749033936e-13	5.742300077236899e-09	7.612087144830234e-14	7.545575343673287e-13	7.777850602608131e-18	5.717715115480138e-08
0.0906	1.0785445778880648e-13	5.780483666452338e-09	7.645805832383402e-14	7.578999083481004e-13	7.812303879439928e-18	5.7430166215147625e-08
0.0908	1.0857019009430065e-13	5.818836090739301e-09	7.679599033902885e-14	7.612496683300812e-13	7.846833295703561e-18	5.768373869529612e-08
0.091	1.0928908135828667e-13	5.857357722017128e-09	7.713466749377782e-14	7.646068143112394e-13	7.881438851397244e-18	5.793786858762996e-08
0.0912	1.100111385322004e-13	5.896048932201716e-09	7.747408978797202e-14	7.679713462895439e-13	7.916120546519177e-18	5.819255588453244e-08
0.09140000000000001	1.1073636856744853e-13	5.934910093205499e-09	7.781425722150252e-14	7.713432642629633e-13	7.95087838106758e-18	5.8447800578386764e-08
0.0916	1.1146477841540852e-13	5.9739415769374574e-09	7.815516979426031e-14	7.747225682294658e-13	7.985712355040647e-18	5.8703602661576334e-08
0.0918	1.1219637502742905e-13	6.013143755303127e-09	7.849682750613653e-14	7.781092581870208e-13	8.020622468436593e-18	5.895996212648457e-08
0.092	1.1293116535482941e-13	6.052517000204569e-09	7.883923035702217e-14	7.815033341335962e-13	8.055608721253622e-18	5.921687896549496e-08
0.0922	1.1366915634889997e-13	6.092061683540407e-09	7.918237834680837e-14	7.849047960671611e-13	8.090671113489947e-18	5.94743531709911e-08
0.09240000000000001	1.1441035496090186e-13	6.1317781772058044e-09	7.952627147538613e-14	7.883136439856841e-13	8.12580964514377e-18	5.97323847353566e-08
0.0926	1.151547681420672e-13	6.171666853092464e-09	7.98709097426465e-14	7.917298778871334e-13	8.1610243162133e-18	5.999097365097515e-08
0.09280000000000001	1.1590240284359902e-13	6.2117280830886404e-09	8.02162931484806e-14	7.95153497769478e-13	8.196315126696744e-18	6.025011991023057e-08
0.093	1.166532660166711e-13	6.251962239079125e-09	8.056242169277941e-14	7.985845036306862e-13	8.231682076592308e-18	6.050982350550664e-08
0.0932	1.1740736461242849e-13	6.292369692945272e-09	8.090929537543408e-14	8.020228954687271e-13	8.267125165898205e-18	6.077008442918734e-08
0.09340000000000001	1.1816470558198677e-13	6.332950816564961e-09	8.125691419633559e-14	8.054686732815693e-13	8.302644394612639e-18	6.103090267365662e-08
0.0936	1.1892529587643244e-13	6.373705981812623e-09	8.160527815537503e-14	8.089218370671807e-13	8.338239762733814e-18	6.129227823129849e-08
0.09380000000000001	1.196891424468232e-13	6.414635560559236e-09	8.195438725244345e-14	8.123823868235307e-13	8.373911270259943e-18	6.155421109449715e-08
0.094	1.2045625224418728e-13	6.455739924672325e-09	8.230424148743193e-14	8.158503225485876e-13	8.409658917189229e-18	6.181670125563673e-08
0.0942	1.2122663221952417e-13	6.4970194460159605e-09	8.265484086023152e-14	8.193256442403202e-13	8.445482703519885e-18	6.207974870710151e-08
0.0944	1.2200028932380398e-13	6.53847449645075e-09	8.300618537073326e-14	8.22808351896697e-13	8.481382629250111e-18	6.234335344127582e-08
0.0946	1.2277723050796802e-13	6.5801054478338536e-09	8.335827501882825e-14	8.262984455156867e-13	8.517358694378122e-18	6.260751545054405e-08
0.09480000000000001	1.2355746272292806e-13	6.62191267201898e-09	8.37111098044075e-14	8.297959250952579e-13	8.553410898902121e-18	6.287223472729069e-08
0.095	1.243409929195671e-13	6.66389654085637e-09	8.40646897273621e-14	8.333007906333791e-13	8.589539242820315e-18	6.313751126390023e-08
0.0952	1.251278280487392e-13	6.7060574261928196e-09	8.44190147875831e-14	8.368130421280193e-13	8.625743726130915e-18	6.340334505275731e-08
0.0954	1.2591797506126867e-13	6.748395699871671e-09	8.477408498496158e-14	8.403326795771467e-13	8.662024348832124e-18	6.366973608624658e-08
0.0956	1.2671144090795155e-13	6.790911733732811e-09	8.512990031938856e-14	8.438597029787302e-13	8.698381110922152e-18	6.393668435675282e-08
0.09580000000000001	1.275082325395542e-13	6.833605899612666e-09	8.548646079075515e-14	8.473941123307385e-13	8.73481401239921e-18	6.420418985666083e-08
0.096	1.2830835690681404e-13	6.876478569344207e-09	8.584376639895236e-14	8.509359076311399e-13	8.771323053261496e-18	6.447225257835548e-08
0.09620000000000001	1.2911182096043958e-13	6.919530114756958e-09	8.620181714387126e-14	8.544850888779034e-13	8.807908233507228e-18	6.474087251422173e-08
0.0964	1.2991863165110975e-13	6.962760907676989e-09	8.656061302540295e-14	8.580416560689972e-13	8.844569553134605e-18	6.501004965664457e-08
0.0966	1.3072879592947508e-13	7.00617131992691e-09	8.692015404343842e-14	8.616056092023905e-13	8.88130701214184e-18	6.527978399800914e-08
0.09680000000000001	1.3154232074615642e-13	7.049761723325874e-09	8.728044019786884e-14	8.651769482760515e-13	8.918120610527138e-18	6.555007553070059e-08
0.097	1.3235921305174573e-13	7.093532489689585e-09	8.76414714885851e-14	8.687556732879489e-13	8.955010348288706e-18	6.58209242471041e-08
0.09720000000000001	1.3317947979680603e-13	7.137483990830296e-09	8.800324791547844e-14	8.723417842360518e-13	8.991976225424756e-18	6.609233013960502e-08
0.0974	1.3400312793187084e-13	7.181616598556793e-09	8.836576947843975e-14	8.759352811183278e-13	9.029018241933485e-18	6.636429320058868e-08
0.0976	1.3483016440744498e-13	7.225930684674415e-09	8.872903617736022e-14	8.795361639327469e-13	9.066136397813114e-18	6.663681342244056e-08
0.0978	1.35660596174004e-13	7.270426620985051e-09	8.909304801213088e-14	8.831444326772762e-13	9.103330693061836e-18	6.690989079754611e-08
0.098	1.3649443018199443e-13	7.315104779287134e-09	8.945780498264274e-14	8.867600873498858e-13	9.140601127677872e-18	6.718352531829097e-08
0.09820000000000001	1.3733167338183367e-13	7.359965531375635e-09	8.982330708878697e-14	8.903831279485436e-13	9.177947701659425e-18	6.745771697706075e-08
0.0984	1.3817233272390987e-13	7.405009249042068e-09	9.018955433045446e-14	8.94013554471218e-13	9.215370415004696e-18	6.773246576624115e-08
0.09860000000000001	1.390164151585823e-13	7.450236304074509e-09	9.055654670753641e-14	8.976513669158785e-13	9.2528692677119e-18	6.800777167821798e-08
0.0988	1.3986392763618106e-13	7.495647068257564e-09	9.092428421992381e-14	9.012965652804926e-13	9.29044425977924e-18	6.828363470537708e-08
0.099	1.4071487710700724e-13	7.541241913372402e-09	9.129276686750778e-14	9.0494914956303e-13	9.32809539120493e-18	6.856005484010435e-08
0.09920000000000001	1.4156927052133256e-13	7.587021211196714e-09	9.166199465017931e-14	9.086091197614588e-13	9.36582266198717e-18	6.883703207478583e-08
0.0994	1.4242711482939993e-13	7.632985333504755e-09	9.203196756782951e-14	9.122764758737475e-13	9.403626072124168e-18	6.911456640180752e-08
0.09960000000000001	1.4328841698142308e-13	7.679134652067322e-09	9.240268562034939e-14	9.159512178978653e-13	9.44150562161414e-18	6.93926578135556e-08
0.0998	1.441531839275866e-13	7.725469538651752e-09	9.277414880763002e-14	9.196333458317803e-13	9.479461310455279e-18	6.967130630241625e-08
0.1	1.4502142261804607e-13	7.77199036502193e-09	9.314635712956255e-14	9.23322859673461e-13	9.517493138645805e-18	6.995051186077573e-08
0.10020000000000001	1.4589314000292784e-13	7.818697502938298e-09	9.351931058603793e-14	9.270197594208772e-13	9.55560110618392e-18	7.023027448102039e-08
