0.0	0.0	0.0	0.0	0.0	0.0	0.0
0.0002	1.2663021286260724e-21	6.790680917446035e-17	4.0646671534204784e-19	4.029229518105428e-18	4.153104178477434e-23	3.059317196137186e-13
0.0004	1.0130406435113957e-20	5.432532136766254e-16	1.6258667821349154e-18	1.611691659493502e-17	1.6612416583541287e-22	1.2237213160726142e-12
0.0006000000000000001	3.4190085964152655e-20	1.8334753446166507e-15	3.658200081528697e-18	3.626305901425905e-17	3.73779370196389e-22	2.7533604458601845e-12
0.0008	8.10430819788636e-20	4.346005553978189e-15	6.5034664946735005e-18	6.446765455984816e-17	6.644966529121758e-22	4.894840765535776e-12
0.001	1.5828710396088385e-19	8.488272414640303e-15	1.0161665902719442e-17	1.0073070101547346e-16	1.0382760120272472e-21	7.648153931734585e-12
0.0012000000000000001	2.7351982961044897e-19	1.466770072039937e-14	1.4632798186816652e-17	1.450521961649065e-16	1.4951174455860761e-21	1.1013291601167664e-11
0.0014	4.343389048464762e-19	2.3291711485990984e-14	1.991686322811527e-17	1.9743213779191896e-16	2.0350209516331363e-21	1.4990245430621894e-11
0.0016	6.483419438066482e-19	3.4767721947111874e-14	2.6013860907765454e-17	2.5787052368028337e-16	2.6579865282129e-21	1.9579007076960032e-11
0.0018000000000000002	9.231265288474948e-19	4.9503145560441824e-14	3.292379110691737e-17	3.263673516137723e-16	3.3640141733698434e-21	2.4779568197120662e-11
0.002	1.2662902105444767e-18	6.79053920036655e-14	4.064665370672118e-17	4.029226193761589e-16	4.1531038851484375e-21	3.05919204481182e-11
0.0022	1.685430507692069e-18	9.038186717549454e-14	4.9182448588327094e-17	4.875363247512166e-16	5.0252556615931566e-21	3.7016055487042965e-11
0.0024000000000000002	2.1881449073038454e-18	1.1733997319568918e-13	5.853117563288527e-17	5.802084655227198e-16	5.980469500748475e-21	4.4051964971061056e-11
0.0026000000000000003	2.782030864612558e-18	1.491871084050805e-13	6.869283472154597e-17	6.809390394744422e-16	7.018745400658864e-21	5.1699640557414466e-11
0.0028	3.474685803070219e-18	1.8633066736559196e-13	7.966742573545936e-17	7.897280443901585e-16	8.140083359368802e-21	5.995907390342096e-11
0.003	4.273707114348197e-18	2.2917804086026177e-13	9.145494855577574e-17	9.065754780536443e-16	9.344483374922758e-21	6.883025666647427e-11
0.0032	5.186692158337279e-18	2.781366158932641e-13	1.040554030636453e-16	1.0314813382486753e-15	1.0631945445365206e-20	7.831318050404386e-11
0.0034000000000000002	6.221238263147775e-18	3.33613775689932e-13	1.1746878914021834e-16	1.1644456227590266e-15	1.2002469568740628e-20	8.840783707367508e-11
0.0036000000000000003	7.384942725109579e-18	3.960168996967782e-13	1.3169510666664514e-16	1.3054683293684756e-15	1.3456055743093485e-20	9.911421803298913e-11
0.0038	8.68540280877227e-18	4.657533635815177e-13	1.4673435552407582e-16	1.4545494558607984e-15	1.499270396646825e-20	1.10432315039683e-10
0.004	1.0130215746905195e-17	5.432305392330896e-13	1.625865355936609e-16	1.611689000019772e-15	1.6612414236909418e-20	1.223621197515296e-10
0.004200000000000001	1.1726978740497536e-17	6.288557947616795e-13	1.792516467565506e-16	1.7768869596291755e-15	1.831518655246144e-20	1.3490362382637765e-10
0.0044	1.34832889587584e-17	7.230364944987388e-13	1.967296888938952e-16	1.9501433324727835e-15	2.01010209111688e-20	1.4805681892215166e-10
0.0046	1.5406743539116922e-17	8.261799989970109e-13	2.15020661886845e-16	2.1314581163343784e-15	2.196991731107596e-20	1.61821696696852e-10
0.0048000000000000004	1.7504939587222324e-17	9.386936650305505e-13	2.3412456561655038e-16	2.3208313089977373e-15	2.3921875750227427e-20	1.76198248808555e-10
0.005	1.978547417694399e-17	1.0609848455947442e-12	2.5404139996416173e-16	2.518262908246638e-15	2.595689622666764e-20	1.9118646691541259e-10
0.005200000000000001	2.2255944350371593e-17	1.193460889906336e-12	2.747711648108294e-16	2.7237529118648624e-15	2.807497873844108e-20	2.0678634267565285e-10
0.0054	2.4923947117815104e-17	1.3365291434034463e-12	2.9631386003770363e-16	2.9373013176361885e-15	3.027612328359223e-20	2.2299786774757929e-10
0.0056	2.779707945780498e-17	1.4905969477455941e-12	3.186694855259349e-16	3.158908123344398e-15	3.256032986016557e-20	2.3982103378957163e-10
0.0058000000000000005	3.088293831709216e-17	1.656071640813722e-12	3.418380411566738e-16	3.388573326773273e-15	3.492759846620555e-20	2.5725583246008543e-10
0.006	3.4189120610648135e-17	1.8333605567102116e-12	3.658195268110704e-16	3.626296925706591e-15	3.737792909975667e-20	2.7530225541765154e-10
0.006200000000000001	3.7723223221665147e-17	2.022871025758914e-12	3.906139423702754e-16	3.872078917928138e-15	3.9911321758863397e-20	2.939602943208774e-10
0.0064	4.149284300155614e-17	2.225010374505164e-12	4.1622128771543895e-16	4.125919301221692e-15	4.2527776441570183e-20	3.132299408284457e-10
0.0066	4.550557676995494e-17	2.440185925715807e-12	4.4264156272771165e-16	4.3878180733710384e-15	4.522729314592152e-20	3.331111865991153e-10
0.0068000000000000005	4.976902131471627e-17	2.6688049983792185e-12	4.698747672882441e-16	4.6577752321599585e-15	4.800987186996191e-20	3.536040232917208e-10
0.007	5.429077339191584e-17	2.911274907705325e-12	4.979209012781865e-16	4.935790775372237e-15	5.087551261173576e-20	3.747084425651726e-10
0.007200000000000001	5.907842972585052e-17	3.168002965125632e-12	5.267799645786896e-16	5.2218647007916566e-15	5.3824215369287625e-20	3.964244360784569e-10
0.0074	6.413958700903827e-17	3.439396478293234e-12	5.564519570709035e-16	5.515997006202e-15	5.685598014066192e-20	4.1875199549063574e-10
0.0076	6.948184190221844e-17	3.725862751082852e-12	5.869368786359789e-16	5.8181876893870555e-15	5.997080692390312e-20	4.416911124608471e-10
0.0078000000000000005	7.511279103435154e-17	4.0278090835908424e-12	6.182347291550667e-16	6.128436748130604e-15	6.316869571705575e-20	4.6524177864830484e-10
0.008	8.104003100261963e-17	4.345642772135222e-12	6.503455085093167e-16	6.446744180216432e-15	6.644964651816423e-20	4.894039857122982e-10
0.0082	8.727115837242625e-17	4.6797711092557e-12	6.8326921657988e-16	6.773109983428327e-15	6.981365932527306e-20	5.141777253121929e-10
0.008400000000000001	9.38137696773965e-17	5.030601383713684e-12	7.170058532479069e-16	7.107534155550076e-15	7.326073413642672e-20	5.3956298910743e-10
0.0086	1.0067546141937715e-16	5.398540880492304e-12	7.515554183945479e-16	7.450016694365456e-15	7.679087094966967e-20	5.655597687575265e-10
0.0088	1.0786383006843686e-16	5.783996880796456e-12	7.869179119009541e-16	7.800557597658266e-15	8.04040697630464e-20	5.921680559220754e-10
0.009000000000000001	1.1538647206286592e-16	6.187376662052798e-12	8.230933336482751e-16	8.159156863212294e-15	8.410033057460137e-20	6.193878422607454e-10
0.0092	1.2325098380917667e-16	6.609087497909774e-12	8.600816835176622e-16	8.525814488811313e-15	8.7879653382379e-20	6.472191194332809e-10
0.0094	1.3146496168210348e-16	7.049536658237664e-12	8.978829613902661e-16	8.900530472239123e-15	9.17420381844239e-20	6.756618790995024e-10
0.009600000000000001	1.4003600202460265e-16	7.509131409128563e-12	9.364971671472368e-16	9.283304811279514e-15	9.568748497878046e-20	7.04716112919306e-10
0.0098	1.489717011478528e-16	7.988279012896439e-12	9.759243006697255e-16	9.674137503716265e-15	9.971599376349315e-20	7.343818125526637e-10
0.01	1.5827965533125484e-16	8.48738672807714e-12	1.0161643618388828e-15	1.0073028547333176e-14	1.0382756453660645e-19	7.646589696596234e-10
0.0102	1.6796746082243183e-16	9.00686180942841e-12	1.057217350535859e-15	1.047997793991403e-14	1.0802219729616484e-19	7.955475759003086e-10
0.010400000000000001	1.7804271383722944e-16	9.547111507929927e-12	1.0990832666418052e-15	1.089498567924262e-14	1.122998920402128e-19	8.270476229349193e-10
0.0106	1.8851301055971555e-16	1.0108543070783309e-11	1.1417621100378709e-15	1.1318051763102732e-14	1.1666064876679481e-19	8.591591024237298e-10
0.0108	1.9938594714218119e-16	1.0691563741412145e-11	1.1852538806052087e-15	1.1749176189278166e-14	1.2110446747395536e-19	8.91882006027092e-10
0.011000000000000001	2.106691197051395e-16	1.1296580759462015e-11	1.2295585782249684e-15	1.2188358955552707e-14	1.256313481597389e-19	9.25216325405433e-10
0.0112	2.2237012433732655e-16	1.1924001360800506e-11	1.2746762027782998e-15	1.2635600059710146e-14	1.3024129082218988e-19	9.591620522192545e-10
0.0114	2.344965570957015e-16	1.2574232777517256e-11	1.3206067541463548e-15	1.3090899499534277e-14	1.3493429545935277e-19	9.937191781291367e-10
0.011600000000000001	2.470560140054459e-16	1.3247682237923946e-11	1.3673502322102843e-15	1.3554257272808899e-14	1.3971036206927213e-19	1.0288876947957324e-09
0.0118	2.600560910599647e-16	1.3944756966554324e-11	1.4149066368512378e-15	1.4025673377317792e-14	1.4456949064999234e-19	1.064667593879772e-09
0.012	2.7350438422088607e-16	1.4665864184164267e-11	1.4632759679503671e-15	1.4505147810844757e-14	1.4951168119955797e-19	1.101058867042063e-09
0.0122	2.874084894180609e-16	1.541141110773175e-11	1.5124582253888223e-15	1.4992680571173594e-14	1.5453693371601345e-19	1.1380615059434858e-09
0.012400000000000001	3.017760025495636e-16	1.6181804950456913e-11	1.5624534090477553e-15	1.5488271656088084e-14	1.5964524819740323e-19	1.1756755022449986e-09
0.0126	3.1661451948169167e-16	1.697745292176204e-11	1.6132615188083154e-15	1.5991921063372028e-14	1.648366246417717e-19	1.2139008476076348e-09
0.0128	3.3193163604896674e-16	1.7798762227291605e-11	1.6648825545516541e-15	1.650362879080922e-14	1.7011106304716356e-19	1.2527375336925036e-09
0.013000000000000001	3.4773494805413305e-16	1.8646140068912313e-11	1.7173165161589224e-15	1.702339483618346e-14	1.7546856341162318e-19	1.2921855521607904e-09
0.0132	3.640320512681589e-16	1.9519993644713077e-11	1.7705634035112707e-15	1.755121919727854e-14	1.809091257331949e-19	1.3322448946737556e-09
0.0134	3.8083054143023605e-16	2.0420730149005088e-11	1.8246232164898505e-15	1.8087101871878254e-14	1.8643275000992342e-19	1.3729155528927365e-09
0.013600000000000001	3.9813801424778026e-16	2.134875677232179e-11	1.879495954975812e-15	1.86310428577664e-14	1.920394362398531e-19	1.4141975184791456e-09
0.013800000000000002	4.1596206539643094e-16	2.2304480701418926e-11	1.9351816188503064e-15	1.9183042152726786e-14	1.9772918442102836e-19	1.4560907830944713e-09
0.014	4.3431029052005113e-16	2.328830911927456e-11	1.9916802079944845e-15	1.974309975454319e-14	2.0350199455149373e-19	1.498595338400277e-09
0.0142	4.531902852307287e-16	2.430064920508912e-11	2.0489917222894967e-15	2.0311215660999426e-14	2.093578666292938e-19	1.5417111760582035e-09
0.014400000000000001	4.726096451087749e-16	2.534190813428537e-11	2.1071161616164952e-15	2.0887389869879283e-14	2.152968006524729e-19	1.5854382877299667e-09
0.0146	4.925759657027251e-16	2.641249307850845e-11	2.1660535258566283e-15	2.1471622378966567e-14	2.2131879661907547e-19	1.6297766650773572e-09
0.0148	5.130968425293396e-16	2.7512811205625947e-11	2.2258038148910505e-15	2.206391318604506e-14	2.2742385452714613e-19	1.6747262997622436e-09
0.015000000000000001	5.341798710736026e-16	2.864326967972786e-11	2.2863670286009105e-15	2.266426228889859e-14	2.336119743747293e-19	1.7202871834465691e-09
0.0152	5.558326467887222e-16	2.98042756611266e-11	2.3477431668673588e-15	2.3272669685310934e-14	2.398831561598694e-19	1.7664593077923513e-09
0.0154	5.78062765096132e-16	3.099623630635711e-11	2.4099322295715476e-15	2.3889135373065904e-14	2.4623739988061097e-19	1.8132426644616866e-09
0.015600000000000001	6.008778213854893e-16	3.2219558768176795e-11	2.4729342165946284e-15	2.451365934994729e-14	2.526747055349985e-19	1.8606372451167453e-09
0.0158	6.242854110146768e-16	3.347465019556558e-11	2.5367491278177502e-15	2.5146241613738906e-14	2.5919507312107637e-19	1.9086430414197737e-09
0.016	6.482931293098011e-16	3.4761917733725915e-11	2.601376963122065e-15	2.578688216222454e-14	2.6579850263688912e-19	1.957260045033093e-09
0.0162	6.729085715651943e-16	3.6081768524082836e-11	2.6668177223887235e-15	2.6435580993188e-14	2.724849940804812e-19	2.006488247619103e-09
0.0164	6.981393330434141e-16	3.7434609704283983e-11	2.7330714054988786e-15	2.70923381044131e-14	2.7925454744989716e-19	2.0563276408402773e-09
0.0166	7.23993008975241e-16	3.8820848408199505e-11	2.800138012333677e-15	2.7757153493683633e-14	2.8610716274318136e-19	2.1067782163591645e-09
0.016800000000000002	7.50477194559683e-16	4.0240891765922303e-11	2.868017542774275e-15	2.84300271587834e-14	2.9304283995837846e-19	2.157839965838391e-09
0.017	7.775994849639711e-16	4.1695146903767797e-11	2.9367099967018202e-15	2.9110959097496196e-14	3.0006157909353274e-19	2.2095128809406584e-09
0.0172	8.053674753235634e-16	4.318402094427418e-11	3.0062153739974645e-15	2.979994930760583e-14	3.071633801466887e-19	2.2617969533287423e-09
0.017400000000000002	8.337887607421429e-16	4.470792100620231e-11	3.07653367454236e-15	3.049699778689613e-14	3.1434824311589093e-19	2.3146921746654975e-09
0.0176	8.628709362916163e-16	4.62672542045357e-11	3.1476648982176562e-15	3.120210453315087e-14	3.216161679991838e-19	2.3681985366138504e-09
0.0178	8.926215970121187e-16	4.786242765048067e-11	3.219609044904503e-15	3.191526954415387e-14	3.289671547946118e-19	2.4223160308368068e-09
0.018000000000000002	9.23048337912008e-16	4.949384845146631e-11	3.292366114484055e-15	3.263649281768895e-14	3.364012035002196e-19	2.4770446489974486e-09
0.0182	9.5415875396787e-16	5.1161923711144375e-11	3.365936106837462e-15	3.336577435153988e-14	3.4391831411405137e-19	2.53238438275893e-09
0.0184	9.85960440124514e-16	5.2867060529389533e-11	3.440319021845874e-15	3.410311414349048e-14	3.5151848663415157e-19	2.5883352237844824e-09
0.018600000000000002	1.018460991294978e-15	5.4609666002299285e-11	3.5155148593904434e-15	3.484851219132458e-14	3.5920172105856515e-19	2.6448971637374154e-09
0.0188	1.0516680023605226e-15	5.639014722219384e-11	3.5915236193523205e-15	3.560196849282595e-14	3.6696801738533607e-19	2.70207019428111e-09
0.019	1.0855890681706366e-15	5.82089112776164e-11	3.6683453016126555e-15	3.636348304577843e-14	3.7481737561250905e-19	2.7598543070790273e-09
0.019200000000000002	1.1202317835430356e-15	6.006636525333307e-11	3.7459799060526025e-15	3.713305584796583e-14	3.8274979573812863e-19	2.8182494937947033e-09
0.0194	1.1556037432636584e-15	6.196291623033276e-11	3.824427432553312e-15	3.7910686897171914e-14	3.9076527776023904e-19	2.8772557460917465e-09
0.0196	1.1917125420866725e-15	6.389897128582736e-11	3.903687880995932e-15	3.869637619118053e-14	3.988638216768849e-19	2.9368730556338446e-09
0.0198	1.2285657747344711e-15	6.587493749325178e-11	3.983761251261618e-15	3.949012372777549e-14	4.070454274861109e-19	2.997101414084761e-09
0.02	1.2661710358976735e-15	6.789122192226381e-11	4.064647543231517e-15	4.029192950474058e-14	4.15310095185961e-19	3.0579408131083325e-09
0.020200000000000003	1.3045359202351254e-15	6.994823163874428e-11	4.146346756786785e-15	4.110179351985962e-14	4.2365782477448e-19	3.1193912443684745e-09
0.0204	1.3436680223738996e-15	7.204637370479698e-11	4.228858891808567e-15	4.1919715770916447e-14	4.3208861624971247e-19	3.181452699529175e-09
0.0206	1.3835749369092949e-15	7.41860551787489e-11	4.31218394817802e-15	4.2745696255694816e-14	4.406024696097026e-19	3.2441251702545022e-09
0.020800000000000003	1.4242642584048385e-15	7.636768311514996e-11	4.3963219257762944e-15	4.357973497197859e-14	4.491993848524952e-19	3.307408648208596e-09
0.021	1.4657435813922815e-15	7.859166456477314e-11	4.481272824484539e-15	4.4421831917551546e-14	4.578793619761345e-19	3.3713031250556733e-09
0.0212	1.5080205003716037e-15	8.085840657461466e-11	4.5670366441839044e-15	4.5271987090197505e-14	4.666424009786652e-19	3.4358085924600265e-09
0.021400000000000002	1.551102609811014e-15	8.316831618789377e-11	4.6536133847555475e-15	4.61302004877003e-14	4.7548850185813155e-19	3.500925042086028e-09
0.0216	1.5949975041469431e-15	8.552180044405288e-11	4.741003046080613e-15	4.699647210784372e-14	4.84417664612578e-19	3.566652465598118e-09
0.0218	1.6397127777840533e-15	8.791926637875756e-11	4.829205628040256e-15	4.7870801948411586e-14	4.934298892400492e-19	3.632990854660821e-09
0.022000000000000002	1.685256025095234e-15	9.03611210238967e-11	4.918221130515628e-15	4.875319000718773e-14	5.025251757385897e-19	3.69994020093873e-09
0.0222	1.7316348404215982e-15	9.28477714075822e-11	5.008049553387879e-15	4.964363628195594e-14	5.117035241062437e-19	3.767500496096517e-09
0.0224	1.7788568180724906e-15	9.537962455414937e-11	5.0986908965381595e-15	5.054214077050003e-14	5.209649343410557e-19	3.835671731798932e-09
0.022600000000000002	1.8269295523254807e-15	9.795708748415678e-11	5.190145159847625e-15	5.144870347060383e-14	5.303094064410702e-19	3.9044538997107975e-09
0.0228	1.875860637426367e-15	1.0058056721438607e-10	5.28241234319742e-15	5.236332438005114e-14	5.397369404043321e-19	3.973846991497014e-09
0.023	1.9256576675891735e-15	1.0325047075784246e-10	5.375492446468702e-15	5.32860034966258e-14	5.492475362288852e-19	4.043850998822552e-09
0.023200000000000002	1.9763282369961563e-15	1.0596720512375442e-10	5.469385469542621e-15	5.421674081811162e-14	5.588411939127747e-19	4.1144659133524695e-09
0.0234	2.027879939797794e-15	1.0873117731757357e-10	5.564091412300325e-15	5.5155536342292386e-14	5.685179134540445e-19	4.185691726751887e-09
0.0236	2.080320370112795e-15	1.1154279434097511e-10	5.659610274622971e-15	5.610239006695195e-14	5.782776948507392e-19	4.2575284306860095e-09
0.0238	2.1336571220281012e-15	1.1440246319185761e-10	5.755942056391705e-15	5.705730198987411e-14	5.881205381009037e-19	4.3299760168201176e-09
0.024	2.1878977895988712e-15	1.1731059086434307e-10	5.853086757487683e-15	5.802027210884269e-14	5.980464432025819e-19	4.403034476819561e-09
0.024200000000000003	2.2430499668485023e-15	1.2026758434877677e-10	5.9510443777920554e-15	5.899130042164152e-14	6.080554101538185e-19	4.476703802349773e-09
0.0244	2.2991212477686154e-15	1.232738506317276e-10	6.049814917185967e-15	5.997038692605442e-14	6.181474389526579e-19	4.550983985076257e-09
0.0246	2.3561192263190597e-15	1.2632979669598794e-10	6.14939837555058e-15	6.095753161986515e-14	6.283225295971447e-19	4.625875016664594e-09
0.024800000000000003	2.4140514964279136e-15	1.294358295205735e-10	6.249794752767042e-15	6.195273450085762e-14	6.385806820853235e-19	4.701376888780444e-09
0.025	2.472925651991484e-15	1.3259235608072367e-10	6.3510040487165005e-15	6.295599556681557e-14	6.489218964152384e-19	4.777489593089537e-09
0.0252	2.532749286874304e-15	1.3579978334790146e-10	6.453026263280111e-15	6.396731481552288e-14	6.593461725849339e-19	4.854213121257684e-09
0.025400000000000002	2.593529994909143e-15	1.3905851828979316e-10	6.555861396339023e-15	6.498669224476336e-14	6.698535105924551e-19	4.93154746495077e-09
0.0256	2.655275369896987e-15	1.4236896787030893e-10	6.6595094477743884e-15	6.601412785232079e-14	6.804439104358458e-19	5.009492615834751e-09
0.0258	2.7179930056070617e-15	1.4573153904958236e-10	6.7639704174673605e-15	6.704962163597901e-14	6.911173721131508e-19	5.0880485655756666e-09
0.026000000000000002	2.781690495776816e-15	1.4914663878397088e-10	6.86924430529909e-15	6.809317359352189e-14	7.018738956224146e-19	5.167215305839629e-09
0.0262	2.84637543411193e-15	1.526146740260553e-10	6.9753311111507275e-15	6.91447837227332e-14	7.127134809616813e-19	5.246992828292824e-09
0.0264	2.9120554142863115e-15	1.5613605172464027e-10	7.082230834903425e-15	7.020445202139675e-14	7.236361281289958e-19	5.327381124601516e-09
0.026600000000000002	2.9787380299420975e-15	1.5971117882475426e-10	7.189943476438337e-15	7.127217848729642e-14	7.346418371224027e-19	5.408380186432046e-09
0.0268	3.0464308746896565e-15	1.633404622676491e-10	7.298469035636609e-15	7.234796311821598e-14	7.457306079399459e-19	5.489990005450824e-09
0.027	3.1151415421075812e-15	1.670243089908007e-10	7.407807512379396e-15	7.343180591193929e-14	7.569024405796702e-19	5.572210573324345e-09
0.027200000000000002	3.184877625742703e-15	1.7076312592790867e-10	7.517958906547854e-15	7.452370686625014e-14	7.681573350396202e-19	5.655041881719175e-09
0.0274	3.2556467191100692e-15	1.745573200088962e-10	7.628923218023127e-15	7.562366597893238e-14	7.7949529131784e-19	5.738483922301954e-09
0.027600000000000003	3.327456415692973e-15	1.7840729815991062e-10	7.740700446686371e-15	7.673168324776986e-14	7.909163094123744e-19	5.8225366867394045e-09
0.027800000000000002	3.4003143089429195e-15	1.8231346730332272e-10	7.853290592418738e-15	7.784775867054636e-14	8.024203893212678e-19	5.907200166698315e-09
0.028	3.4742279922796593e-15	1.862762343577274e-10	7.966693655101376e-15	7.897189224504572e-14	8.140075310425647e-19	5.9924743538455575e-09
0.028200000000000003	3.549205059091164e-15	1.902960062379435e-10	8.08090963461544e-15	8.010408396905179e-14	8.256777345743098e-19	6.078359239848079e-09
0.0284	3.625253102733637e-15	1.9437318985501343e-10	8.19593853084208e-15	8.124433384034834e-14	8.374309999145471e-19	6.164854816372896e-09
0.0286	3.702379716531512e-15	1.9850819211620374e-10	8.31178034366245e-15	8.239264185671924e-14	8.492673270613211e-19	6.2519610750871095e-09
0.028800000000000003	3.780592493777453e-15	2.027014199250051e-10	8.428435072957702e-15	8.354900801594832e-14	8.61186716012677e-19	6.339678007657894e-09
0.029	3.8598990277323535e-15	2.0695328018113164e-10	8.545902718608982e-15	8.47134323158194e-14	8.731891667666582e-19	6.428005605752493e-09
0.0292	3.940306911625336e-15	2.1126417978052188e-10	8.664183280497444e-15	8.588591475411631e-14	8.8527467932131e-19	6.5169438610382315e-09
0.029400000000000003	4.0218237386537604e-15	2.1563452561533834e-10	8.783276758504249e-15	8.706645532862285e-14	8.974432536746768e-19	6.6064927651825135e-09
0.0296	4.104457101983203e-15	2.2006472457396726e-10	8.903183152510537e-15	8.825505403712286e-14	9.096948898248027e-19	6.696652309852809e-09
0.0298	4.188214594747486e-15	2.2455518354101928e-10	9.023902462397462e-15	8.945171087740021e-14	9.220295877697323e-19	6.787422486716675e-09
0.030000000000000002	4.273103810048654e-15	2.2910630939732895e-10	9.145434688046182e-15	9.065642584723874e-14	9.344473475075103e-19	6.8788032874417366e-09
0.0302	4.35913234095698e-15	2.3371850901995473e-10	9.26777982933784e-15	9.18691989444222e-14	9.469481690361807e-19	6.970794703695695e-09
0.0304	4.446307780510975e-15	2.383921892821796e-10	9.390937886153595e-15	9.309003016673449e-14	9.595320523537885e-19	7.06339672714633e-09
0.030600000000000002	4.534637721717375e-15	2.4312775705351045e-10	9.514908858374598e-15	9.431891951195941e-14	9.721989974583782e-19	7.1566093494615e-09
0.0308	4.62412975755115e-15	2.4792561919967817e-10	9.639692745881997e-15	9.555586697788079e-14	9.849490043479937e-19	7.2504325623091284e-09
0.031	4.714791480955497e-15	2.527861825826381e-10	9.765289548556946e-15	9.680087256228245e-14	9.9778207302068e-19	7.3448663573572274e-09
0.031200000000000002	4.806630484841851e-15	2.5770985406056975e-10	9.891699266280601e-15	9.805393626294826e-14	1.0106982034744818e-18	7.439910726273877e-09
0.031400000000000004	4.899654362089872e-15	2.626970404878768e-10	1.0018921898934106e-14	9.931505807766206e-14	1.023697395707443e-18	7.535565660727236e-09
0.0316	4.9938707055474536e-15	2.677481487151869e-10	1.0146957446398616e-14	1.0058423800420761e-13	1.036779649717608e-18	7.631831152385531e-09
0.0318	5.089287108030716e-15	2.7286358558935246e-10	1.0275805908555284e-14	1.0186147604036882e-13	1.0499449655030216e-18	7.72870719291708e-09
0.032	5.185911162324025e-15	2.7804375795344986e-10	1.0405467285285261e-14	1.0314677218392948e-13	1.0631933430617283e-18	7.826193773990261e-09
0.0322	5.283750461179959e-15	2.8328907264678e-10	1.0535941576469701e-14	1.0444012643267344e-13	1.0765247823917723e-18	7.92429088727354e-09
0.0324	5.38281259731934e-15	2.8859993650486786e-10	1.0667228781989754e-14	1.0574153878438456e-13	1.0899392834911985e-18	8.02299852443545e-09
0.032600000000000004	5.483105163431223e-15	2.939767563594632e-10	1.0799328901726575e-14	1.0705100923684665e-13	1.1034368463580513e-18	8.122316677144609e-09
0.0328	5.584635752172885e-15	2.994199390385394e-10	1.093224193556131e-14	1.0836853778784353e-13	1.1170174709903748e-18	8.222245337069697e-09
0.033	5.687411956169841e-15	3.049298913662951e-10	1.106596788337511e-14	1.0969412443515908e-13	1.1306811573862136e-18	8.32278449587948e-09
0.0332	5.7914413680158356e-15	3.1050702016315265e-10	1.1200506745049135e-14	1.1102776917657708e-13	1.1444279055436126e-18	8.423934145242801e-09
0.0334	5.896731580272851e-15	3.161517322457593e-10	1.1335858520464535e-14	1.123694720098814e-13	1.1582577154606159e-18	8.52569427682857e-09
0.033600000000000005	6.003290185471098e-15	3.2186443442698704e-10	1.1472023209502463e-14	1.137192329328559e-13	1.1721705871352683e-18	8.628064882305787e-09
0.033800000000000004	6.111124776109012e-15	3.2764553351593124e-10	1.1609000812044065e-14	1.1507705194328434e-13	1.1861665205656137e-18	8.731045953343508e-09
0.034	6.2202429446532725e-15	3.3349543631791277e-10	1.1746791327970495e-14	1.1644292903895065e-13	1.200245515749697e-18	8.834637481610885e-09
0.0342	6.330652283538787e-15	3.394145496344768e-10	1.1885394757162907e-14	1.1781686421763858e-13	1.2144075726855626e-18	8.938839458777125e-09
0.0344	6.44236038516869e-15	3.4540328026339297e-10	1.202481109950245e-14	1.1919885747713204e-13	1.228652691371255e-18	9.04365187651153e-09
0.0346	6.555374841914358e-15	3.514620349986554e-10	1.2165040354870282e-14	1.2058890881521486e-13	1.2429808718048184e-18	9.149074726483468e-09
0.034800000000000005	6.669703246115398e-15	3.575912206304833e-10	1.2306082523147554e-14	1.219870182296709e-13	1.2573921139842977e-18	9.255108000362388e-09
0.035	6.7853531900796386e-15	3.637912439453195e-10	1.244793760421541e-14	1.233931857182839e-13	1.2718864179077372e-18	9.361751689817805e-09
0.0352	6.902332266083149e-15	3.7006251172583245e-10	1.259060559795501e-14	1.2480741127883779e-13	1.2864637835731816e-18	9.469005786519319e-09
0.0354	7.02064806637024e-15	3.764054307509148e-10	1.2734086504247498e-14	1.262296949091164e-13	1.3011242109786745e-18	9.5768702821366e-09
0.0356	7.140308183153443e-15	3.828204077956841e-10	1.2878380322974036e-14	1.2766003660690354e-13	1.3158677001222615e-18	9.685345168339402e-09
0.0358	7.26132020861352e-15	3.893078496314824e-10	1.3023487054015773e-14	1.2909843636998304e-13	1.3306942510019865e-18	9.794430436797546e-09
0.036000000000000004	7.383691734899484e-15	3.958681630258769e-10	1.3169406697253863e-14	1.305448941961389e-13	1.3456038636158948e-18	9.904126079180935e-09
0.0362	7.507430354128563e-15	4.0250175474265855e-10	1.3316139252569454e-14	1.3199941008315473e-13	1.3605965379620297e-18	1.001443208715954e-08
0.0364	7.632543658386225e-15	4.0920903154184413e-10	1.3463684719843698e-14	1.3346198402881452e-13	1.375672274038436e-18	1.0125348452403419e-08
0.0366	7.759039239726167e-15	4.159904001796747e-10	1.3612043098957747e-14	1.3493261603090199e-13	1.3908310718431581e-18	1.0236875166582688e-08
0.0368	7.88692469017033e-15	4.228462674086164e-10	1.3761214389792757e-14	1.3641130608720114e-13	1.4060729313742406e-18	1.0349012221367559e-08
0.037000000000000005	8.016207601708882e-15	4.297770399773602e-10	1.391119859222988e-14	1.3789805419549574e-13	1.4213978526297292e-18	1.0461759608428314e-08
0.037200000000000004	8.146895566300221e-15	4.367831246308215e-10	1.4061995706150263e-14	1.3939286035356962e-13	1.4368058356076664e-18	1.0575117319435296e-08
0.0374	8.278996175870974e-15	4.4386492811014076e-10	1.4213605731435064e-14	1.408957245592066e-13	1.4522968803060976e-18	1.068908534605894e-08
0.0376	8.412517022316025e-15	4.5102285715268384e-10	1.436602866796543e-14	1.424066468101906e-13	1.4678709867230675e-18	1.0803663679969756e-08
0.0378	8.547465697498468e-15	4.5825731849204083e-10	1.4519264515622514e-14	1.4392562710430542e-13	1.4835281548566197e-18	1.0918852312838324e-08
0.038	8.683849793249635e-15	4.6556871885802713e-10	1.467331327428747e-14	1.4545266543933493e-13	1.4992683847048e-18	1.1034651236335299e-08
0.038200000000000005	8.821676901369114e-15	4.729574649766834e-10	1.4828174943841458e-14	1.46987761813063e-13	1.5150916762656526e-18	1.115106044213142e-08
0.038400000000000004	8.96095461362469e-15	4.804239635702746e-10	1.498384952416562e-14	1.4853091622327342e-13	1.5309980295372205e-18	1.1268079921897489e-08
0.0386	9.101690521752412e-15	4.879686213572912e-10	1.5140337015141107e-14	1.5008212866775003e-13	1.5469874445175495e-18	1.1385709667304393e-08
0.0388	9.243892217456547e-15	4.955918450524482e-10	1.5297637416649084e-14	1.5164139914427668e-13	1.5630599212046838e-18	1.1503949670023093e-08
0.039	9.387567292409605e-15	5.032940413666866e-10	1.5455750728570686e-14	1.5320872765063727e-13	1.5792154595966681e-18	1.1622799921724623e-08
0.0392	9.53272333825233e-15	5.110756170071712e-10	1.561467695078708e-14	1.5478411418461562e-13	1.5954540596915465e-18	1.1742260414080098e-08
0.039400000000000004	9.679367946593698e-15	5.189369786772934e-10	1.577441608317941e-14	1.5636755874399564e-13	1.6117757214873643e-18	1.1862331138760711e-08
0.0396	9.82750870901091e-15	5.268785330766681e-10	1.5934968125628832e-14	1.5795906132656105e-13	1.6281804449821646e-18	1.198301208743771e-08
0.0398	9.97715321704942e-15	5.349006869011367e-10	1.6096333078016497e-14	1.5955862193009578e-13	1.6446682301739923e-18	1.2104303251782445e-08
0.04	1.0128309062222906e-14	5.43003846842765e-10	1.6258510940223552e-14	1.611662405523837e-13	1.6612390770608924e-18	1.222620462346633e-08
0.0402	1.0280983836013278e-14	5.511884195898443e-10	1.6421501712131155e-14	1.627819171912086e-13	1.6778929856409093e-18	1.2348716194160855e-08
0.040400000000000005	1.0435185129870698e-14	5.594548118268909e-10	1.658530539362047e-14	1.6440565184435441e-13	1.6946299559120874e-18	1.247183795553759e-08
0.040600000000000004	1.0590920535213538e-14	5.678034302346464e-10	1.6749921984572625e-14	1.660374445096049e-13	1.7114499878724708e-18	1.2595569899268168e-08
0.0408	1.074819764342842e-14	5.762346814900779e-10	1.691535148486879e-14	1.6767729518474402e-13	1.7283530815201048e-18	1.2719912017024311e-08
0.041	1.0907024045870198e-14	5.847489722663775e-10	1.7081593894390112e-14	1.6932520386755548e-13	1.745339236853033e-18	1.2844864300477818e-08
0.0412	1.1067407333861968e-14	5.933467092329627e-10	1.7248649213017744e-14	1.7098117055582321e-13	1.7624084538693e-18	1.297042674130055e-08
0.0414	1.122935509869505e-14	6.020282990554761e-10	1.741651744063284e-14	1.7264519524733108e-13	1.779560732566951e-18	1.3096599331164456e-08
0.041600000000000005	1.1392874931629011e-14	6.107941483957861e-10	1.7585198577116553e-14	1.7431727793986298e-13	1.7967960729440304e-18	1.322338206174156e-08
0.041800000000000004	1.1557974423891631e-14	6.196446639119859e-10	1.775469262235003e-14	1.7599741863120268e-13	1.814114474998582e-18	1.335077492470395e-08
0.042	1.1724661166678958e-14	6.285802522583946e-10	1.792499957621443e-14	1.7768561731913404e-13	1.83151593872865e-18	1.3478777911723804e-08
0.0422	1.1892942751155251e-14	6.376013200855564e-10	1.8096119438590894e-14	1.7938187400144097e-13	1.84900046413228e-18	1.3607391014473367e-08
0.0424	1.2062826768453011e-14	6.467082740402412e-10	1.8268052209360587e-14	1.8108618867590725e-13	1.8665680512075163e-18	1.3736614224624965e-08
0.0426	1.2234320809672986e-14	6.559015207654435e-10	1.844079788840466e-14	1.8279856134031683e-13	1.884218699952402e-18	1.3866447533851e-08
0.042800000000000005	1.2407432465884149e-14	6.651814669003852e-10	1.861435647560427e-14	1.8451899199245355e-13	1.901952410364984e-18	1.3996890933823947e-08
0.043000000000000003	1.2582169328123703e-14	6.74548519080511e-10	1.878872797084055e-14	1.8624748063010118e-13	1.9197691824433044e-18	1.4127944416216351e-08
0.0432	1.2758538987397092e-14	6.840030839374935e-10	1.8963912373994668e-14	1.8798402725104365e-13	1.9376690161854084e-18	1.4259607972700839e-08
0.0434	1.293654903467801e-14	6.935455680992292e-10	1.9139909684947775e-14	1.8972863185306478e-13	1.955651911589341e-18	1.4391881594950121e-08
0.0436	1.3116207060908364e-14	7.031763781898415e-10	1.9316719903581022e-14	1.9148129443394844e-13	1.973717868653147e-18	1.4524765274636967e-08
0.0438	1.3297520656998322e-14	7.128959208296781e-10	1.9494343029775563e-14	1.932420149914785e-13	1.991866887374869e-18	1.4658259003434233e-08
0.044000000000000004	1.3480497413826274e-14	7.227046026353142e-10	1.9672779063412553e-14	1.950107935234389e-13	2.0100989677525548e-18	1.4792362773014853e-08
0.0442	1.3665144922238838e-14	7.326028302195475e-10	1.9852028004373138e-14	1.9678763002761336e-13	2.0284141097842453e-18	1.4927076575051826e-08
0.0444	1.3851470773050878e-14	7.425910101914043e-10	2.003208985253847e-14	1.9857252450178574e-13	2.046812313467987e-18	1.5062400401218233e-08
0.0446	1.4039482557045507e-14	7.526695491561351e-10	2.0212964607789714e-14	2.0036547694374e-13	2.0652935788018236e-18	1.5198334243187234e-08
0.0448	1.4229187864974053e-14	7.62838853715217e-10	2.0394652270008e-14	2.0216648735125991e-13	2.0838579057838e-18	1.533487809263206e-08
0.045000000000000005	1.4420594287556104e-14	7.730993304663519e-10	2.0577152839074512e-14	2.0397555572212946e-13	2.1025052944119602e-18	1.5472031941226026e-08
0.045200000000000004	1.461370941547945e-14	7.834513860034678e-10	2.0760466314870375e-14	2.0579268205413235e-13	2.1212357446843496e-18	1.5609795780642505e-08
0.0454	1.4808540839400156e-14	7.938954269167178e-10	2.0944592697276748e-14	2.0761786634505248e-13	2.1400492565990118e-18	1.5748169602554957e-08
0.0456	1.5005096149942503e-14	8.044318597924826e-10	2.1129531986174796e-14	2.0945110859267378e-13	2.158945830153992e-18	1.5887153398636933e-08
0.0458	1.520338293769901e-14	8.150610912133668e-10	2.131528418144566e-14	2.112924087947801e-13	2.177925465347334e-18	1.602674716056202e-08
0.046	1.5403408793230442e-14	8.25783527758202e-10	2.1501849282970495e-14	2.1314176694915528e-13	2.196988162177082e-18	1.616695088000392e-08
0.046200000000000005	1.56051813070658e-14	8.365995760020452e-10	2.168922729063046e-14	2.1499918305358321e-13	2.216133920641283e-18	1.6307764548636402e-08
0.046400000000000004	1.580870806970231e-14	8.47509642516179e-10	2.1877418204306702e-14	2.168646571058477e-13	2.235362740737978e-18	1.6449188158133283e-08
0.0466	1.601399667160544e-14	8.585141338681117e-10	2.206642202388037e-14	2.187381891037326e-13	2.2546746224652134e-18	1.659122170016849e-08
0.0468	1.6221054703208918e-14	8.696134566215791e-10	2.2256238749232623e-14	2.2061977904502184e-13	2.274069565821033e-18	1.673386516641601e-08
0.047	1.6429889754914668e-14	8.808080173365404e-10	2.2446868380244614e-14	2.2250942692749925e-13	2.2935475708034815e-18	1.6877118548549913e-08
0.0472	1.6640509417092885e-14	8.920982225691838e-10	2.2638310916797493e-14	2.2440713274894872e-13	2.313108637410604e-18	1.7020981838244336e-08
0.047400000000000005	1.6852921280082007e-14	9.034844788719208e-10	2.2830566358772407e-14	2.263128965071541e-13	2.3327527656404447e-18	1.7165455027173503e-08
0.0476	1.7067132934188678e-14	9.149671927933895e-10	2.3023634706050523e-14	2.2822671819989925e-13	2.3524799554910477e-18	1.731053810701169e-08
0.0478	1.7283151969687787e-14	9.265467708784556e-10	2.3217515958512982e-14	2.30148597824968e-13	2.3722902069604564e-18	1.7456231069433278e-08
0.048	1.7500985976822488e-14	9.38223619668209e-10	2.3412210116040948e-14	2.3207853538014427e-13	2.3921835200467177e-18	1.760253390611271e-08
0.0482	1.7720642545804142e-14	9.499981456999664e-10	2.360771717851556e-14	2.34016530863212e-13	2.4121598947478743e-18	1.7749446608724498e-08
0.048400000000000006	1.7942129266812384e-14	9.618707555072708e-10	2.380403714581799e-14	2.359625842719549e-13	2.4322193310619718e-18	1.789696916894325e-08
0.048600000000000004	1.8165453729995052e-14	9.73841855619891e-10	2.4001170017829367e-14	2.37916695604157e-13	2.452361828987054e-18	1.8045101578443623e-08
0.0488	1.8390623525468222e-14	9.85911852563821e-10	2.419911579443085e-14	2.39878864857602e-13	2.472587388521165e-18	1.8193843828900374e-08
0.049	1.8617646243316234e-14	9.980811528612836e-10	2.43978744755036e-14	2.4184909203007376e-13	2.4928960096623498e-18	1.834319591198832e-08
0.0492	1.8846529473591663e-14	1.010350163030725e-09	2.4597446060928776e-14	2.438273771193563e-13	2.513287692408653e-18	1.849315781938236e-08
0.0494	1.9077280806315295e-14	1.0227192895868184e-09	2.4797830550587518e-14	2.458137201232335e-13	2.5337624367581188e-18	1.864372954275747e-08
0.049600000000000005	1.9309907831476196e-14	1.0351889390404645e-09	2.4999027944360993e-14	2.478081210394891e-13	2.5543202427087925e-18	1.8794911073788705e-08
0.049800000000000004	1.954441813903163e-14	1.0477595178987888e-09	2.5201038242130333e-14	2.49810579865907e-13	2.5749611102587173e-18	1.8946702404151175e-08
0.05	1.9780819318907134e-14	1.060431432665143e-09	2.5403861443776703e-14	2.518210966002711e-13	2.5956850394059384e-18	1.9099103525520093e-08
0.0502	2.0019118960996445e-14	1.0732050898391067e-09	2.5607497549181256e-14	2.5383967124036533e-13	2.6164920301484992e-18	1.925211442957073e-08
0.0504	2.0259324655161577e-14	1.0860808959164839e-09	2.5811946558225147e-14	2.5586630378397344e-13	2.637382082484446e-18	1.9405735107978447e-08
0.0506	2.0501443991232786e-14	1.099059257389305e-09	2.6017208470789522e-14	2.579009942288793e-13	2.6583551964118228e-18	1.9559965552418662e-08
0.050800000000000005	2.074548455900853e-14	1.1121405807458292e-09	2.6223283286755536e-14	2.59943742572867e-13	2.6794113719286743e-18	1.971480575456689e-08
0.051000000000000004	2.0991453948255515e-14	1.1253252724705392e-09	2.6430171006004347e-14	2.6199454881372024e-13	2.7005506090330433e-18	1.9870255706098693e-08
0.0512	2.123935974870871e-14	1.1386137390441448e-09	2.6637871628417107e-14	2.6405341294922276e-13	2.7217729077229753e-18	2.002631539868974e-08
0.0514	2.1489209550071323e-14	1.152006386943584e-09	2.684638515387496e-14	2.661203349771587e-13	2.7430782679965152e-18	2.0182984824015758e-08
0.0516	2.1741010942014765e-14	1.1655036226420186e-09	2.7055711582259073e-14	2.6819531489531167e-13	2.764466689851707e-18	2.0340263973752557e-08
0.051800000000000006	2.199477151417874e-14	1.1791058526088396e-09	2.726585091345059e-14	2.702783527014659e-13	2.7859381732865963e-18	2.049815283957602e-08
0.052000000000000005	2.2250498856171133e-14	1.1928134833096606e-09	2.747680314733067e-14	2.7236944839340494e-13	2.8074927182992254e-18	2.0656651413162097e-08
0.0522	2.250820055756812e-14	1.2066269212063266e-09	2.768856828378046e-14	2.744686019689127e-13	2.82913032488764e-18	2.0815759686186825e-08
0.0524	2.2767884207914076e-14	1.2205465727569048e-09	2.7901146322681116e-14	2.765758134257733e-13	2.8508509930498847e-18	2.0975477650326315e-08
0.0526	2.302955739672165e-14	1.2345728444156922e-09	2.8114537263913788e-14	2.786910827617703e-13	2.872654722784004e-18	2.113580529725676e-08
0.0528	2.3293227713471722e-14	1.2487061426332096e-09	2.832874110735963e-14	2.8081440997468783e-13	2.8945415140880424e-18	2.1296742618654405e-08
0.053000000000000005	2.3558902747613393e-14	1.2629468738562076e-09	2.8543757852899816e-14	2.8294579506230964e-13	2.9165113669600447e-18	2.14582896061956e-08
0.053200000000000004	2.3826590088564016e-14	1.2772954445276592e-09	2.875958750041546e-14	2.8508523802241967e-13	2.9385642813980542e-18	2.162044625155675e-08
0.0534	2.409629732570919e-14	1.291752261086768e-09	2.897623004978774e-14	2.8723273885280163e-13	2.9607002574001164e-18	2.178321254641434e-08
0.0536	2.436803204840276e-14	1.3063177299689614e-09	2.9193685500897795e-14	2.8938829755123966e-13	2.9829192949642746e-18	2.1946588482444942e-08
0.0538	2.464180184596678e-14	1.320992257605896e-09	2.9411953853626795e-14	2.915519141155174e-13	3.0052213940885748e-18	2.2110574051325196e-08
0.054	2.4917614307691586e-14	1.3357762504254527e-09	2.963103510785588e-14	2.9372358854341896e-13	3.0276065547710605e-18	2.2275169244731807e-08
0.054200000000000005	2.5195477022835734e-14	1.350670114851742e-09	2.985092926346623e-14	2.95903320832728e-13	3.0500747770097774e-18	2.244037405434158e-08
0.054400000000000004	2.547539758062602e-14	1.3656742573050965e-09	3.0071636320338964e-14	2.980911109812284e-13	3.0726260608027683e-18	2.2606188471831363e-08
0.0546	2.5757383570257464e-14	1.380789084202081e-09	3.0293156278355246e-14	3.0028695898670437e-13	3.0952604061480788e-18	2.2772612488878115e-08
0.0548	2.6041442580893354e-14	1.3960150019554824e-09	3.051548913739623e-14	3.0249086484693935e-13	3.117977813043752e-18	2.293964609715884e-08
0.055	2.632758220166523e-14	1.4113524169743184e-09	3.073863489734308e-14	3.047028285597175e-13	3.140778281487834e-18	2.310728928835065e-08
0.055200000000000006	2.6615810021672847e-14	1.426801735663831e-09	3.096259355807693e-14	3.069228501228227e-13	3.163661811478369e-18	2.32755420541307e-08
0.055400000000000005	2.6906133629984175e-14	1.4423633644254891e-09	3.118736511947894e-14	3.091509295340387e-13	3.186628403013401e-18	2.344440438617623e-08
0.055600000000000004	2.7198560615635483e-14	1.4580377096569887e-09	3.141294958143028e-14	3.1138706679114934e-13	3.2096780560909743e-18	2.3613876276164576e-08
0.0558	2.7493098567631272e-14	1.4738251777522549e-09	3.1639346943812084e-14	3.1363126189193876e-13	3.2328107707091345e-18	2.3783957715773124e-08
0.056	2.778975507494423e-14	1.4897261751014357e-09	3.186655720650551e-14	3.1588351483419057e-13	3.2560265468659244e-18	2.3954648696679347e-08
0.0562	2.8088537726515346e-14	1.50574110809091e-09	3.209458036939171e-14	3.1814382561568883e-13	3.27932538455939e-18	2.4125949210560794e-08
0.056400000000000006	2.8389454111253842e-14	1.5218703831032813e-09	3.2323416432351847e-14	3.2041219423421736e-13	3.3027072837875763e-18	2.4297859249095097e-08
0.056600000000000004	2.869251181803716e-14	1.5381144065173804e-09	3.2553065395267057e-14	3.2268862068755994e-13	3.3261722445485256e-18	2.4470378803959937e-08
0.0568	2.8997718435710954e-14	1.5544735847082646e-09	3.2783527258018513e-14	3.2497310497350063e-13	3.349720266840283e-18	2.4643507866833104e-08
0.057	2.93050815530892e-14	1.5709483240472206e-09	3.301480202048736e-14	3.2726564708982315e-13	3.3733513506608933e-18	2.4817246429392443e-08
0.0572	2.961460875895408e-14	1.5875390309017587e-09	3.3246889682554744e-14	3.2956624703431167e-13	3.3970654960084017e-18	2.4991594483315874e-08
0.0574	2.992630764205598e-14	1.6042461116356204e-09	3.347979024410182e-14	3.318749048047497e-13	3.420862702880852e-18	2.516655202028142e-08
0.057600000000000005	3.0240185791113586e-14	1.6210699726087704e-09	3.3713503705009765e-14	3.341916203989215e-13	3.4447429712762903e-18	2.5342119031967137e-08
0.057800000000000004	3.0556250794813786e-14	1.6380110201774025e-09	3.3948030065159694e-14	3.3651639381461066e-13	3.4687063011927574e-18	2.551829551005118e-08
0.058	3.087451024181173e-14	1.6550696606939364e-09	3.418336932443279e-14	3.388492250496012e-13	3.4927526926283e-18	2.5695081446211784e-08
0.0582	3.119497172073079e-14	1.6722463005070211e-09	3.44195214827102e-14	3.411901141016769e-13	3.516882145580964e-18	2.5872476832127256e-08
0.0584	3.151764282016261e-14	1.6895413459615303e-09	3.465648653987304e-14	3.435390609686218e-13	3.541094660048791e-18	2.6050481659475967e-08
0.058600000000000006	3.184253112866708e-14	1.7069552033985685e-09	3.489426449580255e-14	3.458960656482198e-13	3.565390236029829e-18	2.6229095919936388e-08
0.058800000000000005	3.216964423477228e-14	1.724488279155461e-09	3.51328553503798e-14	3.482611281382545e-13	3.5897688735221195e-18	2.6408319605187038e-08
0.059000000000000004	3.249898972697457e-14	1.7421409795657676e-09	3.537225910348598e-14	3.5063424843651017e-13	3.614230572523706e-18	2.658815270690652e-08
0.0592	3.2830575193738553e-14	1.75991371095927e-09	3.5612475755002233e-14	3.5301542654077033e-13	3.638775333032636e-18	2.676859521677353e-08
0.0594	3.3164408223497095e-14	1.7778068796619816e-09	3.585350530480972e-14	3.554046624488192e-13	3.6634031550469526e-18	2.6949647126466816e-08
0.0596	3.3500496404651245e-14	1.7958208919961383e-09	3.609534775278959e-14	3.5780195615844045e-13	3.688114038564701e-18	2.713130842766523e-08
0.059800000000000006	3.383884732557036e-14	1.8139561542802089e-09	3.6338003098823e-14	3.602073076674182e-13	3.712907983583925e-18	2.731357911204767e-08
0.060000000000000005	3.417946857459199e-14	1.8322130728288825e-09	3.65814713427911e-14	3.626207169735362e-13	3.73778499010267e-18	2.7496459171293108e-08
0.060200000000000004	3.452236774002196e-14	1.850592053953083e-09	3.6825752484575047e-14	3.6504218407457817e-13	3.762745058118978e-18	2.7679948597080622e-08
0.0604	3.486755241013431e-14	1.8690935039599556e-09	3.7070846524055994e-14	3.674717089683283e-13	3.7877881876308965e-18	2.786404738108935e-08
0.0606	3.521503017317136e-14	1.887717829152878e-09	3.731675346111508e-14	3.6990929165257025e-13	3.812914378636468e-18	2.8048755514998494e-08
0.0608	3.556480861734366e-14	1.9064654358314513e-09	3.756347329563349e-14	3.723549321250881e-13	3.8381236311337385e-18	2.8234072990487353e-08
0.061000000000000006	3.591689533082998e-14	1.925336730291508e-09	3.781100602749237e-14	3.7480863038366565e-13	3.8634159451207515e-18	2.8419999799235294e-08
0.061200000000000004	3.6271297901777344e-14	1.9443321188251016e-09	3.805935165657284e-14	3.7727038642608686e-13	3.888791320595551e-18	2.8606535932921744e-08
0.0614	3.662802391830103e-14	1.963452007720521e-09	3.830851018275608e-14	3.7974020025013537e-13	3.914249757556184e-18	2.879368138322622e-08
0.0616	3.698708096848458e-14	1.9826968032622767e-09	3.8558481605923245e-14	3.8221807185359545e-13	3.939791256000691e-18	2.8981436141828318e-08
0.0618	3.734847664037972e-14	2.0020669117311103e-09	3.8809265925955484e-14	3.8470400123425067e-13	3.965415815927119e-18	2.9169800200407706e-08
0.062	3.771221852200648e-14	2.0215627394039887e-09	3.906086314273395e-14	3.8719798838988514e-13	3.991123437333512e-18	2.935877355064413e-08
0.062200000000000005	3.807831420135311e-14	2.0411846925541085e-09	3.9313273256139806e-14	3.8970003331828274e-13	4.016914120217917e-18	2.9548356184217403e-08
0.062400000000000004	3.8446771266376104e-14	2.060933177450892e-09	3.9566496266054184e-14	3.922101360172272e-13	4.042787864578374e-18	2.9738548092807415e-08
0.0626	3.881759730500017e-14	2.08080860035999e-09	3.982053217235826e-14	3.947282964845026e-13	4.068744670412929e-18	2.992934926809413e-08
0.06280000000000001	3.9190799905118325e-14	2.100811367543281e-09	4.007538097493317e-14	3.972545147178928e-13	4.09478453771963e-18	3.0120759701757626e-08
0.063	3.9566386654591765e-14	2.1209418852588694e-09	4.033104267366006e-14	3.9978879071518143e-13	4.120907466496514e-18	3.031277938547797e-08
0.0632	3.994436514125e-14	2.1412005597610916e-09	4.058751726842014e-14	4.023311244741529e-13	4.147113456741633e-18	3.050540831093542e-08
0.0634	4.0324742952890675e-14	2.1615877973005067e-09	4.084480475909448e-14	4.048815159925906e-13	4.173402508453027e-18	3.069864646981019e-08
0.0636	4.070752767727984e-14	2.182104004123906e-09	4.1102905145564316e-14	4.0743996526827877e-13	4.199774621628743e-18	3.089249385378267e-08
0.06380000000000001	4.109272690215165e-14	2.202749586474305e-09	4.136181842771076e-14	4.100064722990012e-13	4.226229796266824e-18	3.108695045453327e-08
0.064	4.148034821520854e-14	2.223524950590948e-09	4.1621544605414946e-14	4.1258103708254166e-13	4.2527680323653155e-18	3.1282016263742475e-08
0.06420000000000001	4.187039920412124e-14	2.2444305027093098e-09	4.1882083678558055e-14	4.151636596166843e-13	4.27938932992226e-18	3.147769127309088e-08
0.0644	4.226288745652864e-14	2.265466649061088e-09	4.214343564702125e-14	4.1775433989921277e-13	4.306093688935705e-18	3.167397547425913e-08
0.0646	4.2657820560037985e-14	2.2866337958742133e-09	4.2405600510685657e-14	4.2035307792791117e-13	4.332881109403692e-18	3.187086885892795e-08
0.0648	4.3055206102224616e-14	2.30793234937284e-09	4.2668578269432444e-14	4.229598737005633e-13	4.359751591324268e-18	3.2068371418778134e-08
0.065	4.34550516706323e-14	2.3293627157773547e-09	4.2932368923142774e-14	4.2557472721495307e-13	4.386705134695476e-18	3.226648314549058e-08
0.06520000000000001	4.385736485277293e-14	2.350925301304367e-09	4.3196972471697804e-14	4.2819763846886456e-13	4.413741739515361e-18	3.246520403074622e-08
0.0654	4.426215323612662e-14	2.372620512166717e-09	4.3462388914978646e-14	4.308286074600812e-13	4.440861405781967e-18	3.2664534066226084e-08
0.0656	4.4669424408141837e-14	2.394448754573473e-09	4.372861825286651e-14	4.3346763418638744e-13	4.46806413349334e-18	3.286447324361129e-08
0.0658	4.507918595623519e-14	2.41641043472993e-09	4.399566048524249e-14	4.3611471864556673e-13	4.49534992264752e-18	3.3065021554583e-08
0.066	4.549144546779162e-14	2.4385059588376147e-09	4.42635156119878e-14	4.387698608354035e-13	4.522718773242557e-18	3.326617899082249e-08
0.06620000000000001	4.590621053016426e-14	2.460735733094276e-09	4.4532183632983573e-14	4.4143306075368124e-13	4.550170685276495e-18	3.34679455440111e-08
0.0664	4.632348873067445e-14	2.483100163693895e-09	4.4801664548110925e-14	4.4410431839818375e-13	4.577705658747374e-18	3.36703212058302e-08
0.0666	4.674328765661191e-14	2.5055996568266802e-09	4.507195835725109e-14	4.467836337666953e-13	4.6053236936532425e-18	3.387330596796128e-08
0.0668	4.716561489523446e-14	2.5282346186790657e-09	4.534306506028512e-14	4.4947100685699944e-13	4.6330247899921415e-18	3.407689982208593e-08
0.067	4.759047803376828e-14	2.551005455433719e-09	4.561498465709427e-14	4.521664376668804e-13	4.660808947762121e-18	3.428110275988577e-08
0.06720000000000001	4.801788465940771e-14	2.573912573269532e-09	4.5887717147559614e-14	4.548699261941221e-13	4.688676166961221e-18	3.44859147730425e-08
0.0674	4.844784235931534e-14	2.59695637836162e-09	4.6161262531562355e-14	4.57581472436508e-13	4.716626447587486e-18	3.469133585323791e-08
0.06760000000000001	4.888035872062212e-14	2.620137276881339e-09	4.643562080898363e-14	4.603010763918224e-13	4.744659789638963e-18	3.489736599215386e-08
0.0678	4.931544133042708e-14	2.6434556749962617e-09	4.671079197970457e-14	4.630287380578492e-13	4.7727761931136934e-18	3.5104005181472295e-08
0.068	4.975309777579765e-14	2.666911978870194e-09	4.698677604360638e-14	4.657644574323722e-13	4.800975658009726e-18	3.531125341287523e-08
0.0682	5.0193335643769383e-14	2.6905065946631694e-09	4.726357300057016e-14	4.685082345131752e-13	4.8292581843250996e-18	3.551911067804471e-08
0.0684	5.063616252134617e-14	2.7142399285314507e-09	4.7541182850477133e-14	4.712600692980423e-13	4.857623772057864e-18	3.572757696866296e-08
0.06860000000000001	5.10815859955001e-14	2.738112386627527e-09	4.78196055932084e-14	4.740199617847575e-13	4.8860724212060615e-18	3.5936652276412197e-08
0.0688	5.1529613653171455e-14	2.762124375100116e-09	4.809884122864509e-14	4.767879119711042e-13	4.914604131767735e-18	3.614633659297471e-08
0.069	5.1980253081268925e-14	2.786276300094165e-09	4.8378889756668416e-14	4.795639198548669e-13	4.943218903740931e-18	3.635662991003292e-08
0.0692	5.2433511866669294e-14	2.810568567750849e-09	4.8659751177159515e-14	4.823479854338293e-13	4.9719167371236935e-18	3.6567532219269285e-08
0.0694	5.288939759621768e-14	2.8350015842075715e-09	4.894142548999951e-14	4.851401087057752e-13	5.0006976319140674e-18	3.677904351236635e-08
0.06960000000000001	5.33479178567274e-14	2.8595757555979664e-09	4.922391269506963e-14	4.879402896684886e-13	5.029561588110097e-18	3.6991163781006735e-08
0.0698	5.3809080234980006e-14	2.884291488051888e-09	4.950721279225092e-14	4.907485283197533e-13	5.058508605709826e-18	3.7203893016873104e-08
0.07	5.427289231772537e-14	2.9091491876954317e-09	4.979132578142463e-14	4.935648246573535e-13	5.0875386847113e-18	3.7417231211648276e-08
0.0702	5.4739361691681506e-14	2.9341492606509083e-09	5.007625166247186e-14	4.963891786790727e-13	5.116651825112561e-18	3.763117835701504e-08
0.0704	5.520849594353482e-14	2.9592921130368705e-09	5.036199043527381e-14	4.992215903826952e-13	5.145848026911658e-18	3.784573444465638e-08
0.07060000000000001	5.5680302659939846e-14	2.984578150968088e-09	5.064854209971157e-14	5.02062059766005e-13	5.1751272901066326e-18	3.8060899466255245e-08
0.0708	5.6154789427519364e-14	3.010007780555562e-09	5.0935906655666336e-14	5.049105868267852e-13	5.204489614695527e-18	3.82766734134947e-08
0.07100000000000001	5.663196383286449e-14	3.0355814079065277e-09	5.122408410301928e-14	5.077671715628208e-13	5.2339350006763914e-18	3.849305627805793e-08
0.0712	5.71118334625345e-14	3.061299439124441e-09	5.151307444165149e-14	5.106318139718946e-13	5.263463448047265e-18	3.871004805162813e-08
0.0714	5.759440590305698e-14	3.087162280308995e-09	5.180287767144421e-14	5.135045140517916e-13	5.293074956806196e-18	3.892764872588862e-08
0.0716	5.807968874092769e-14	3.1131703375561025e-09	5.209349379227851e-14	5.163852718002947e-13	5.322769526951225e-18	3.914585829252274e-08
0.0718	5.856768956261078e-14	3.139324016957912e-09	5.2384922804035614e-14	5.192740872151891e-13	5.352547158480402e-18	3.936467674321399e-08
0.07200000000000001	5.905841595453847e-14	3.165623724602798e-09	5.267716470659662e-14	5.221709602942576e-13	5.3824078513917664e-18	3.958410406964586e-08
0.0722	5.955187550311135e-14	3.1920698665753583e-09	5.29702194998427e-14	5.250758910352842e-13	5.4123516056833646e-18	3.9804140263501946e-08
0.0724	6.004807579469819e-14	3.218662848956433e-09	5.326408718365503e-14	5.279888794360533e-13	5.442378421353242e-18	4.0024785316465945e-08
0.0726	6.054702441563607e-14	3.245403077823074e-09	5.355876775791473e-14	5.309099254943483e-13	5.472488298399439e-18	4.024603922022161e-08
0.0728	6.104872895223028e-14	3.2722909592485786e-09	5.3854261222503e-14	5.338390292079539e-13	5.502681236820007e-18	4.046790196645276e-08
0.07300000000000001	6.155319699075437e-14	3.2993268993024595e-09	5.4150567577300963e-14	5.367761905746533e-13	5.532957236612985e-18	4.069037354684329e-08
0.0732	6.206043611745005e-14	3.3265113040504635e-09	5.444768682218974e-14	5.397214095922305e-13	5.563316297776419e-18	4.0913453953077183e-08
0.0734	6.257045391852749e-14	3.3538445795545697e-09	5.474561895705055e-14	5.426746862584699e-13	5.593758420308354e-18	4.113714317683851e-08
0.0736	6.308325798016492e-14	3.3813271318729786e-09	5.504436398176451e-14	5.456360205711548e-13	5.624283604206832e-18	4.1361441209811385e-08
0.0738	6.359885588850889e-14	3.4089593670601274e-09	5.5343921896212784e-14	5.486054125280694e-13	5.654891849469904e-18	4.1586348043680024e-08
0.07400000000000001	6.411725522967418e-14	3.4367416911666764e-09	5.564429270027655e-14	5.515828621269978e-13	5.685583156095609e-18	4.181186367012872e-08
0.0742	6.463846358974383e-14	3.464674510239514e-09	5.594547639383689e-14	5.545683693657236e-13	5.716357524081989e-18	4.203798808084178e-08
0.07440000000000001	6.516248855476912e-14	3.492758230321767e-09	5.624747297677506e-14	5.575619342420309e-13	5.747214953427096e-18	4.22647212675037e-08
0.0746	6.568933771076954e-14	3.5209932574527758e-09	5.655028244897212e-14	5.605635567537034e-13	5.778155444128968e-18	4.249206322179894e-08
0.0748	6.6219018643733e-14	3.549379997668127e-09	5.68539048103093e-14	5.635732368985255e-13	5.8091789961856535e-18	4.272001393541213e-08
0.075	6.675153893961542e-14	3.57791885699962e-09	5.715834006066768e-14	5.665909746742805e-13	5.840285609595194e-18	4.294857340002789e-08
0.0752	6.728690618434115e-14	3.606610241475298e-09	5.746358819992849e-14	5.69616770078753e-13	5.871475284355639e-18	4.3177741607330986e-08
0.07540000000000001	6.78251279638027e-14	3.6354545571194212e-09	5.776964922797283e-14	5.726506231097265e-13	5.902748020465028e-18	4.340751854900622e-08
0.0756	6.836621186386081e-14	3.664452209952483e-09	5.807652314468187e-14	5.756925337649848e-13	5.934103817921405e-18	4.363790421673845e-08
0.0758	6.891016547034458e-14	3.6936036059912093e-09	5.838420994993679e-14	5.787425020423121e-13	5.965542676722818e-18	4.3868898602212686e-08
0.076	6.94569963690512e-14	3.7229091512485506e-09	5.869270964361869e-14	5.818005279394923e-13	5.9970645968673096e-18	4.410050169711392e-08
0.0762	7.000671214574633e-14	3.752369251733691e-09	5.900202222560878e-14	5.848666114543093e-13	6.028669578352926e-18	4.433271349312732e-08
0.07640000000000001	7.055932038616367e-14	3.781984313452039e-09	5.931214769578818e-14	5.879407525845471e-13	6.06035762117771e-18	4.456553398193803e-08
0.0766	7.111482867600523e-14	3.811754742405234e-09	5.962308605403807e-14	5.910229513279891e-13	6.0921287253397046e-18	4.4798963155231316e-08
0.07680000000000001	7.167324460094135e-14	3.841680944591145e-09	5.993483730023957e-14	5.941132076824201e-13	6.123982890836958e-18	4.503300100469256e-08
0.077	7.223457574661051e-14	3.87176332600387e-09	6.024740143427386e-14	5.972115216456232e-13	6.1559201176675095e-18	4.5267647522007124e-08
0.0772	7.279882969861955e-14	3.902002292633739e-09	6.05607784560221e-14	6.003178932153828e-13	6.187940405829411e-18	4.5502902698860556e-08
0.07740000000000001	7.336601404254346e-14	3.932398250467305e-09	6.087496836536543e-14	6.034323223894828e-13	6.2200437553207026e-18	4.573876652693839e-08
0.0776	7.393613636392547e-14	3.962951605487354e-09	6.118997116218501e-14	6.065548091657068e-13	6.252230166139426e-18	4.597523899792625e-08
0.07780000000000001	7.450920424827723e-14	3.993662763672905e-09	6.1505786846362e-14	6.096853535418393e-13	6.284499638283631e-18	4.621232010350991e-08
0.078	7.508522528107842e-14	4.024532130999199e-09	6.182241541777751e-14	6.128239555156636e-13	6.316852171751357e-18	4.6450009835375096e-08
0.0782	7.566420704777716e-14	4.055560113437711e-09	6.213985687631276e-14	6.159706150849641e-13	6.349287766540655e-18	4.668830818520775e-08
0.0784	7.624615713378963e-14	4.086747116956142e-09	6.245811122184888e-14	6.191253322475243e-13	6.381806422649563e-18	4.692721514469376e-08
0.0786	7.683108312450049e-14	4.11809354751843e-09	6.2777178454267e-14	6.222881070011288e-13	6.41440814007613e-18	4.716673070551919e-08
0.07880000000000001	7.741899260526243e-14	4.149599811084734e-09	6.309705857344834e-14	6.254589393435609e-13	6.4470929188184e-18	4.740685485937012e-08
0.079	7.800989316139646e-14	4.181266313611442e-09	6.341775157927396e-14	6.286378292726045e-13	6.4798607588744125e-18	4.76475875979327e-08
0.0792	7.8603792378192e-14	4.21309346105118e-09	6.37392574716251e-14	6.318247767860441e-13	6.51271166024222e-18	4.7888928912893216e-08
0.0794	7.920069784090644e-14	4.245081659352796e-09	6.406157625038285e-14	6.35019781881663e-13	6.545645622919858e-18	4.813087879593796e-08
0.0796	7.980061713476571e-14	4.277231314461372e-09	6.438470791542843e-14	6.382228445572457e-13	6.578662646905379e-18	4.8373437238753365e-08
0.07980000000000001	8.040355784496373e-14	4.3095428323182154e-09	6.470865246664293e-14	6.414339648105759e-13	6.6117627321968236e-18	4.861660423302589e-08
0.08	8.100952755666286e-14	4.342016618860863e-09	6.503340990390755e-14	6.446531426394372e-13	6.644945878792235e-18	4.8860379770442065e-08
0.08020000000000001	8.161853385499363e-14	4.374653080023088e-09	6.53589802271034e-14	6.478803780416141e-13	6.6782120866896635e-18	4.910476384268856e-08
0.0804	8.223058432505476e-14	4.407452621734885e-09	6.568536343611168e-14	6.5111567101489e-13	6.711561355887145e-18	4.934975644145202e-08
0.0806	8.284568655191345e-14	4.440415649922485e-09	6.601255953081355e-14	6.543590215570493e-13	6.7449936863827324e-18	4.959535755841928e-08
0.08080000000000001	8.34638481206049e-14	4.473542570508342e-09	6.634056851109014e-14	6.576104296658755e-13	6.778509078174463e-18	4.9841567185277176e-08
0.081	8.408507661613262e-14	4.506833789411143e-09	6.666939037682256e-14	6.608698953391529e-13	6.812107531260388e-18	5.008838531371261e-08
0.08120000000000001	8.470937962346852e-14	4.540289712545807e-09	6.699902512789205e-14	6.641374185746653e-13	6.8457890456385456e-18	5.0335811935412614e-08
0.0814	8.533676472755255e-14	4.573910745823479e-09	6.732947276417973e-14	6.674129993701966e-13	6.879553621306986e-18	5.058384704206426e-08
0.0816	8.596723951329312e-14	4.6076972951515355e-09	6.766073328556674e-14	6.706966377235311e-13	6.913401258263749e-18	5.08324906253547e-08
0.0818	8.660081156556666e-14	4.641649766433581e-09	6.799280669193424e-14	6.739883336324517e-13	6.94733195650688e-18	5.108174267697118e-08
0.082	8.72374884692181e-14	4.675768565569455e-09	6.832569298316341e-14	6.772880870947436e-13	6.981345716034426e-18	5.133160318860099e-08
0.08220000000000001	8.787727780906046e-14	4.710054098455219e-09	6.865939215913537e-14	6.805958981081901e-13	7.015442536844432e-18	5.1582072151931533e-08
0.0824	8.852018716987502e-14	4.744506770983167e-09	6.89939042197313e-14	6.839117666705749e-13	7.049622418934937e-18	5.1833149558650233e-08
0.0826	8.916622413641139e-14	4.779126989041828e-09	6.932922916483236e-14	6.872356927796826e-13	7.083885362303991e-18	5.2084835400444656e-08
0.0828	8.981539629338735e-14	4.813915158515954e-09	6.966536699431965e-14	6.905676764332963e-13	7.118231366949637e-18	5.2337129669002383e-08
0.083	9.046771122548903e-14	4.848871685286532e-09	7.000231770807438e-14	6.939077176292008e-13	7.152660432869919e-18	5.259003235601114e-08
0.08320000000000001	9.112317651737072e-14	4.883996975230774e-09	7.034008130597772e-14	6.972558163651796e-13	7.18717256006288e-18	5.284354345315865e-08
0.0834	9.178179975365491e-14	4.919291434222124e-09	7.067865778791077e-14	7.006119726390166e-13	7.221767748526566e-18	5.309766295213276e-08
0.08360000000000001	9.24435885189326e-14	4.954755468130261e-09	7.101804715375472e-14	7.039761864484959e-13	7.256445998259024e-18	5.33523908446214e-08
0.0838	9.310855039776274e-14	4.990389482821084e-09	7.135824940339069e-14	7.073484577914011e-13	7.291207309258291e-18	5.360772712231252e-08
0.084	9.377669297467277e-14	5.0261938841567305e-09	7.169926453669991e-14	7.107287866655169e-13	7.326051681522422e-18	5.386367177689422e-08
0.08420000000000001	9.44480238341582e-14	5.0621690779955666e-09	7.204109255356343e-14	7.141171730686265e-13	7.360979115049453e-18	5.412022480005463e-08
0.0844	9.512255056068287e-14	5.098315470192179e-09	7.23837334538625e-14	7.17513616998514e-13	7.39598960983743e-18	5.437738618348194e-08
0.08460000000000001	9.580028073867892e-14	5.134633466597403e-09	7.272718723747821e-14	7.209181184529635e-13	7.431083165884404e-18	5.463515591886448e-08
0.0848	9.648122195254661e-14	5.171123473058283e-09	7.307145390429174e-14	7.243306774297587e-13	7.466259783188408e-18	5.489353399789057e-08
0.085	9.71653817866547e-14	5.207785895418109e-09	7.341653345418427e-14	7.277512939266841e-13	7.501519461747499e-18	5.51525204122487e-08
0.0852	9.785276782533991e-14	5.244621139516394e-09	7.37624258870369e-14	7.311799679415229e-13	7.536862201559709e-18	5.5412115153627345e-08
0.0854	9.854338765290743e-14	5.281629611188886e-09	7.410913120273084e-14	7.346166994720596e-13	7.572288002623093e-18	5.567231821371513e-08
0.08560000000000001	9.923724885363058e-14	5.318811716267558e-09	7.445664940114721e-14	7.38061488516078e-13	7.60779686493569e-18	5.593312958420071e-08
0.0858	9.993435901175095e-14	5.356167860580608e-09	7.480498048216718e-14	7.415143350713617e-13	7.643388788495544e-18	5.6194549256772803e-08
0.08600000000000001	1.006347257114785e-13	5.393698449952485e-09	7.515412444567188e-14	7.449752391356952e-13	7.679063773300705e-18	5.645657722312027e-08
0.0862	1.0133835653699122e-13	5.431403890203844e-09	7.55040812915425e-14	7.48444200706862e-13	7.714821819349209e-18	5.6719213474931974e-08
0.0864	1.020452590724356e-13	5.469284587151588e-09	7.585485101966018e-14	7.519212197826463e-13	7.750662926639109e-18	5.698245800389692e-08
0.08660000000000001	1.0275544090192628e-13	5.507340946608834e-09	7.620643362990608e-14	7.554062963608322e-13	7.786587095168446e-18	5.724631080170415e-08
0.0868	1.0346890960954604e-13	5.545573374384945e-09	7.655882912216133e-14	7.58899430439203e-13	7.82259432493526e-18	5.7510771860042726e-08
0.08700000000000001	1.0418567277934612e-13	5.583982276285509e-09	7.691203749630715e-14	7.624006220155433e-13	7.858684615937606e-18	5.777584117060191e-08
0.0872	1.0490573799534582e-13	5.622568058112338e-09	7.726605875222459e-14	7.659098710876365e-13	7.894857968173516e-18	5.8041518725070946e-08
0.0874	1.0562911284153293e-13	5.66133112566348e-09	7.76208928897949e-14	7.694271776532672e-13	7.931114381641045e-18	5.8307804515139186e-08
0.0876	1.063558049018632e-13	5.700271884733215e-09	7.797653990889919e-14	7.729525417102186e-13	7.967453856338229e-18	5.8574698532496053e-08
0.0878	1.0708582176026094e-13	5.739390741112054e-09	7.833299980941864e-14	7.764859632562756e-13	8.003876392263121e-18	5.884220076883106e-08
0.08800000000000001	1.0781917100061846e-13	5.778688100586733e-09	7.869027259123439e-14	7.800274422892213e-13	8.040381989413761e-18	5.911031121583379e-08
0.0882	1.0855586020679641e-13	5.8181643689402116e-09	7.904835825422756e-14	7.835769788068398e-13	8.07697064778819e-18	5.9379029865193854e-08
0.0884	1.092958969626238e-13	5.857819951951706e-09	7.94072567982794e-14	7.871345728069154e-13	8.113642367384459e-18	5.964835670860102e-08
0.0886	1.1003928885189768e-13	5.8976552553966324e-09	7.976696822327095e-14	7.907002242872317e-13	8.150397148200607e-18	5.991829173774504e-08
0.0888	1.1078604345838362e-13	5.937670685046659e-09	8.012749252908347e-14	7.942739332455727e-13	8.187234990234684e-18	6.018883494431586e-08
0.08900000000000001	1.1153616836581528e-13	5.977866646669673e-09	8.048882971559805e-14	7.978556996797227e-13	8.22415589348473e-18	6.045998632000339e-08
0.0892	1.1228967115789452e-13	6.018243546029795e-09	8.085097978269585e-14	8.014455235874651e-13	8.261159857948789e-18	6.073174585649765e-08
0.08940000000000001	1.1304655941829163e-13	6.058801788887384e-09	8.121394273025804e-14	8.050434049665844e-13	8.298246883624911e-18	6.100411354548876e-08
0.0896	1.1380684073064497e-13	6.099541780999013e-09	8.157771855816576e-14	8.086493438148639e-13	8.335416970511135e-18	6.12770893786669e-08
0.0898	1.1457052267856134e-13	6.140463928117501e-09	8.19423072663002e-14	8.122633401300883e-13	8.372670118605508e-18	6.155067334772235e-08
0.09000000000000001	1.153376128456157e-13	6.1815686359918925e-09	8.230770885454251e-14	8.15885393910041e-13	8.410006327906074e-18	6.182486544434541e-08
0.0902	1.1610811881535113e-13	6.222856310367457e-09	8.26739233227738e-14	8.195155051525062e-13	8.447425598410878e-18	6.209966566022647e-08
0.09040000000000001	1.1688204817127928e-13	6.264327356985708e-09	8.304095067087527e-14	8.231536738552679e-13	8.48492793011796e-18	6.237507398705606e-08
0.0906	1.1765940849687979e-13	6.305982181584368e-09	8.340879089872802e-14	8.267999000161096e-13	8.522513323025376e-18	6.265109041652469e-08
0.0908	1.184402073756007e-13	6.347821189897419e-09	8.377744400621327e-14	8.30454183632816e-13	8.560181777131155e-18	6.292771494032304e-08
0.091	1.1922445239085816e-13	6.389844787655049e-09	8.414690999321215e-14	8.341165247031704e-13	8.597933292433356e-18	6.32049475501418e-08
0.0912	1.2001215112603678e-13	6.43205338058369e-09	8.451718885960583e-14	8.377869232249571e-13	8.635767868930012e-18	6.348278823767177e-08
0.09140000000000001	1.2080331116448928e-13	6.474447374405999e-09	8.488828060527547e-14	8.414653791959601e-13	8.673685506619177e-18	6.376123699460376e-08
0.0916	1.2159794008953657e-13	6.517027174840863e-09	8.526018523010215e-14	8.45151892613963e-13	8.711686205498887e-18	6.404029381262873e-08
0.0918	1.2239604548446807e-13	6.559793187603411e-09	8.563290273396711e-14	8.488464634767501e-13	8.749769965567192e-18	6.431995868343773e-08
0.092	1.2319763493254116e-13	6.602745818404985e-09	8.600643311675146e-14	8.525490917821051e-13	8.787936786822133e-18	6.460023159872178e-08
0.0922	1.2400271601698178e-13	6.645885472953171e-09	8.63807763783364e-14	8.562597775278124e-13	8.82618666926176e-18	6.488111255017213e-08
0.09240000000000001	1.2481129632098386e-13	6.6892125569517875e-09	8.675593251860304e-14	8.599785207116555e-13	8.864519612884113e-18	6.516260152947995e-08
0.0926	1.2562338342770966e-13	6.732727476100869e-09	8.713190153743254e-14	8.637053213314184e-13	8.902935617687235e-18	6.544469852833654e-08
0.09280000000000001	1.2643898492028982e-13	6.7764306360967e-09	8.750868343470611e-14	8.674401793848852e-13	8.941434683669174e-18	6.572740353843336e-08
0.093	1.2725810838182303e-13	6.820322442631773e-09	8.78862782103048e-14	8.711830948698397e-13	8.980016810827971e-18	6.60107165514618e-08
0.0932	1.280807613953765e-13	6.864403301394841e-09	8.826468586410988e-14	8.749340677840662e-13	9.018681999161677e-18	6.629463755911346e-08
0.09340000000000001	1.2890695154398556e-13	6.908673618070867e-09	8.864390639600244e-14	8.786930981253485e-13	9.057430248668332e-18	6.657916655307997e-08
0.0936	1.2973668641065359e-13	6.953133798341043e-09	8.902393980586365e-14	8.824601858914699e-13	9.096261559345978e-18	6.68643035250529e-08
0.09380000000000001	1.3056997357835254e-13	6.997784247882804e-09	8.940478609357467e-14	8.862353310802154e-13	9.135175931192666e-18	6.715004846672417e-08
0.094	1.3140682063002247e-13	7.042625372369809e-09	8.978644525901663e-14	8.900185336893685e-13	9.174173364206431e-18	6.743640136978553e-08
0.0942	1.322472351485718e-13	7.087657577471957e-09	9.016891730207074e-14	8.938097937167132e-13	9.213253858385328e-18	6.772336222592893e-08
0.0944	1.3309122471687706e-13	7.132881268855364e-09	9.055220222261809e-14	8.976091111600333e-13	9.252417413727392e-18	6.801093102684635e-08
0.0946	1.3393879691778327e-13	7.1782968521823855e-09	9.09363000205399e-14	9.014164860171131e-13	9.291664030230675e-18	6.829910776422989e-08
0.09480000000000001	1.347899593341033e-13	7.223904733111616e-09	9.132121069571725e-14	9.052319182857361e-13	9.330993707893221e-18	6.858789242977168e-08
0.095	1.3564471954861866e-13	7.269705317297857e-09	9.170693424803137e-14	9.090554079636865e-13	9.37040644671307e-18	6.887728501516389e-08
0.0952	1.365030851440791e-13	7.315699010392168e-09	9.209347067736338e-14	9.128869550487486e-13	9.40990224668827e-18	6.91672855120989e-08
0.0954	1.3736506370320216e-13	7.3618862180418234e-09	9.248081998359444e-14	9.167265595387056e-13	9.449481107816862e-18	6.945789391226902e-08
0.0956	1.3823066280867442e-13	7.40826734589034e-09	9.28689821666057e-14	9.205742214313423e-13	9.489143030096893e-18	6.974911020736674e-08
0.09580000000000001	1.3909989004315003e-13	7.454842799577455e-09	9.325795722627833e-14	9.244299407244422e-13	9.52888801352641e-18	7.004093438908455e-08
0.096	1.3997275298925169e-13	7.501612984739134e-09	9.364774516249346e-14	9.28293717415789e-13	9.56871605810345e-18	7.03333664491151e-08
0.09620000000000001	1.4084925922957045e-13	7.548578307007591e-09	9.403834597513227e-14	9.321655515031674e-13	9.608627163826065e-18	7.0626406379151e-08
0.0964	1.4172941634666519e-13	7.59573917201126e-09	9.442975966407593e-14	9.360454429843608e-13	9.648621330692294e-18	7.092005417088502e-08
0.0966	1.4261323192306373e-13	7.643095985374812e-09	9.482198622920553e-14	9.399333918571534e-13	9.688698558700188e-18	7.121430981601e-08
0.09680000000000001	1.4350071354126154e-13	7.690649152719135e-09	9.521502567040235e-14	9.43829398119329e-13	9.728858847847786e-18	7.150917330621884e-08
0.097	1.4439186878372258e-13	7.738399079661365e-09	9.560887798754738e-14	9.477334617686718e-13	9.769102198133133e-18	7.180464463320449e-08
0.09720000000000001	1.4528670523287927e-13	7.786346171814868e-09	9.600354318052191e-14	9.51645582802966e-13	9.809428609554277e-18	7.210072378866002e-08
0.0974	1.461852304711318e-13	7.834490834789228e-09	9.639902124920697e-14	9.55565761219994e-13	9.849838082109257e-18	7.239741076427858e-08
0.0976	1.4708745208084907e-13	7.882833474190271e-09	9.679531219348386e-14	9.594939970175422e-13	9.890330615796122e-18	7.269470555175335e-08
0.0978	1.4799337764436802e-13	7.931374495620057e-09	9.719241601323367e-14	9.634302901933924e-13	9.930906210612912e-18	7.29926081427776e-08
0.098	1.489030147439939e-13	7.980114304676874e-09	9.759033270833753e-14	9.6737464074533e-13	9.97156486655768e-18	7.329111852904472e-08
0.09820000000000001	1.4981637096200037e-13	8.029053306955236e-09	9.798906227867669e-14	9.713270486711386e-13	1.0012306583628463e-17	7.359023670224812e-08
0.0984	1.5073345388062894e-13	8.078191908045893e-09	9.838860472413213e-14	9.752875139686018e-13	1.0053131361823304e-17	7.388996265408127e-08
0.09860000000000001	1.5165427108208976e-13	8.127530513535827e-09	9.878896004458518e-14	9.79256036635504e-13	1.0094039201140254e-17	7.419029637623781e-08
0.0988	1.5257883014856113e-13	8.177069529008253e-09	9.919012823991685e-14	9.832326166696286e-13	1.0135030101577354e-17	7.449123786041136e-08
0.099	1.535071386621897e-13	8.22680936004262e-09	9.959210931000848e-14	9.872172540687602e-13	1.0176104063132648e-17	7.479278709829568e-08
0.09920000000000001	1.5443920420509007e-13	8.276750412214597e-09	9.999490325474106e-14	9.912099488306824e-13	1.0217261085804186e-17	7.509494408158455e-08
0.0994	1.5537503435934537e-13	8.326893091096097e-09	1.0039851007399582e-13	9.952107009531792e-13	1.025850116959e-17	7.539770880197185e-08
0.09960000000000001	1.5631463670700697e-13	8.377237802255261e-09	1.0080292976765387e-13	9.99219510434035e-13	1.029982431448815e-17	7.570108125115158e-08
0.0998	1.5725801883009447e-13	8.427784951256457e-09	1.0120816233559637e-13	1.003236377271033e-12	1.0341230520496666e-17	7.600506142081773e-08
0.1	1.5820518831059572e-13	8.478534943660287e-09	1.0161420777770458e-13	1.0072613014619576e-12	1.0382719787613606e-17	7.630964930266446e-08
0.10020000000000001	1.5915615273046668e-13	8.529488185023597e-09	1.0202106609385954e-13	1.0112942830045935e-12	1.0424292115837004e-17	7.661484488838591e-08
