0.0	0.0	0.0	0.0	0.0	0.0	0.0
0.0002	6.331510643130362e-22	3.3953404587230176e-17	2.0323335767102392e-19	2.014614759052714e-18	2.076552089238717e-23	1.529658598068593e-13
0.0004	5.065203217556979e-21	2.716266068383127e-16	8.129333910674577e-19	8.05845829746751e-18	8.306208291770643e-23	6.118606580363071e-13
0.0006000000000000001	1.7095042982076327e-20	9.167376723083253e-16	1.8291000407643485e-18	1.8131529507129524e-17	1.868896850981945e-22	1.3766802229300923e-12
0.0008	4.05215409894318e-20	2.1730027769890945e-15	3.2517332473367503e-18	3.223382727992408e-17	3.322483264560879e-22	2.447420382767888e-12
0.001	7.914355198044192e-20	4.2441362073201514e-15	5.080832951359721e-18	5.036535050773673e-17	5.191380060136236e-22	3.8240769658672926e-12
0.0012000000000000001	1.3675991480522448e-19	7.333850360199686e-15	7.316399093408326e-18	7.252609808245325e-17	7.475587227930381e-22	5.506645800583832e-12
0.0014	2.171694524232381e-19	1.1645855742995492e-14	9.958431614057634e-18	9.871606889595948e-17	1.0175104758165682e-21	7.495122715310947e-12
0.0016	3.241709719033241e-19	1.7383860973555937e-14	1.3006930453882727e-17	1.2893526184014169e-16	1.32899326410645e-21	9.789503538480016e-12
0.0018000000000000002	4.615632644237474e-19	2.4751572780220912e-14	1.6461895553458686e-17	1.6318367580688616e-16	1.6820070866849217e-21	1.2389784098560331e-11
0.002	6.331451052722384e-19	3.395269600183275e-14	2.032332685336059e-17	2.0146130968807945e-16	2.0765519425742187e-21	1.52959602240591e-11
0.0022	8.427152538460345e-19	4.519093358774727e-14	2.4591224294163547e-17	2.437681623756083e-16	2.5126278307965783e-21	1.8508027743521482e-11
0.0024000000000000002	1.0940724536519227e-18	5.866998659784459e-14	2.926558781644263e-17	2.901042327613599e-16	2.9902347503742376e-21	2.2025982485530528e-11
0.0026000000000000003	1.391015432306279e-18	7.459355420254024e-14	3.434641736077299e-17	3.404695197372211e-16	3.509372700329432e-21	2.5849820278707233e-11
0.0028	1.7373429015351096e-18	9.316533368279598e-14	3.983371286772968e-17	3.9486402219507926e-16	4.070041679684401e-21	2.997953695171048e-11
0.003	2.1368535571740986e-18	1.1458902043013088e-13	4.572747427788787e-17	4.532877390268222e-16	4.672241687461379e-21	3.4415128333237136e-11
0.0032	2.5933460791686396e-18	1.3906830794663204e-13	5.202770153182265e-17	5.157406691243376e-16	5.315972722682603e-21	3.915659025202193e-11
0.0034000000000000002	3.1106191315738876e-18	1.66806887844966e-13	5.873439457010917e-17	5.822228113795133e-16	6.001234784370314e-21	4.420391853683754e-11
0.0036000000000000003	3.6924713625547895e-18	1.980084498483891e-13	6.584755333332257e-17	6.527341646842378e-16	6.7280278715467425e-21	4.955710901649456e-11
0.0038	4.342701404386135e-18	2.3287668179075884e-13	7.336717776203791e-17	7.272747279303992e-16	7.496351983234126e-21	5.52161575198415e-11
0.004	5.065107873452598e-18	2.716152696165448e-13	8.129326779683045e-17	8.05844500009886e-16	8.306207118454709e-21	6.11810598757648e-11
0.004200000000000001	5.863489370248768e-18	3.1442789738083973e-13	8.96258233782753e-17	8.884434798145878e-16	9.15759327623072e-21	6.745181191318883e-11
0.0044	6.7416444793792e-18	3.615182472493694e-13	9.83648444469476e-17	9.750716662363917e-16	1.00505104555844e-20	7.402840946107583e-11
0.0046	7.703371769558461e-18	4.1308999949850546e-13	1.075103309434225e-16	1.0657290581671892e-15	1.098495865553798e-20	8.0910848348426e-11
0.0048000000000000004	8.752469793611162e-18	4.693468325152752e-13	1.1706228280827519e-16	1.1604156544988686e-15	1.1960937875113714e-20	8.80991244042775e-11
0.005	9.892737088471996e-18	5.304924227973721e-13	1.2702069998208087e-16	1.259131454123319e-15	1.297844811333382e-20	9.559323345770629e-11
0.005200000000000001	1.1127972175185797e-17	5.96730444953168e-13	1.373855824054147e-16	1.3618764559324312e-15	1.403748936922054e-20	1.0339317133782642e-10
0.0054	1.2461973558907552e-17	6.682645717017232e-13	1.4815693001885181e-16	1.4686506588180943e-15	1.5138061641796116e-20	1.1149893387378964e-10
0.0056	1.389853972890249e-17	7.452984738727971e-13	1.5933474276296745e-16	1.579454061672199e-15	1.6280164930082785e-20	1.1991051689478582e-10
0.0058000000000000005	1.544146915854608e-17	8.28035820406861e-13	1.709190205783369e-16	1.6942866633866364e-15	1.7463799233102775e-20	1.2862791623004271e-10
0.006	1.7094560305324068e-17	9.166802783551058e-13	1.829097634055352e-16	1.8131484628532955e-15	1.8688964549878334e-20	1.3765112770882577e-10
0.006200000000000001	1.8861611610832573e-17	1.011435512879457e-12	1.953069711851377e-16	1.936039458964069e-15	1.9955660879431698e-20	1.469801471604387e-10
0.0064	2.074642150077807e-17	1.112505187252582e-12	2.0811064385771948e-16	2.062959650610846e-15	2.1263888220785092e-20	1.5661497041422284e-10
0.0066	2.275278838497747e-17	1.2200929628579034e-12	2.2132078136385582e-16	2.1939090366855192e-15	2.261364657296076e-20	1.6655559329955764e-10
0.0068000000000000005	2.4884510657358136e-17	1.3344024991896093e-12	2.3493738364412205e-16	2.3288876160799793e-15	2.4004935934980955e-20	1.768020116458604e-10
0.007	2.714538669595792e-17	1.4556374538526626e-12	2.4896045063909327e-16	2.4678953876861185e-15	2.543775630586788e-20	1.873542212825863e-10
0.007200000000000001	2.953921486292526e-17	1.584001482562816e-12	2.633899822893448e-16	2.6109323503958283e-15	2.6912107684643813e-20	1.9821221803922845e-10
0.0074	3.2069793504519136e-17	1.719698239146617e-12	2.7822597853545175e-16	2.757998503101e-15	2.842799007033096e-20	2.0937599774531787e-10
0.0076	3.474092095110922e-17	1.862931375541426e-12	2.9346843931798947e-16	2.9090938446935277e-15	2.998540346195156e-20	2.2084555623042355e-10
0.0078000000000000005	3.755639551717577e-17	2.0139045417954212e-12	3.0911736457753335e-16	3.064218374065302e-15	3.1584347858527876e-20	2.3262088932415242e-10
0.008	4.0520015501309815e-17	2.172821386067611e-12	3.2517275425465835e-16	3.223372090108216e-15	3.3224823259082115e-20	2.447019928561491e-10
0.0082	4.3635579186213124e-17	2.33988555462785e-12	3.4163460828994e-16	3.3865549917141637e-15	3.490682966263653e-20	2.5708886265609647e-10
0.008400000000000001	4.690688483869825e-17	2.515300691856842e-12	3.5850292662395347e-16	3.553767077775038e-15	3.663036706821336e-20	2.69781494553715e-10
0.0086	5.033773070968857e-17	2.699270440246152e-12	3.7577770919727396e-16	3.725008347182728e-15	3.8395435474834835e-20	2.8277988437876325e-10
0.0088	5.393191503421843e-17	2.891998440398228e-12	3.9345895595047704e-16	3.900278798829133e-15	4.02020348815232e-20	2.960840279610377e-10
0.009000000000000001	5.769323603143296e-17	3.093688331026399e-12	4.1154666682413756e-16	4.079578431606147e-15	4.205016528730068e-20	3.096939211303727e-10
0.0092	6.162549190458834e-17	3.304543748954887e-12	4.300408417588311e-16	4.2629072444056566e-15	4.39398266911895e-20	3.2360955971664043e-10
0.0094	6.573248084105174e-17	3.524768329118832e-12	4.489414806951331e-16	4.450265236119561e-15	4.587101909221195e-20	3.378309395497512e-10
0.009600000000000001	7.001800101230132e-17	3.7545657045642814e-12	4.682485835736184e-16	4.641652405639757e-15	4.784374248939023e-20	3.52358056459653e-10
0.0098	7.44858505739264e-17	3.994139506448219e-12	4.879621503348627e-16	4.8370687518581324e-15	4.9857996881746574e-20	3.6719090627633183e-10
0.01	7.913982766562742e-17	4.24369336403857e-12	5.080821809194414e-16	5.036514273666588e-15	5.1913782268303225e-20	3.823294848298117e-10
0.0102	8.398373041121591e-17	4.503430904714205e-12	5.286086752679295e-16	5.239988969957015e-15	5.401109864808242e-20	3.977737879501543e-10
0.010400000000000001	8.902135691861472e-17	4.7735557539649635e-12	5.495416333209026e-16	5.44749283962131e-15	5.61499460201064e-20	4.1352381146745966e-10
0.0106	9.425650527985778e-17	5.0542715353916545e-12	5.708810550189354e-16	5.659025881551366e-15	5.833032438339741e-20	4.295795512118649e-10
0.0108	9.969297357109059e-17	5.3457818707060725e-12	5.926269403026044e-16	5.874588094639083e-15	6.055223373697768e-20	4.45941003013546e-10
0.011000000000000001	1.0533455985256976e-16	5.6482903797310076e-12	6.147792891124842e-16	6.0941794777763534e-15	6.281567407986945e-20	4.626081627027165e-10
0.0112	1.1118506216866327e-16	5.962000680400253e-12	6.373381013891499e-16	6.317800029855073e-15	6.512064541109494e-20	4.795810261096273e-10
0.0114	1.1724827854785074e-16	6.287116388758628e-12	6.603033770731774e-16	6.5454497497671385e-15	6.746714772967638e-20	4.968595890645683e-10
0.011600000000000001	1.2352800700272296e-16	6.623841118961973e-12	6.836751161051422e-16	6.777128636404449e-15	6.985518103463606e-20	5.144438473978662e-10
0.0118	1.3002804552998234e-16	6.972378483277162e-12	7.074533184256189e-16	7.012836688658896e-15	7.228474532499617e-20	5.32333796939886e-10
0.012	1.3675219211044303e-16	7.332932092082133e-12	7.316379839751836e-16	7.252573905422379e-15	7.475584059977899e-20	5.505294335210315e-10
0.0122	1.4370424470903045e-16	7.705705553865875e-12	7.562291126944111e-16	7.496340285586797e-15	7.726846685800672e-20	5.690307529717429e-10
0.012400000000000001	1.508880012747818e-16	8.090902475228457e-12	7.812267045238777e-16	7.744135828044042e-15	7.982262409870161e-20	5.878377511224993e-10
0.0126	1.5830725974084583e-16	8.48872646088102e-12	8.066307594041577e-16	7.995960531686014e-15	8.241831232088585e-20	6.069504238038174e-10
0.0128	1.6596581802448337e-16	8.899381113645802e-12	8.324412772758271e-16	8.25181439540461e-15	8.505553152358178e-20	6.263687668462518e-10
0.013000000000000001	1.7386747402706653e-16	9.323070034456156e-12	8.586582580794612e-16	8.51169741809173e-15	8.773428170581159e-20	6.460927760803952e-10
0.0132	1.8201602563407944e-16	9.759996822356539e-12	8.852817017556353e-16	8.77560959863927e-15	9.045456286659745e-20	6.661224473368778e-10
0.0134	1.9041527071511802e-16	1.0210365074502544e-11	9.123116082449252e-16	9.043550935939127e-15	9.321637500496171e-20	6.864577764463683e-10
0.013600000000000001	1.9906900712389013e-16	1.0674378386160895e-11	9.39747977487906e-16	9.3155214288832e-15	9.601971811992655e-20	7.070987592395728e-10
0.013800000000000002	2.0798103269821547e-16	1.1152240350709463e-11	9.675908094251532e-16	9.591521076363393e-15	9.886459221051418e-20	7.280453915472357e-10
0.014	2.1715514526002556e-16	1.164415455963728e-11	9.958401039972422e-16	9.871549877271595e-15	1.0175099727574686e-19	7.492976692001385e-10
0.0142	2.2659514261536436e-16	1.215032460254456e-11	1.0244958611447483e-15	1.0155607830499713e-14	1.046789333146469e-19	7.708555880291017e-10
0.014400000000000001	2.3630482255438746e-16	1.2670954067142685e-11	1.0535580808082476e-15	1.0443694934939642e-14	1.0764840032623646e-19	7.927191438649833e-10
0.0146	2.4628798285136256e-16	1.3206246539254225e-11	1.0830267629283142e-15	1.0735811189483284e-14	1.1065939830953774e-19	8.148883325386786e-10
0.0148	2.565484212646698e-16	1.3756405602812974e-11	1.1129019074455253e-15	1.103195659302253e-14	1.1371192726357307e-19	8.373631498811218e-10
0.015000000000000001	2.670899355368013e-16	1.432163483986393e-11	1.1431835143004552e-15	1.1332131144449294e-14	1.1680598718736464e-19	8.601435917232846e-10
0.0152	2.779163233943611e-16	1.49021378305633e-11	1.1738715834336794e-15	1.1636334842655467e-14	1.199415780799347e-19	8.832296538961756e-10
0.0154	2.89031382548066e-16	1.5498118153178554e-11	1.2049661147857738e-15	1.1944567686532952e-14	1.2311869994030549e-19	9.066213322308433e-10
0.015600000000000001	3.0043891069274467e-16	1.6109779384088397e-11	1.2364671082973142e-15	1.2256829674973644e-14	1.2633735276749924e-19	9.303186225583727e-10
0.0158	3.121427055073384e-16	1.673732509778279e-11	1.2683745639088751e-15	1.2573120806869453e-14	1.2959753656053818e-19	9.543215207098868e-10
0.016	3.2414656465490055e-16	1.7380958866862957e-11	1.3006884815610326e-15	1.289344108111227e-14	1.3289925131844456e-19	9.786300225165465e-10
0.0162	3.3645428578259714e-16	1.8040884262041418e-11	1.3334088611943618e-15	1.3217790496594e-14	1.362424970402406e-19	1.0032441238095515e-09
0.0164	3.4906966652170705e-16	1.8717304852141992e-11	1.3665357027494393e-15	1.354616905220655e-14	1.3962727372494858e-19	1.0281638204201386e-09
0.0166	3.619965044876205e-16	1.9410424204099753e-11	1.4000690061668386e-15	1.3878576746841816e-14	1.4305358137159068e-19	1.0533891081795823e-09
0.016800000000000002	3.752385972798415e-16	2.0120445882961152e-11	1.4340087713871376e-15	1.42150135793917e-14	1.4652141997918923e-19	1.0789199829191956e-09
0.017	3.8879974248198555e-16	2.0847573451883898e-11	1.4683549983509101e-15	1.4555479548748098e-14	1.5003078954676637e-19	1.1047564404703292e-09
0.0172	4.026837376617817e-16	2.159201047213709e-11	1.5031076869987322e-15	1.4899974653802914e-14	1.5358169007334435e-19	1.1308984766643712e-09
0.017400000000000002	4.1689438037107145e-16	2.2353960503101156e-11	1.53826683727118e-15	1.5248498893448065e-14	1.5717412155794547e-19	1.1573460873327488e-09
0.0176	4.3143546814580817e-16	2.313362710226785e-11	1.5738324491088281e-15	1.5601052266575434e-14	1.608080839995919e-19	1.1840992683069252e-09
0.0178	4.463107985060594e-16	2.3931213825240335e-11	1.6098045224522515e-15	1.5957634772076936e-14	1.644835773973059e-19	1.2111580154184034e-09
0.018000000000000002	4.61524168956004e-16	2.4746924225733156e-11	1.6461830572420276e-15	1.6318246408844475e-14	1.682006017501098e-19	1.2385223244987243e-09
0.0182	4.77079376983935e-16	2.5580961855572187e-11	1.682968053418731e-15	1.668288717576994e-14	1.7195915705702569e-19	1.266192191379465e-09
0.0184	4.92980220062257e-16	2.6433530264694767e-11	1.720159510922937e-15	1.705155707174524e-14	1.7575924331707579e-19	1.2941676118922412e-09
0.018600000000000002	5.09230495647489e-16	2.7304833001149642e-11	1.7577574296952217e-15	1.742425609566229e-14	1.7960086052928257e-19	1.3224485818687077e-09
0.0188	5.258340011802613e-16	2.819507361109692e-11	1.7957618096761603e-15	1.7800984246412975e-14	1.8348400869266804e-19	1.351035097140555e-09
0.019	5.427945340853183e-16	2.91044556388082e-11	1.8341726508063278e-15	1.8181741522889216e-14	1.8740868780625452e-19	1.3799271535395136e-09
0.019200000000000002	5.601158917715178e-16	3.003318262666653e-11	1.8729899530263013e-15	1.8566527923982915e-14	1.9137489786906432e-19	1.4091247468973517e-09
0.0194	5.778018716318292e-16	3.098145811516638e-11	1.912213716276656e-15	1.8955343448585957e-14	1.9538263888011952e-19	1.4386278730458732e-09
0.0196	5.958562710433363e-16	3.194948564291368e-11	1.951843940497966e-15	1.9348188095590266e-14	1.9943191083844246e-19	1.4684365278169223e-09
0.0198	6.142828873672356e-16	3.293746874662589e-11	1.991880625630809e-15	1.9745061863887743e-14	2.0352271374305544e-19	1.4985507070423806e-09
0.02	6.330855179488367e-16	3.3945610961131904e-11	2.0323237716157587e-15	2.014596475237029e-14	2.076550475929805e-19	1.5289704065541663e-09
0.020200000000000003	6.522679601175627e-16	3.497411581937214e-11	2.0731733783933924e-15	2.055089675992981e-14	2.1182891238724e-19	1.5596956221842372e-09
0.0204	6.718340111869498e-16	3.602318685239849e-11	2.1144294459042835e-15	2.0959857885458223e-14	2.1604430812485624e-19	1.5907263497645875e-09
0.0206	6.917874684546474e-16	3.709302758937445e-11	2.15609197408901e-15	2.1372848127847408e-14	2.203012348048513e-19	1.6220625851272511e-09
0.020800000000000003	7.121321292024192e-16	3.818384155757498e-11	2.1981609628881472e-15	2.1789867485989294e-14	2.245996924262476e-19	1.653704324104298e-09
0.021	7.328717906961407e-16	3.929583228238657e-11	2.2406364122422696e-15	2.2210915958775773e-14	2.2893968098806726e-19	1.6856515625278366e-09
0.0212	7.540102501858018e-16	4.042920328730733e-11	2.2835183220919522e-15	2.2635993545098753e-14	2.333212004893326e-19	1.7179042962300133e-09
0.021400000000000002	7.75551304905507e-16	4.1584158093946886e-11	2.3268066923777737e-15	2.306510024385015e-14	2.3774425092906578e-19	1.750462521043014e-09
0.0216	7.974987520734716e-16	4.276090022202644e-11	2.3705015230403065e-15	2.349823605392186e-14	2.42208832306289e-19	1.783326232799059e-09
0.0218	8.198563888920266e-16	4.395963318937878e-11	2.414602814020128e-15	2.3935400974205793e-14	2.467149446200246e-19	1.8164954273304104e-09
0.022000000000000002	8.42628012547617e-16	4.518056051194835e-11	2.459110565257814e-15	2.4376595003593864e-14	2.5126258786929485e-19	1.849970100469365e-09
0.0222	8.658174202107991e-16	4.64238857037911e-11	2.5040247766939395e-15	2.482181814097797e-14	2.5585176205312184e-19	1.8837502480482586e-09
0.0224	8.894284090362453e-16	4.7689812277074687e-11	2.5493454482690798e-15	2.5271070385250013e-14	2.6048246717052787e-19	1.917835865899466e-09
0.022600000000000002	9.134647761627403e-16	4.897854374207839e-11	2.5950725799238123e-15	2.5724351735301916e-14	2.651547032205351e-19	1.9522269498553987e-09
0.0228	9.379303187131834e-16	5.029028360719304e-11	2.64120617159871e-15	2.618166219002557e-14	2.6986847020216605e-19	1.986923495748507e-09
0.023	9.628288337945867e-16	5.162523537892123e-11	2.687746223234351e-15	2.66430017483129e-14	2.746237681144426e-19	2.021925499411276e-09
0.023200000000000002	9.881641184980782e-16	5.298360256187721e-11	2.7346927347713106e-15	2.710837040905581e-14	2.7942059695638735e-19	2.0572329566762347e-09
0.0234	1.013939969898897e-15	5.4365588658786784e-11	2.7820457061501627e-15	2.7577768171146193e-14	2.8425895672702227e-19	2.0928458633759433e-09
0.0236	1.0401601850563975e-15	5.5771397170487557e-11	2.8298051373114853e-15	2.8051195033475976e-14	2.891388474253696e-19	2.1287642153430048e-09
0.0238	1.0668285610140506e-15	5.7201231595928805e-11	2.8779710281958525e-15	2.8528650994937055e-14	2.9406026905045183e-19	2.1649880084100588e-09
0.024	1.0939488947994356e-15	5.865529543217153e-11	2.9265433787438414e-15	2.9010136054421345e-14	2.9902322160129093e-19	2.2015172384097806e-09
0.024200000000000003	1.1215249834242511e-15	6.013379217438838e-11	2.9755221888960277e-15	2.949565021082076e-14	3.0402770507690926e-19	2.2383519011748864e-09
0.0244	1.1495606238843077e-15	6.16369253158638e-11	3.0249074585929835e-15	2.998519346302721e-14	3.0907371947632897e-19	2.2754919925381284e-09
0.0246	1.1780596131595298e-15	6.316489834799397e-11	3.07469918777529e-15	3.0478765809932574e-14	3.1416126479857233e-19	2.312937508332297e-09
0.024800000000000003	1.2070257482139568e-15	6.471791476028674e-11	3.124897376383521e-15	3.097636725042881e-14	3.1929034104266173e-19	2.350688444390222e-09
0.025	1.236462825995742e-15	6.629617804036184e-11	3.1755020243582503e-15	3.1477997783407784e-14	3.244609482076192e-19	2.3887447965447686e-09
0.0252	1.266374643437152e-15	6.789989167395073e-11	3.2265131316400555e-15	3.198365740776144e-14	3.2967308629246694e-19	2.427106560628842e-09
0.025400000000000002	1.2967649974545716e-15	6.952925914489658e-11	3.2779306981695116e-15	3.249334612238168e-14	3.3492675529622755e-19	2.465773732475385e-09
0.0256	1.3276376849484935e-15	7.118448393515447e-11	3.3297547238871942e-15	3.300706392616039e-14	3.402219552179229e-19	2.5047463079173755e-09
0.0258	1.3589965028035308e-15	7.286576952479118e-11	3.3819852087336803e-15	3.3524810817989503e-14	3.455586860565754e-19	2.5440242827878333e-09
0.026000000000000002	1.390845247888408e-15	7.457331939198544e-11	3.434622152649545e-15	3.4046586796760943e-14	3.509369478112073e-19	2.5836076529198144e-09
0.0262	1.423187717055965e-15	7.630733701302766e-11	3.4876655555753637e-15	3.45723918613666e-14	3.5635674048084065e-19	2.623496414146412e-09
0.0264	1.4560277071431557e-15	7.806802586232014e-11	3.5411154174517125e-15	3.5102226010698374e-14	3.618180640644979e-19	2.663690562300758e-09
0.026600000000000002	1.4893690149710488e-15	7.985558941237713e-11	3.5949717382191684e-15	3.563608924364821e-14	3.6732091856120134e-19	2.704190093216023e-09
0.0268	1.5232154373448283e-15	8.167023113382455e-11	3.6492345178183045e-15	3.617398155910799e-14	3.7286530396997297e-19	2.744995002725412e-09
0.027	1.5575707710537906e-15	8.351215449540035e-11	3.703903756189698e-15	3.6715902955969646e-14	3.784512202898351e-19	2.7861052866621727e-09
0.027200000000000002	1.5924388128713515e-15	8.538156296395434e-11	3.758979453273927e-15	3.726185343312507e-14	3.840786675198101e-19	2.8275209408595873e-09
0.0274	1.6278233595550346e-15	8.72786600044481e-11	3.814461609011563e-15	3.781183298946619e-14	3.8974764565892e-19	2.869241961150977e-09
0.027600000000000003	1.6637282078464865e-15	8.920364907995531e-11	3.870350223343186e-15	3.836584162388493e-14	3.954581547061872e-19	2.9112683433697023e-09
0.027800000000000002	1.7001571544714598e-15	9.115673365166136e-11	3.926645296209369e-15	3.892387933527318e-14	4.012101946606339e-19	2.9536000833491577e-09
0.028	1.7371139961398297e-15	9.31381171788637e-11	3.983346827550688e-15	3.948594612252286e-14	4.0700376552128236e-19	2.9962371769227788e-09
0.028200000000000003	1.774602529545582e-15	9.514800311897175e-11	4.04045481730772e-15	4.0052041984525896e-14	4.128388672871549e-19	3.0391796199240394e-09
0.0284	1.8126265513668185e-15	9.718659492750671e-11	4.09796926542104e-15	4.062216692017417e-14	4.1871549995727356e-19	3.082427408186448e-09
0.0286	1.851189858265756e-15	9.925409605810187e-11	4.155890171831225e-15	4.119632092835962e-14	4.2463366353066055e-19	3.1259805375435547e-09
0.028800000000000003	1.8902962468887265e-15	1.0135070996250255e-10	4.214217536478851e-15	4.177450400797416e-14	4.305933580063385e-19	3.169839003828947e-09
0.029	1.9299495138661768e-15	1.0347664009056582e-10	4.272951359304491e-15	4.23567161579097e-14	4.365945833833291e-19	3.2140028028762463e-09
0.0292	1.970153455812668e-15	1.0563208989026094e-10	4.332091640248722e-15	4.2942957377058154e-14	4.42637339660655e-19	3.2584719305191157e-09
0.029400000000000003	2.0109118693268802e-15	1.0781726280766917e-10	4.391638379252124e-15	4.353322766431142e-14	4.487216268373384e-19	3.3032463825912567e-09
0.0296	2.0522285509916014e-15	1.1003236228698363e-10	4.4515915762552685e-15	4.412752701856143e-14	4.548474449124013e-19	3.3483261549264046e-09
0.0298	2.094107297373743e-15	1.1227759177050964e-10	4.511951231198731e-15	4.4725855438700106e-14	4.610147938848661e-19	3.3937112433583376e-09
0.030000000000000002	2.136551905024327e-15	1.1455315469866447e-10	4.572717344023091e-15	4.532821292361937e-14	4.672236737537551e-19	3.4394016437208683e-09
0.0302	2.17956617047849e-15	1.1685925450997737e-10	4.63388991466892e-15	4.59345994722111e-14	4.734740845180904e-19	3.4853973518478474e-09
0.0304	2.2231538902554875e-15	1.191960946410898e-10	4.695468943076797e-15	4.6545015083367246e-14	4.797660261768943e-19	3.531698363573165e-09
0.030600000000000002	2.2673188608586875e-15	1.2156387852675523e-10	4.757454429187299e-15	4.7159459755979707e-14	4.860994987291891e-19	3.57830467473075e-09
0.0308	2.312064878775575e-15	1.2396280959983909e-10	4.819846372940998e-15	4.7777933488940393e-14	4.924745021739969e-19	3.6252162811545642e-09
0.031	2.3573957404777483e-15	1.2639309129131905e-10	4.882644774278473e-15	4.840043628114123e-14	4.9889103651034e-19	3.6724331786786137e-09
0.031200000000000002	2.4033152424209256e-15	1.2885492703028487e-10	4.9458496331403004e-15	4.902696813147413e-14	5.053491017372409e-19	3.7199553631369386e-09
0.031400000000000004	2.449827181044936e-15	1.313485202439384e-10	5.009460949467053e-15	4.965752903883103e-14	5.118486978537215e-19	3.767782830363618e-09
0.0316	2.4969353527737268e-15	1.3387407435759345e-10	5.073478723199308e-15	5.0292119002103807e-14	5.18389824858804e-19	3.8159155761927655e-09
0.0318	2.544643554015358e-15	1.3643179279467623e-10	5.137902954277642e-15	5.093073802018441e-14	5.249724827515108e-19	3.86435359645854e-09
0.032	2.5929555811620125e-15	1.3902187897672493e-10	5.2027336426426306e-15	5.157338609196474e-14	5.315966715308641e-19	3.9130968869951304e-09
0.0322	2.6418752305899795e-15	1.4164453632339e-10	5.2679707882348505e-15	5.222006321633672e-14	5.382623911958861e-19	3.96214544363677e-09
0.0324	2.69140629865967e-15	1.4429996825243393e-10	5.333614390994877e-15	5.287076939219228e-14	5.449696417455993e-19	4.011499262217725e-09
0.032600000000000004	2.7415525817156116e-15	1.469883781797316e-10	5.3996644508632874e-15	5.3525504618423324e-14	5.517184231790256e-19	4.0611583385723046e-09
0.0328	2.7923178760864425e-15	1.497099695192697e-10	5.466120967780655e-15	5.4184268893921764e-14	5.585087354951874e-19	4.111122668534848e-09
0.033	2.8437059780849204e-15	1.5246494568314754e-10	5.532983941687555e-15	5.484706221757954e-14	5.653405786931068e-19	4.16139224793974e-09
0.0332	2.8957206840079178e-15	1.5525351008157632e-10	5.6002533725245675e-15	5.551388458828854e-14	5.722139527718063e-19	4.2119670726214006e-09
0.0334	2.9483657901364254e-15	1.5807586612287966e-10	5.667929260232267e-15	5.61847360049407e-14	5.791288577303079e-19	4.262847138414285e-09
0.033600000000000005	3.001645092735549e-15	1.6093221721349352e-10	5.7360116047512315e-15	5.685961646642795e-14	5.860852935676341e-19	4.314032441152893e-09
0.033800000000000004	3.055562388054506e-15	1.6382276675796562e-10	5.804500406022033e-15	5.753852597164217e-14	5.930832602828068e-19	4.365522976671754e-09
0.034	3.1101214723266362e-15	1.6674771815895638e-10	5.8733956639852475e-15	5.822146451947532e-14	6.001227578748485e-19	4.417318740805442e-09
0.0342	3.1653261417693933e-15	1.697072748172384e-10	5.9426973785814535e-15	5.890843210881929e-14	6.072037863427813e-19	4.4694197293885625e-09
0.0344	3.221180192584345e-15	1.7270164013169648e-10	6.012405549751225e-15	5.959942873856602e-14	6.143263456856275e-19	4.521825938255765e-09
0.0346	3.277687420957179e-15	1.757310174993277e-10	6.082520177435141e-15	6.029445440760743e-14	6.214904359024092e-19	4.574537363241734e-09
0.034800000000000005	3.334851623057699e-15	1.7879561031524164e-10	6.153041261573777e-15	6.099350911483545e-14	6.286960569921489e-19	4.627554000181194e-09
0.035	3.3926765950398193e-15	1.8189562197265975e-10	6.223968802107705e-15	6.169659285914195e-14	6.359432089538686e-19	4.680875844908903e-09
0.0352	3.4511661330415746e-15	1.8503125586291622e-10	6.295302798977505e-15	6.240370563941889e-14	6.432318917865908e-19	4.7345028932596595e-09
0.0354	3.51032403318512e-15	1.882027153754574e-10	6.367043252123749e-15	6.31148474545582e-14	6.505621054893373e-19	4.7884351410683e-09
0.0356	3.5701540915767214e-15	1.9141020389784206e-10	6.439190161487018e-15	6.383001830345177e-14	6.5793385006113075e-19	4.842672584169701e-09
0.0358	3.63066010430676e-15	1.946539248157412e-10	6.511743527007887e-15	6.454921818499152e-14	6.653471255009933e-19	4.897215218398773e-09
0.036000000000000004	3.691845867449742e-15	1.9793408151293845e-10	6.584703348626932e-15	6.527244709806945e-14	6.728019318079474e-19	4.952063039590468e-09
0.0362	3.753715177064282e-15	2.0125087737132927e-10	6.658069626284727e-15	6.599970504157737e-14	6.802982689810148e-19	5.00721604357977e-09
0.0364	3.8162718291931125e-15	2.0460451577092207e-10	6.731842359921849e-15	6.673099201440726e-14	6.87836137019218e-19	5.062674226201709e-09
0.0366	3.879519619863083e-15	2.0799520008983735e-10	6.8060215494788736e-15	6.746630801545099e-14	6.954155359215791e-19	5.118437583291344e-09
0.0368	3.943462345085165e-15	2.114231337043082e-10	6.8806071948963785e-15	6.820565304360057e-14	7.030364656871203e-19	5.174506110683779e-09
0.037000000000000005	4.008103800854441e-15	2.148885199886801e-10	6.95559929611494e-15	6.894902709774787e-14	7.106989263148646e-19	5.230879804214157e-09
0.037200000000000004	4.0734477831501105e-15	2.1839156231541076e-10	7.030997853075132e-15	6.969643017678481e-14	7.184029178038332e-19	5.287558659717648e-09
0.0374	4.139498087935487e-15	2.2193246405507038e-10	7.106802865717532e-15	7.04478622796033e-14	7.261484401530488e-19	5.34454267302947e-09
0.0376	4.2062585111580124e-15	2.2551142857634192e-10	7.183014333982715e-15	7.12033234050953e-14	7.339354933615337e-19	5.401831839984878e-09
0.0378	4.273732848749234e-15	2.2912865924602042e-10	7.259632257811257e-15	7.196281355215271e-14	7.417640774283099e-19	5.459426156419162e-09
0.038	4.341924896624818e-15	2.3278435942901357e-10	7.336656637143734e-15	7.272633271966747e-14	7.496341923524e-19	5.517325618167649e-09
0.038200000000000005	4.410838450684557e-15	2.364787324883417e-10	7.414087471920729e-15	7.34938809065315e-14	7.575458381328263e-19	5.57553022106571e-09
0.038400000000000004	4.480477306812345e-15	2.402119817851373e-10	7.49192476208281e-15	7.426545811163671e-14	7.654990147686102e-19	5.634039960948744e-09
0.0386	4.550845260876206e-15	2.439843106786456e-10	7.570168507570554e-15	7.504106433387501e-14	7.734937222587747e-19	5.6928548336521964e-09
0.0388	4.6219461087282734e-15	2.477959225262241e-10	7.648818708324542e-15	7.582069957213834e-14	7.815299606023419e-19	5.751974835011546e-09
0.039	4.6937836462048025e-15	2.516470206833433e-10	7.727875364285343e-15	7.660436382531864e-14	7.896077297983341e-19	5.811399960862312e-09
0.0392	4.766361669126165e-15	2.555378085035856e-10	7.80733847539354e-15	7.739205709230781e-14	7.977270298457732e-19	5.871130207040049e-09
0.039400000000000004	4.839683973296849e-15	2.594684893386467e-10	7.887208041589706e-15	7.818377937199782e-14	8.058878607436822e-19	5.9311655693803555e-09
0.0396	4.913754354505455e-15	2.6343926653833405e-10	7.967484062814416e-15	7.897953066328053e-14	8.140902224910823e-19	5.991506043718855e-09
0.0398	4.98857660852471e-15	2.6745034345056837e-10	8.048166539008249e-15	7.977931096504789e-14	8.223341150869961e-19	6.052151625891223e-09
0.04	5.064154531111453e-15	2.715019234213825e-10	8.129255470111776e-15	8.058312027619185e-14	8.306195385304462e-19	6.113102311733165e-09
0.0402	5.140491918006639e-15	2.7559420979492214e-10	8.210750856065578e-15	8.13909585956043e-14	8.3894649282045465e-19	6.1743580970804275e-09
0.040400000000000005	5.217592564935349e-15	2.7972740591344546e-10	8.292652696810235e-15	8.220282592217721e-14	8.473149779560437e-19	6.235918977768795e-09
0.040600000000000004	5.295460267606769e-15	2.839017151173232e-10	8.374960992286313e-15	8.301872225480245e-14	8.557249939362354e-19	6.297784949634084e-09
0.0408	5.37409882171421e-15	2.8811734074503897e-10	8.457675742434395e-15	8.383864759237201e-14	8.641765407600524e-19	6.3599560085121554e-09
0.041	5.453512022935099e-15	2.9237448613318876e-10	8.540796947195056e-15	8.466260193377774e-14	8.726696184265164e-19	6.422432150238909e-09
0.0412	5.533703666930984e-15	2.9667335461648135e-10	8.624324606508872e-15	8.549058527791161e-14	8.8120422693465e-19	6.485213370650275e-09
0.0414	5.614677549347525e-15	3.0101414952773804e-10	8.70825872031642e-15	8.632259762366554e-14	8.897803662834755e-19	6.548299665582228e-09
0.041600000000000005	5.6964374658145056e-15	3.0539707419789304e-10	8.792599288558276e-15	8.715863896993149e-14	8.983980364720152e-19	6.61169103087078e-09
0.041800000000000004	5.7789872119458155e-15	3.0982233195599296e-10	8.877346311175015e-15	8.799870931560134e-14	9.07057237499291e-19	6.675387462351975e-09
0.042	5.862330583339479e-15	3.142901261291973e-10	8.962499788107215e-15	8.884280865956702e-14	9.15757969364325e-19	6.739388955861902e-09
0.0422	5.9464713755776256e-15	3.188006600427782e-10	9.048059719295447e-15	8.969093700072048e-14	9.2450023206614e-19	6.803695507236684e-09
0.0424	6.0314133842265054e-15	3.233541370201206e-10	9.134026104680293e-15	9.054309433795363e-14	9.332840256037581e-19	6.868307112312483e-09
0.0426	6.117160404836493e-15	3.2795076038272175e-10	9.22039894420233e-15	9.139928067015842e-14	9.42109349976201e-19	6.9332237669255e-09
0.042800000000000005	6.2037162329420745e-15	3.325907334501926e-10	9.307178237802134e-15	9.225949599622678e-14	9.50976205182492e-19	6.998445466911974e-09
0.043000000000000003	6.2910846640618515e-15	3.372742595402555e-10	9.394363985420274e-15	9.312374031505059e-14	9.598845912216522e-19	7.0639722081081756e-09
0.0432	6.379269493698546e-15	3.4200154196874677e-10	9.481956186997334e-15	9.399201362552182e-14	9.688345080927042e-19	7.129803986350419e-09
0.0434	6.468274517339005e-15	3.467727840496146e-10	9.569954842473887e-15	9.486431592653239e-14	9.778259557946705e-19	7.195940797475061e-09
0.0436	6.558103530454182e-15	3.5158818909492076e-10	9.658359951790511e-15	9.574064721697422e-14	9.868589343265734e-19	7.262382637318484e-09
0.0438	6.648760328499161e-15	3.5644796041483904e-10	9.747171514887781e-15	9.662100749573925e-14	9.959334436874345e-19	7.329129501717117e-09
0.044000000000000004	6.740248706913137e-15	3.613523013176571e-10	9.836389531706277e-15	9.750539676171945e-14	1.0050494838762774e-18	7.3961813865074265e-09
0.0442	6.832572461119419e-15	3.6630141510977376e-10	9.926014002186569e-15	9.839381501380668e-14	1.0142070548921227e-18	7.463538287525913e-09
0.0444	6.925735386525439e-15	3.7129550509570214e-10	1.0016044926269235e-14	9.928626225089287e-14	1.0234061567339935e-18	7.531200200609117e-09
0.0446	7.0197412785227535e-15	3.7633477457806753e-10	1.0106482303894857e-14	1.0018273847187e-13	1.0326467894009118e-18	7.599167121593617e-09
0.0448	7.114593932487026e-15	3.814194268576085e-10	1.0197326135004e-14	1.0108324367562996e-13	1.0419289528919e-18	7.66743904631603e-09
0.045000000000000005	7.210297143778052e-15	3.8654966523317594e-10	1.0288576419537256e-14	1.0198777786106473e-13	1.0512526472059801e-18	7.736015970613013e-09
0.045200000000000004	7.306854707739725e-15	3.917256930017339e-10	1.0380233157435187e-14	1.0289634102706618e-13	1.0606178723421748e-18	7.804897890321252e-09
0.0454	7.404270419700078e-15	3.969477134583589e-10	1.0472296348638374e-14	1.0380893317252624e-13	1.0700246282995059e-18	7.874084801277478e-09
0.0456	7.502548074971251e-15	4.022159298962413e-10	1.0564765993087398e-14	1.0472555429633689e-13	1.079472915076996e-18	7.943576699318467e-09
0.0458	7.601691468849505e-15	4.075305456066834e-10	1.065764209072283e-14	1.0564620439739006e-13	1.088962732673667e-18	8.01337358028101e-09
0.046	7.701704396615221e-15	4.12891763879101e-10	1.0750924641485248e-14	1.0657088347457764e-13	1.098494081088541e-18	8.08347544000196e-09
0.046200000000000005	7.8025906535329e-15	4.182997880010226e-10	1.084461364531523e-14	1.0749959152679161e-13	1.1080669603206414e-18	8.153882274318201e-09
0.046400000000000004	7.904354034851155e-15	4.237548212580895e-10	1.0938709102153351e-14	1.0843232855292385e-13	1.117681370368989e-18	8.224594079066642e-09
0.0466	8.00699833580272e-15	4.2925706693405584e-10	1.1033211011940185e-14	1.093690945518663e-13	1.1273373112326067e-18	8.295610850084245e-09
0.0468	8.110527351604459e-15	4.3480672831078953e-10	1.1128119374616311e-14	1.1030988952251092e-13	1.1370347829105166e-18	8.366932583208005e-09
0.047	8.214944877457334e-15	4.404040086682702e-10	1.1223434190122307e-14	1.1125471346374963e-13	1.1467737854017407e-18	8.438559274274956e-09
0.0472	8.320254708546443e-15	4.460491112845919e-10	1.1319155458398746e-14	1.1220356637447436e-13	1.156554318705302e-18	8.510490919122168e-09
0.047400000000000005	8.426460640041003e-15	4.517422394359604e-10	1.1415283179386204e-14	1.1315644825357706e-13	1.1663763828202223e-18	8.582727513586752e-09
0.0476	8.533566467094339e-15	4.5748359639669477e-10	1.1511817353025262e-14	1.1411335909994962e-13	1.1762399777455238e-18	8.655269053505846e-09
0.0478	8.641575984843893e-15	4.632733854392278e-10	1.1608757979256491e-14	1.15074298912484e-13	1.1861451034802282e-18	8.728115534716639e-09
0.048	8.750492988411244e-15	4.691118098341045e-10	1.1706105058020474e-14	1.1603926769007213e-13	1.1960917600233588e-18	8.801266953056355e-09
0.0482	8.860321272902071e-15	4.749990728499832e-10	1.180385858925778e-14	1.17008265431606e-13	1.2060799473739371e-18	8.874723304362249e-09
0.048400000000000006	8.971064633406192e-15	4.809353777536354e-10	1.1902018572908995e-14	1.1798129213597744e-13	1.2161096655309859e-18	8.948484584471625e-09
0.048600000000000004	9.082726864997526e-15	4.869209278099455e-10	1.2000585008914683e-14	1.189583478020785e-13	1.226180914493527e-18	9.022550789221812e-09
0.0488	9.195311762734111e-15	4.929559262819105e-10	1.2099557897215424e-14	1.19939432428801e-13	1.2362936942605825e-18	9.096921914450187e-09
0.049	9.308823121658117e-15	4.990405764306418e-10	1.21989372377518e-14	1.2092454601503688e-13	1.2464480048311749e-18	9.17159795599416e-09
0.0492	9.423264736795832e-15	5.051750815153625e-10	1.2298723030464388e-14	1.2191368855967816e-13	1.2566438462043266e-18	9.24657890969118e-09
0.0494	9.538640403157648e-15	5.113596447934092e-10	1.2398915275293759e-14	1.2290686006161674e-13	1.2668812183790594e-18	9.321864771378736e-09
0.049600000000000005	9.654953915738098e-15	5.175944695202323e-10	1.2499513972180496e-14	1.2390406051974456e-13	1.2771601213543963e-18	9.397455536894352e-09
0.049800000000000004	9.772209069515815e-15	5.238797589493944e-10	1.2600519121065167e-14	1.249052899329535e-13	1.2874805551293587e-18	9.473351202075587e-09
0.05	9.890409659453567e-15	5.302157163325715e-10	1.2701930721888352e-14	1.2591054830013554e-13	1.2978425197029692e-18	9.549551762760046e-09
0.0502	1.0009559480498223e-14	5.366025449195533e-10	1.2803748774590628e-14	1.2691983562018267e-13	1.3082460150742496e-18	9.626057214785365e-09
0.0504	1.0129662327580789e-14	5.430404479582419e-10	1.2905973279112574e-14	1.2793315189198672e-13	1.318691041242223e-18	9.702867553989223e-09
0.0506	1.0250721995616393e-14	5.495296286946525e-10	1.3008604235394761e-14	1.2895049711443966e-13	1.3291775982059114e-18	9.779982776209331e-09
0.050800000000000005	1.0372742279504265e-14	5.560702903729146e-10	1.3111641643377768e-14	1.299718712864335e-13	1.3397056859643371e-18	9.857402877283444e-09
0.051000000000000004	1.0495726974127758e-14	5.626626362352696e-10	1.3215085503002173e-14	1.3099727440686012e-13	1.3502753045165216e-18	9.935127853049346e-09
0.0512	1.0619679874354355e-14	5.693068695220724e-10	1.3318935814208553e-14	1.3202670647461138e-13	1.3608864538614877e-18	1.001315769934487e-08
0.0514	1.0744604775035661e-14	5.76003193471792e-10	1.342319257693748e-14	1.3306016748857934e-13	1.3715391339982576e-18	1.0091492412007879e-08
0.0516	1.0870505471007383e-14	5.827518113210093e-10	1.3527855791129536e-14	1.3409765744765584e-13	1.3822333449258535e-18	1.0170131986876278e-08
0.051800000000000006	1.099738575708937e-14	5.895529263044198e-10	1.3632925456725294e-14	1.3513917635073295e-13	1.3929690866432981e-18	1.024907641978801e-08
0.052000000000000005	1.1125249428085566e-14	5.964067416548303e-10	1.3738401573665336e-14	1.3618472419670247e-13	1.4037463591496127e-18	1.0328325706581048e-08
0.0522	1.125410027878406e-14	6.033134606031633e-10	1.384428414189023e-14	1.3723430098445635e-13	1.41456516244382e-18	1.0407879843093413e-08
0.0524	1.1383942103957038e-14	6.102732863784524e-10	1.3950573161340558e-14	1.3828790671288665e-13	1.4254254965249423e-18	1.0487738825163157e-08
0.0526	1.1514778698360825e-14	6.172864222078461e-10	1.4057268631956894e-14	1.3934554138088514e-13	1.436327361392002e-18	1.056790264862838e-08
0.0528	1.1646613856735861e-14	6.243530713166048e-10	1.4164370553679815e-14	1.4040720498734392e-13	1.4472707570440212e-18	1.0648371309327202e-08
0.053000000000000005	1.1779451373806696e-14	6.314734369281038e-10	1.4271878926449908e-14	1.4147289753115482e-13	1.4582556834800224e-18	1.07291448030978e-08
0.053200000000000004	1.1913295044282008e-14	6.386477222638296e-10	1.437979375020773e-14	1.4254261901120983e-13	1.4692821406990271e-18	1.0810223125778375e-08
0.0534	1.2048148662854594e-14	6.45876130543384e-10	1.448811502489387e-14	1.4361636942640082e-13	1.4803501287000582e-18	1.089160627320717e-08
0.0536	1.218401602420138e-14	6.531588649844807e-10	1.4596842750448898e-14	1.4469414877561983e-13	1.4914596474821373e-18	1.0973294241222471e-08
0.0538	1.232090092298339e-14	6.60496128802948e-10	1.4705976926813398e-14	1.457759570577587e-13	1.5026106970442874e-18	1.1055287025662598e-08
0.054	1.2458807153845793e-14	6.678881252127263e-10	1.481551755392794e-14	1.4686179427170948e-13	1.5138032773855303e-18	1.1137584622365903e-08
0.054200000000000005	1.2597738511417867e-14	6.75335057425871e-10	1.4925464631733115e-14	1.47951660416364e-13	1.5250373885048887e-18	1.122018702717079e-08
0.054400000000000004	1.273769879031301e-14	6.828371286525482e-10	1.5035818160169482e-14	1.490455554906142e-13	1.5363130304013841e-18	1.1303094235915682e-08
0.0546	1.2878691785128732e-14	6.903945421010405e-10	1.5146578139177623e-14	1.5014347949335219e-13	1.5476302030740394e-18	1.1386306244439058e-08
0.0548	1.3020721290446677e-14	6.980075009777412e-10	1.5257744568698115e-14	1.5124543242346967e-13	1.558988906521876e-18	1.146982304857942e-08
0.055	1.3163791100832616e-14	7.056762084871592e-10	1.536931744867154e-14	1.5235141427985876e-13	1.570389140743917e-18	1.1553644644175325e-08
0.055200000000000006	1.3307905010836424e-14	7.134008678319154e-10	1.5481296779038464e-14	1.5346142506141134e-13	1.5818309057391846e-18	1.163777102706535e-08
0.055400000000000005	1.3453066814992087e-14	7.211816822127446e-10	1.559368255973947e-14	1.5457546476701935e-13	1.5933142015067004e-18	1.1722202193088116e-08
0.055600000000000004	1.3599280307817741e-14	7.290188548284943e-10	1.570647479071514e-14	1.5569353339557467e-13	1.6048390280454871e-18	1.1806938138082288e-08
0.0558	1.3746549283815636e-14	7.369125888761274e-10	1.5819673471906042e-14	1.5681563094596938e-13	1.6164053853545672e-18	1.1891978857886562e-08
0.056	1.3894877537472114e-14	7.448630875507179e-10	1.5933278603252755e-14	1.5794175741709528e-13	1.6280132734329622e-18	1.1977324348339673e-08
0.0562	1.4044268863257673e-14	7.52870554045455e-10	1.6047290184695856e-14	1.5907191280784441e-13	1.639662692279695e-18	1.2062974605280397e-08
0.056400000000000006	1.4194727055626921e-14	7.609351915516406e-10	1.6161708216175923e-14	1.6020609711710868e-13	1.6513536418937882e-18	1.2148929624547548e-08
0.056600000000000004	1.434625590901858e-14	7.690572032586902e-10	1.6276532697633528e-14	1.6134431034377997e-13	1.6630861222742628e-18	1.2235189401979968e-08
0.0568	1.4498859217855477e-14	7.772367923541323e-10	1.6391763629009257e-14	1.6248655248675031e-13	1.6748601334201415e-18	1.2321753933416552e-08
0.057	1.46525407765446e-14	7.854741620236103e-10	1.650740101024368e-14	1.6363282354491157e-13	1.6866756753304466e-18	1.2408623214696221e-08
0.0572	1.480730437947704e-14	7.937695154508794e-10	1.6623444841277372e-14	1.6478312351715583e-13	1.6985327480042008e-18	1.2495797241657937e-08
0.0574	1.496315382102799e-14	8.021230558178102e-10	1.673989512205091e-14	1.6593745240237485e-13	1.710431351440426e-18	1.258327601014071e-08
0.057600000000000005	1.5120092895556793e-14	8.105349863043852e-10	1.6856751852504882e-14	1.6709581019946074e-13	1.7223714856381451e-18	1.2671059515983569e-08
0.057800000000000004	1.5278125397406893e-14	8.190055100887013e-10	1.6974015032579847e-14	1.6825819690730533e-13	1.7343531505963787e-18	1.275914775502559e-08
0.058	1.5437255120905865e-14	8.275348303469682e-10	1.7091684662216395e-14	1.694246125248006e-13	1.74637634631415e-18	1.2847540723105892e-08
0.0582	1.5597485860365397e-14	8.361231502535106e-10	1.72097607413551e-14	1.7059505705083844e-13	1.758441072790482e-18	1.2936238416063628e-08
0.0584	1.5758821410081306e-14	8.447706729807651e-10	1.732824326993652e-14	1.717695304843109e-13	1.7705473300243956e-18	1.3025240829737983e-08
0.058600000000000006	1.592126556433354e-14	8.534776016992843e-10	1.7447132247901275e-14	1.729480328241099e-13	1.7826951180149144e-18	1.3114547959968194e-08
0.058800000000000005	1.608482211738614e-14	8.622441395777306e-10	1.75664276751899e-14	1.7413056406912725e-13	1.7948844367610597e-18	1.3204159802593519e-08
0.059000000000000004	1.6249494863487285e-14	8.710704897828838e-10	1.768612955174299e-14	1.7531712421825509e-13	1.807115286261853e-18	1.329407635345326e-08
0.0592	1.6415287596869277e-14	8.79956855479635e-10	1.7806237877501117e-14	1.7650771327038517e-13	1.819387666516318e-18	1.3384297608386764e-08
0.0594	1.6582204111748548e-14	8.889034398309908e-10	1.792675265240486e-14	1.777023312244096e-13	1.8317015775234763e-18	1.3474823563233408e-08
0.0596	1.6750248202325623e-14	8.979104459980692e-10	1.8047673876394794e-14	1.7890097807922023e-13	1.8440570192823504e-18	1.3565654213832615e-08
0.059800000000000006	1.691942366278518e-14	9.069780771401044e-10	1.81690015494115e-14	1.801036538337091e-13	1.8564539917919626e-18	1.3656789556023835e-08
0.060000000000000005	1.7089734287295995e-14	9.161065364144412e-10	1.829073567139555e-14	1.813103584867681e-13	1.868892495051335e-18	1.3748229585646554e-08
0.060200000000000004	1.726118387001098e-14	9.252960269765415e-10	1.8412876242287523e-14	1.8252109203728908e-13	1.881372529059489e-18	1.3839974298540311e-08
0.0604	1.7433776205067156e-14	9.345467519799778e-10	1.8535423262027997e-14	1.8373585448416416e-13	1.8938940938154482e-18	1.3932023690544675e-08
0.0606	1.760751508658568e-14	9.43858914576439e-10	1.865837673055754e-14	1.8495464582628512e-13	1.906457189318234e-18	1.4024377757499247e-08
0.0608	1.778240430867183e-14	9.532327179157257e-10	1.8781736647816747e-14	1.8617746606254406e-13	1.9190618155668693e-18	1.4117036495243677e-08
0.061000000000000006	1.795844766541499e-14	9.62668365145754e-10	1.8905503013746186e-14	1.8740431519183282e-13	1.9317079725603757e-18	1.4209999899617647e-08
0.061200000000000004	1.8135648950888672e-14	9.721660594125508e-10	1.902967582828642e-14	1.8863519321304343e-13	1.9443956602977756e-18	1.4303267966460872e-08
0.0614	1.8314011959150514e-14	9.817260038602605e-10	1.915425509137804e-14	1.8987010012506768e-13	1.957124878778092e-18	1.439684069161311e-08
0.0616	1.849354048424229e-14	9.913484016311383e-10	1.9279240802961622e-14	1.9110903592679772e-13	1.9698956280003456e-18	1.4490718070914159e-08
0.0618	1.867423832018986e-14	1.0010334558655552e-09	1.9404632962977742e-14	1.9235200061712533e-13	1.9827079079635595e-18	1.4584900100203853e-08
0.062	1.885610926100324e-14	1.0107813697019943e-09	1.9530431571366975e-14	1.9359899419494257e-13	1.995561718666756e-18	1.4679386775322065e-08
0.062200000000000005	1.9039157100676556e-14	1.0205923462770543e-09	1.9656636628069903e-14	1.9485001665914137e-13	2.0084570601089584e-18	1.4774178092108701e-08
0.062400000000000004	1.9223385633188052e-14	1.030466588725446e-09	1.9783248133027092e-14	1.961050680086136e-13	2.021393932289187e-18	1.4869274046403708e-08
0.0626	1.9408798652500086e-14	1.040404300179995e-09	1.991026608617913e-14	1.973641482422513e-13	2.0343723352064643e-18	1.4964674634047066e-08
0.06280000000000001	1.9595399952559162e-14	1.0504056837716405e-09	2.0037690487466586e-14	1.986272573589464e-13	2.047392268859815e-18	1.5060379850878813e-08
0.063	1.9783193327295882e-14	1.0604709426294347e-09	2.016552133683003e-14	1.9989439535759072e-13	2.060453733248257e-18	1.5156389692738986e-08
0.0632	1.9972182570625e-14	1.0706002798805458e-09	2.029375863421007e-14	2.0116556223707645e-13	2.0735567283708166e-18	1.525270415546771e-08
0.0634	2.0162371476445338e-14	1.0807938986502534e-09	2.042240237954724e-14	2.024407579962953e-13	2.0867012542265134e-18	1.5349323234905094e-08
0.0636	2.035376383863992e-14	1.091052002061953e-09	2.0551452572782158e-14	2.0371998263413939e-13	2.0998873108143714e-18	1.5446246926891336e-08
0.06380000000000001	2.0546363451075825e-14	1.1013747932371524e-09	2.068090921385538e-14	2.050032361495006e-13	2.113114898133412e-18	1.5543475227266634e-08
0.064	2.074017410760427e-14	1.111762475295474e-09	2.0810772302707473e-14	2.0629051854127083e-13	2.1263840161826578e-18	1.5641008131871238e-08
0.06420000000000001	2.093519960206062e-14	1.1222152513546549e-09	2.0941041839279027e-14	2.0758182980834216e-13	2.13969466496113e-18	1.573884563654544e-08
0.0644	2.113144372826432e-14	1.132733324530544e-09	2.1071717823510625e-14	2.0887716994960639e-13	2.1530468444678525e-18	1.5836987737129566e-08
0.0646	2.1328910280018992e-14	1.1433168979371067e-09	2.1202800255342828e-14	2.1017653896395559e-13	2.166440554701846e-18	1.5935434429463974e-08
0.0648	2.1527603051112308e-14	1.15396617468642e-09	2.1334289134716222e-14	2.1147993685028165e-13	2.179875795662134e-18	1.6034185709389067e-08
0.065	2.172752583531615e-14	1.1646813578886773e-09	2.1466184461571387e-14	2.1278736360747654e-13	2.193352567347738e-18	1.613324157274529e-08
0.06520000000000001	2.1928682426386465e-14	1.1754626506521835e-09	2.1598486235848902e-14	2.1409881923443228e-13	2.2068708697576807e-18	1.623260201537311e-08
0.0654	2.213107661806331e-14	1.1863102560833585e-09	2.1731194457489323e-14	2.154143037300406e-13	2.2204307028909833e-18	1.6332267033113042e-08
0.0656	2.2334712204070918e-14	1.1972243772867365e-09	2.1864309126433254e-14	2.1673381709319372e-13	2.23403206674667e-18	1.6432236621805646e-08
0.0658	2.2539592978117593e-14	1.208205217364965e-09	2.1997830242621246e-14	2.1805735932278336e-13	2.24767496132376e-18	1.65325107772915e-08
0.066	2.274572273389581e-14	1.2192529794188073e-09	2.21317578059939e-14	2.1938493041770175e-13	2.2613593866212787e-18	1.6633089495411247e-08
0.06620000000000001	2.295310526508213e-14	1.230367866547138e-09	2.2266091816491787e-14	2.2071653037684062e-13	2.2750853426382474e-18	1.673397277200555e-08
0.0664	2.3161744365337225e-14	1.2415500818469475e-09	2.2400832274055462e-14	2.2205215919909188e-13	2.288852829373687e-18	1.68351606029151e-08
0.0666	2.3371643828305954e-14	1.2527998284133401e-09	2.2535979178625545e-14	2.2339181688334766e-13	2.3026618468266213e-18	1.693665298398064e-08
0.0668	2.358280744761723e-14	1.2641173093395329e-09	2.267153253014256e-14	2.2473550342849972e-13	2.3165123949960708e-18	1.7038449911042967e-08
0.067	2.379523901688414e-14	1.2755027277168595e-09	2.2807492328547134e-14	2.260832188334402e-13	2.3304044738810605e-18	1.7140551379942886e-08
0.06720000000000001	2.4008942329703855e-14	1.286956286634766e-09	2.2943858573779807e-14	2.2743496309706103e-13	2.3443380834806104e-18	1.724295738652125e-08
0.0674	2.422392117965767e-14	1.29847818918081e-09	2.3080631265781178e-14	2.28790736218254e-13	2.358313223793743e-18	1.7345667926618954e-08
0.06760000000000001	2.444017936031106e-14	1.3100686384406696e-09	2.3217810404491816e-14	2.301505381959112e-13	2.3723298948194815e-18	1.744868299607693e-08
0.0678	2.465772066521354e-14	1.3217278374981309e-09	2.3355395989852286e-14	2.315143690289246e-13	2.3863880965568467e-18	1.7552002590736148e-08
0.068	2.4876548887898826e-14	1.333455989435097e-09	2.349338802180319e-14	2.328822287161861e-13	2.400487829004863e-18	1.7655626706437614e-08
0.0682	2.5096667821884692e-14	1.3452532973315847e-09	2.363178650028508e-14	2.342541172565876e-13	2.4146290921625498e-18	1.7759555339022355e-08
0.0684	2.5318081260673086e-14	1.3571199642657253e-09	2.3770591425238567e-14	2.3563003464902114e-13	2.428811886028932e-18	1.786378848433148e-08
0.06860000000000001	2.554079299775005e-14	1.3690561933137635e-09	2.39098027966042e-14	2.3700998089237874e-13	2.4430362106030307e-18	1.7968326138206098e-08
0.0688	2.5764806826585728e-14	1.381062187550058e-09	2.4049420614322545e-14	2.383939559855521e-13	2.4573020658838676e-18	1.8073168296487356e-08
0.069	2.5990126540634463e-14	1.3931381500470825e-09	2.4189444878334208e-14	2.3978195992743344e-13	2.4716094518704656e-18	1.817831495501646e-08
0.0692	2.6216755933334647e-14	1.4052842838754245e-09	2.4329875588579758e-14	2.4117399271691463e-13	2.4859583685618467e-18	1.8283766109634642e-08
0.0694	2.644469879810884e-14	1.4175007921037857e-09	2.4470712744999756e-14	2.425700543528876e-13	2.5003488159570337e-18	1.8389521756183175e-08
0.06960000000000001	2.66739589283637e-14	1.4297878777989832e-09	2.4611956347534814e-14	2.439701448342443e-13	2.5147807940550486e-18	1.8495581890503367e-08
0.0698	2.6904540117490003e-14	1.442145744025944e-09	2.475360639612546e-14	2.4537426415987667e-13	2.529254302854913e-18	1.8601946508436552e-08
0.07	2.7136446158862684e-14	1.4545745938477159e-09	2.4895662890712316e-14	2.4678241232867674e-13	2.54376934235565e-18	1.8708615605824138e-08
0.0702	2.7369680845840753e-14	1.4670746303254541e-09	2.503812583123593e-14	2.4819458933953634e-13	2.5583259125562806e-18	1.881558917850752e-08
0.0704	2.760424797176741e-14	1.4796460565184352e-09	2.5180995217636904e-14	2.496107951913476e-13	2.572924013455829e-18	1.892286722232819e-08
0.07060000000000001	2.7840151329969923e-14	1.492289075484044e-09	2.5324271049855786e-14	2.510310298830025e-13	2.5875636450533163e-18	1.9030449733127622e-08
0.0708	2.8077394713759682e-14	1.505003890277781e-09	2.5467953327833168e-14	2.524552934133926e-13	2.6022448073477635e-18	1.913833670674735e-08
0.07100000000000001	2.8315981916432244e-14	1.5177907039532639e-09	2.561204205150964e-14	2.538835857814104e-13	2.6169675003381957e-18	1.9246528139028966e-08
0.0712	2.855591673126725e-14	1.5306497195622205e-09	2.5756537220825746e-14	2.553159069859473e-13	2.6317317240236323e-18	1.9355024025814065e-08
0.0714	2.879720295152849e-14	1.5435811401544976e-09	2.5901438835722104e-14	2.567522570258958e-13	2.646537478403098e-18	1.946382436294431e-08
0.0716	2.9039844370463847e-14	1.5565851687780513e-09	2.6046746896139254e-14	2.5819263590014736e-13	2.6613847634756125e-18	1.957292914626137e-08
0.0718	2.928384478130539e-14	1.569662008478956e-09	2.6192461402017807e-14	2.5963704360759453e-13	2.676273579240201e-18	1.9682338371606995e-08
0.07200000000000001	2.952920797726924e-14	1.582811862301399e-09	2.633858235329831e-14	2.610854801471288e-13	2.6912039256958832e-18	1.979205203482293e-08
0.0722	2.977593775155567e-14	1.5960349332876791e-09	2.648510974992135e-14	2.625379455176421e-13	2.7061758028416823e-18	1.9902070131750973e-08
0.0724	3.0024037897349096e-14	1.6093314244782164e-09	2.6632043591827515e-14	2.6399443971802666e-13	2.721189210676621e-18	2.0012392658232973e-08
0.0726	3.0273512207818033e-14	1.622701538911537e-09	2.6779383878957364e-14	2.6545496274717416e-13	2.7362441491997195e-18	2.0123019610110805e-08
0.0728	3.052436447611514e-14	1.6361454796242893e-09	2.69271306112515e-14	2.6691951460397696e-13	2.7513406184100037e-18	2.023395098322638e-08
0.07300000000000001	3.0776598495377186e-14	1.6496634496512298e-09	2.7075283788650482e-14	2.6838809528732667e-13	2.7664786183064926e-18	2.0345186773421646e-08
0.0732	3.103021805872503e-14	1.6632556520252317e-09	2.722384341109487e-14	2.6986070479611524e-13	2.7816581488882095e-18	2.0456726976538592e-08
0.0734	3.1285226959263746e-14	1.6769222897772848e-09	2.7372809478525275e-14	2.7133734312923494e-13	2.796879210154177e-18	2.0568571588419256e-08
0.0736	3.154162899008246e-14	1.6906635659364893e-09	2.7522181990882255e-14	2.728180102855774e-13	2.812141802103416e-18	2.0680720604905693e-08
0.0738	3.1799427944254446e-14	1.7044796835300637e-09	2.7671960948106392e-14	2.743027062640347e-13	2.827445924734952e-18	2.0793174021840012e-08
0.07400000000000001	3.205862761483709e-14	1.7183708455833382e-09	2.7822146350138276e-14	2.757914310634989e-13	2.8427915780478044e-18	2.090593183506436e-08
0.0742	3.231923179487191e-14	1.732337255119757e-09	2.7972738196918446e-14	2.772841846828618e-13	2.8581787620409944e-18	2.101899404042089e-08
0.07440000000000001	3.258124427738456e-14	1.7463791151608835e-09	2.812373648838753e-14	2.7878096712101546e-13	2.873607476713548e-18	2.113236063375185e-08
0.0746	3.284466885538477e-14	1.7604966287263879e-09	2.827514122448606e-14	2.802817783768517e-13	2.889077722064484e-18	2.124603161089947e-08
0.0748	3.31095093218665e-14	1.7746899988340635e-09	2.842695240515465e-14	2.8178661844926277e-13	2.9045894980928267e-18	2.1360006967706064e-08
0.075	3.337576946980771e-14	1.78895942849981e-09	2.857917003033384e-14	2.8329548733714027e-13	2.920142804797597e-18	2.1474286700013944e-08
0.0752	3.3643453092170577e-14	1.803305120737649e-09	2.8731794099964246e-14	2.848083850393765e-13	2.9357376421778195e-18	2.1588870803665493e-08
0.07540000000000001	3.391256398190135e-14	1.8177272785597106e-09	2.888482461398642e-14	2.8632531155486327e-13	2.951374010232514e-18	2.170375927450311e-08
0.0756	3.4183105931930406e-14	1.8322261049762414e-09	2.903826157234093e-14	2.878462668824924e-13	2.9670519089607023e-18	2.1818952108369226e-08
0.0758	3.445508273517229e-14	1.8468018029956046e-09	2.9192104974968395e-14	2.8937125102115605e-13	2.982771338361409e-18	2.1934449301106343e-08
0.076	3.47284981845256e-14	1.8614545756242753e-09	2.9346354821809343e-14	2.9090026396974617e-13	2.9985322984336548e-18	2.205025084855696e-08
0.0762	3.500335607287316e-14	1.8761846258668454e-09	2.950101111280439e-14	2.9243330572715464e-13	3.014334789176463e-18	2.216635674656366e-08
0.07640000000000001	3.5279660193081835e-14	1.8909921567260196e-09	2.965607384789409e-14	2.9397037629227354e-13	3.030178810588855e-18	2.2282766990969014e-08
0.0766	3.5557414338002614e-14	1.905877371202617e-09	2.9811543027019036e-14	2.9551147566399456e-13	3.0460643626698523e-18	2.2399481577615658e-08
0.07680000000000001	3.5836622300470673e-14	1.9208404722955726e-09	2.996741865011979e-14	2.9705660384121003e-13	3.061991445418479e-18	2.251650050234628e-08
0.077	3.611728787330526e-14	1.935881663001935e-09	3.012370071713693e-14	2.986057608228116e-13	3.0779600588337547e-18	2.2633823761003562e-08
0.0772	3.6399414849309776e-14	1.9510011463168695e-09	3.028038922801105e-14	3.001589466076914e-13	3.0939702029147054e-18	2.2751451349430278e-08
0.07740000000000001	3.668300702127173e-14	1.9661991252336527e-09	3.0437484182682717e-14	3.017161611947414e-13	3.1100218776603513e-18	2.2869383263469195e-08
0.0776	3.6968068181962733e-14	1.981475802743677e-09	3.0594985581092504e-14	3.032774045828534e-13	3.126115083069713e-18	2.2987619498963126e-08
0.07780000000000001	3.7254602124138614e-14	1.9968313818364526e-09	3.0752893423181e-14	3.0484267677091965e-13	3.1422498191418153e-18	2.3106160051754954e-08
0.078	3.754261264053921e-14	2.0122660654995996e-09	3.0911207708888757e-14	3.064119777578318e-13	3.1584260858756787e-18	2.3225004917687548e-08
0.0782	3.783210352388858e-14	2.0277800567188554e-09	3.106992843815638e-14	3.0798530754248203e-13	3.1746438832703276e-18	2.3344154092603875e-08
0.0784	3.8123078566894815e-14	2.043373558478071e-09	3.122905561092444e-14	3.0956266612376216e-13	3.1909032113247815e-18	2.346360757234688e-08
0.0786	3.8415541562250245e-14	2.059046773759215e-09	3.13885892271335e-14	3.111440535005644e-13	3.207204070038065e-18	2.3583365352759594e-08
0.07880000000000001	3.8709496302631216e-14	2.074799905542367e-09	3.154852928672417e-14	3.1272946967178043e-13	3.2235464594092e-18	2.370342742968506e-08
0.079	3.900494658069823e-14	2.090633156805721e-09	3.170887578963698e-14	3.1431891463630227e-13	3.2399303794372062e-18	2.382379379896635e-08
0.0792	3.9301896189096e-14	2.10654673052559e-09	3.186962873581255e-14	3.1591238839302203e-13	3.25635583012111e-18	2.3944464456446608e-08
0.0794	3.960034892045322e-14	2.122540829676398e-09	3.2030788125191425e-14	3.175098909408315e-13	3.272822811459929e-18	2.406543939796898e-08
0.0796	3.9900308567382855e-14	2.138615657230686e-09	3.2192353957714214e-14	3.1911142227862284e-13	3.2893313234526894e-18	2.4186718619376682e-08
0.07980000000000001	4.020177892248187e-14	2.1547714161591077e-09	3.2354326233321465e-14	3.2071698240528793e-13	3.3058813660984118e-18	2.4308302116512944e-08
0.08	4.050476377833143e-14	2.1710083094304316e-09	3.2516704951953773e-14	3.223265713197186e-13	3.3224729393961176e-18	2.4430189885221032e-08
0.08020000000000001	4.0809266927496815e-14	2.187326540011544e-09	3.26794901135517e-14	3.2394018902080704e-13	3.3391060433448318e-18	2.455238192134428e-08
0.0804	4.111529216252738e-14	2.2037263108674425e-09	3.284268171805584e-14	3.25557835507445e-13	3.3557806779435726e-18	2.467487822072601e-08
0.0806	4.142284327595672e-14	2.2202078249612423e-09	3.3006279765406774e-14	3.2717951077852466e-13	3.3724968431913662e-18	2.479767877920964e-08
0.08080000000000001	4.173192406030245e-14	2.236771285254171e-09	3.317028425554507e-14	3.2880521483293776e-13	3.3892545390872316e-18	2.4920783592638588e-08
0.081	4.204253830806631e-14	2.2534168947055715e-09	3.333469518841128e-14	3.3043494766957646e-13	3.406053765630194e-18	2.5044192656856303e-08
0.08120000000000001	4.235468981173426e-14	2.2701448562729036e-09	3.349951256394602e-14	3.3206870928733267e-13	3.4228945228192728e-18	2.5167905967706307e-08
0.0814	4.2668382363776274e-14	2.2869553729117394e-09	3.3664736382089864e-14	3.337064996850983e-13	3.439776810653493e-18	2.529192352103213e-08
0.0816	4.298361975664656e-14	2.3038486475757678e-09	3.383036664278337e-14	3.3534831886176553e-13	3.4567006291318745e-18	2.541624531267735e-08
0.0818	4.330040578278333e-14	2.3208248832167905e-09	3.399640334596712e-14	3.3699416681622585e-13	3.47366597825344e-18	2.554087133848559e-08
0.082	4.361874423460905e-14	2.3378842827847274e-09	3.4162846491581704e-14	3.386440435473718e-13	3.490672858017213e-18	2.5665801594300497e-08
0.08220000000000001	4.393863890453023e-14	2.3550270492276095e-09	3.432969607956769e-14	3.4029794905409504e-13	3.507721268422216e-18	2.5791036075965767e-08
0.0824	4.426009358493751e-14	2.3722533854915835e-09	3.449695210986565e-14	3.4195588333528747e-13	3.524811209467469e-18	2.5916574779325117e-08
0.0826	4.4583112068205696e-14	2.389563494520914e-09	3.466461458241618e-14	3.436178463898413e-13	3.541942681151996e-18	2.6042417700222328e-08
0.0828	4.4907698146693676e-14	2.406957579257977e-09	3.4832683497159824e-14	3.4528383821664816e-13	3.5591156834748185e-18	2.6168564834501192e-08
0.083	4.5233855612744515e-14	2.424435842643266e-09	3.500115885403719e-14	3.469538588146004e-13	3.5763302164349594e-18	2.629501617800557e-08
0.08320000000000001	4.556158825868536e-14	2.441998487615387e-09	3.517004065298886e-14	3.486279081825898e-13	3.59358628003144e-18	2.6421771726579326e-08
0.0834	4.5890899876827457e-14	2.459645717111062e-09	3.5339328893955383e-14	3.503059863195083e-13	3.610883874263283e-18	2.654883147606638e-08
0.08360000000000001	4.62217942594663e-14	2.4773777340651303e-09	3.550902357687736e-14	3.5198809322424797e-13	3.628222999129512e-18	2.66761954223107e-08
0.0838	4.655427519888137e-14	2.495194741410542e-09	3.5679124701695346e-14	3.5367422889570056e-13	3.645603654629146e-18	2.680386356115626e-08
0.084	4.6888346487336385e-14	2.5130969420783653e-09	3.5849632268349954e-14	3.5536439333275844e-13	3.663025840761211e-18	2.693183588844711e-08
0.08420000000000001	4.72240119170791e-14	2.5310845389977833e-09	3.6020546276781716e-14	3.5705858653431327e-13	3.680489557524727e-18	2.7060112400027315e-08
0.0844	4.7561275280341437e-14	2.5491577350960897e-09	3.619186672693125e-14	3.58756808499257e-13	3.697994804918715e-18	2.718869309174097e-08
0.08460000000000001	4.790014036933946e-14	2.5673167332987015e-09	3.6363593618739106e-14	3.6045905922648177e-13	3.715541582942202e-18	2.731757795943224e-08
0.0848	4.8240610976273306e-14	2.5855617365291417e-09	3.653572695214587e-14	3.6216533871487936e-13	3.733129891594204e-18	2.7446766998945285e-08
0.085	4.858269089332735e-14	2.6038929477090545e-09	3.6708266727092136e-14	3.6387564696334204e-13	3.750759730873749e-18	2.757626020612435e-08
0.0852	4.8926383912669955e-14	2.622310569758197e-09	3.688121294351845e-14	3.6558998397076147e-13	3.768431100779854e-18	2.7706057576813673e-08
0.0854	4.927169382645372e-14	2.640814805594443e-09	3.705456560136542e-14	3.673083497360298e-13	3.786144001311546e-18	2.7836159106857564e-08
0.08560000000000001	4.961862442681529e-14	2.659405858133779e-09	3.722832470057361e-14	3.69030744258039e-13	3.803898432467845e-18	2.7966564792100354e-08
0.0858	4.9967179505875474e-14	2.678083930290304e-09	3.740249024108359e-14	3.7075716753568085e-13	3.821694394247772e-18	2.8097274628386402e-08
0.08600000000000001	5.031736285573925e-14	2.6968492249762426e-09	3.757706222283594e-14	3.724876195678476e-13	3.839531886650352e-18	2.8228288611560136e-08
0.0862	5.066917826849561e-14	2.715701945101922e-09	3.775204064577125e-14	3.74222100353431e-13	3.857410909674604e-18	2.8359606737465987e-08
0.0864	5.10226295362178e-14	2.734642293575794e-09	3.792742550983009e-14	3.7596060989132316e-13	3.8753314633195546e-18	2.849122900194846e-08
0.08660000000000001	5.137772045096314e-14	2.753670473304417e-09	3.810321681495304e-14	3.777031481804161e-13	3.893293547584223e-18	2.8623155400852076e-08
0.0868	5.173445480477302e-14	2.7727866871924723e-09	3.8279414561080664e-14	3.794497152196015e-13	3.91129716246763e-18	2.8755385930021363e-08
0.08700000000000001	5.209283638967306e-14	2.7919911381427546e-09	3.845601874815357e-14	3.8120031100777164e-13	3.929342307968803e-18	2.8887920585300956e-08
0.0872	5.245286899767291e-14	2.811284029056169e-09	3.8633029376112294e-14	3.8295493554381824e-13	3.947428984086758e-18	2.9020759362535473e-08
0.0874	5.2814556420766465e-14	2.83066556283174e-09	3.881044644489745e-14	3.847135888266336e-13	3.965557190820523e-18	2.9153902257569593e-08
0.0876	5.31779024509316e-14	2.8501359423666075e-09	3.8988269954449596e-14	3.864762708551093e-13	3.9837269281691145e-18	2.9287349266248027e-08
0.0878	5.354291088013047e-14	2.869695370556027e-09	3.916649990470932e-14	3.882429816281378e-13	4.0019381961315604e-18	2.942110038441553e-08
0.08800000000000001	5.390958550030923e-14	2.8893440502933666e-09	3.9345136295617195e-14	3.900137211446106e-13	4.0201909947068806e-18	2.9555155607916895e-08
0.0882	5.4277930103398205e-14	2.9090821844701058e-09	3.952417912711378e-14	3.917884894034199e-13	4.038485323894095e-18	2.9689514932596927e-08
0.0884	5.46479484813119e-14	2.928909975975853e-09	3.97036283991397e-14	3.935672864034577e-13	4.0568211836922295e-18	2.982417835430051e-08
0.0886	5.501964442594884e-14	2.9488276276983162e-09	3.9883484111635475e-14	3.9535011214361586e-13	4.075198574100304e-18	2.995914586887252e-08
0.0888	5.539302172919181e-14	2.9688353425233295e-09	4.0063746264541737e-14	3.9713696662278634e-13	4.093617495117342e-18	3.009441747215793e-08
0.08900000000000001	5.576808418290764e-14	2.9889333233348364e-09	4.0244414857799025e-14	3.9892784983986136e-13	4.112077946742365e-18	3.022999316000169e-08
0.0892	5.614483557894726e-14	3.0091217730148974e-09	4.0425489891347924e-14	4.0072276179373257e-13	4.1305799289743945e-18	3.036587292824882e-08
0.08940000000000001	5.6523279709145815e-14	3.029400894443692e-09	4.060697136512902e-14	4.025217024832922e-13	4.1491234418124554e-18	3.050205677274438e-08
0.0896	5.690342036532249e-14	3.0497708904995066e-09	4.078885927908288e-14	4.0432467190743196e-13	4.1677084852555675e-18	3.063854468933345e-08
0.0898	5.728526133928067e-14	3.0702319640587504e-09	4.09711536331501e-14	4.0613167006504417e-13	4.186335059302754e-18	3.0775336673861174e-08
0.09000000000000001	5.766880642280785e-14	3.0907843179959463e-09	4.1153854427271256e-14	4.079426969550205e-13	4.205003163953037e-18	3.0912432722172705e-08
0.0902	5.805405940767556e-14	3.1114281551837284e-09	4.13369616613869e-14	4.097577525762531e-13	4.223712799205439e-18	3.1049832830113235e-08
0.09040000000000001	5.844102408563964e-14	3.132163678492854e-09	4.1520475335437635e-14	4.1157683692763397e-13	4.24246396505898e-18	3.118753699352803e-08
0.0906	5.882970424843989e-14	3.152991090792184e-09	4.170439544936401e-14	4.133999500080548e-13	4.261256661512688e-18	3.132554520826234e-08
0.0908	5.922010368780035e-14	3.1739105949487095e-09	4.1888722003106637e-14	4.15227091816408e-13	4.280090888565578e-18	3.146385747016152e-08
0.091	5.961222619542908e-14	3.1949223938275244e-09	4.2073454996606075e-14	4.170582623515852e-13	4.298966646216678e-18	3.16024737750709e-08
0.0912	6.000607556301839e-14	3.216026690291845e-09	4.2258594429802914e-14	4.1889346161247855e-13	4.317883934465006e-18	3.174139411883588e-08
0.09140000000000001	6.040165558224464e-14	3.2372236872029994e-09	4.244414030263773e-14	4.2073268959798005e-13	4.336842753309588e-18	3.188061849730188e-08
0.0916	6.079897004476829e-14	3.2585135874204317e-09	4.2630092615051074e-14	4.225759463069815e-13	4.3558431027494435e-18	3.2020146906314366e-08
0.0918	6.119802274223404e-14	3.2798965938017057e-09	4.2816451366983554e-14	4.2442323173837505e-13	4.374884982783596e-18	3.215997934171887e-08
0.092	6.159881746627058e-14	3.3013729092024925e-09	4.300321655837573e-14	4.2627454589105257e-13	4.3939683934110665e-18	3.230011579936089e-08
0.0922	6.200135800849089e-14	3.3229427364765856e-09	4.31903881891682e-14	4.281298887639062e-13	4.41309333463088e-18	3.244055627508606e-08
0.09240000000000001	6.240564816049193e-14	3.3446062784758937e-09	4.337796625930152e-14	4.2998926035582774e-13	4.432259806442056e-18	3.258130076473997e-08
0.0926	6.281169171385483e-14	3.3663637380504346e-09	4.356595076871627e-14	4.318526606657092e-13	4.4514678088436176e-18	3.272234926416827e-08
0.09280000000000001	6.321949246014491e-14	3.38821531804835e-09	4.3754341717353054e-14	4.337200896924426e-13	4.470717341834587e-18	3.286370176921668e-08
0.093	6.362905419091152e-14	3.4101612213158866e-09	4.39431391051524e-14	4.3559154743491984e-13	4.4900084054139856e-18	3.30053582757309e-08
0.0932	6.404038069768825e-14	3.4322016506974207e-09	4.413234293205494e-14	4.374670338920331e-13	4.509340999580839e-18	3.314731877955673e-08
0.09340000000000001	6.445347577199278e-14	3.4543368090354333e-09	4.432195319800122e-14	4.3934654906267423e-13	4.528715124334166e-18	3.3289583276539983e-08
0.0936	6.486834320532679e-14	3.4765668991705214e-09	4.4511969902931823e-14	4.4123009294573496e-13	4.548130779672989e-18	3.343215176252645e-08
0.09380000000000001	6.528498678917627e-14	3.498892123941402e-09	4.4702393046787334e-14	4.431176655401077e-13	4.567587965596333e-18	3.3575024233362086e-08
0.094	6.570341031501124e-14	3.5213126861849044e-09	4.489322262950831e-14	4.4500926684468424e-13	4.587086682103216e-18	3.3718200684892764e-08
0.0942	6.61236175742859e-14	3.5438287887359786e-09	4.508445865103537e-14	4.469048968583566e-13	4.606626929192664e-18	3.3861681112964466e-08
0.0944	6.654561235843853e-14	3.566440634427682e-09	4.527610111130904e-14	4.4880455558001664e-13	4.626208706863696e-18	3.4005465513423176e-08
0.0946	6.696939845889163e-14	3.5891484260911928e-09	4.546815001026995e-14	4.5070824300855653e-13	4.645832015115338e-18	3.4149553882114945e-08
0.09480000000000001	6.739497966705165e-14	3.611952366555808e-09	4.5660605347858626e-14	4.5261595914286803e-13	4.665496853946611e-18	3.429394621488584e-08
0.095	6.782235977430933e-14	3.6348526586489287e-09	4.585346712401568e-14	4.5452770398184327e-13	4.685203223356535e-18	3.4438642507581946e-08
0.0952	6.825154257203954e-14	3.657849505196084e-09	4.604673533868169e-14	4.564434775243743e-13	4.704951123344135e-18	3.458364275604945e-08
0.0954	6.868253185160108e-14	3.6809431090209117e-09	4.624040999179722e-14	4.583632797693528e-13	4.724740553908431e-18	3.472894695613451e-08
0.0956	6.911533140433721e-14	3.70413367294517e-09	4.643449108330285e-14	4.602871107156712e-13	4.7445715150484464e-18	3.487455510368337e-08
0.09580000000000001	6.954994502157501e-14	3.727421399788728e-09	4.6628978613139166e-14	4.622149703622211e-13	4.764444006763205e-18	3.502046719454228e-08
0.096	6.998637649462584e-14	3.750806492369567e-09	4.682387258124673e-14	4.641468587078945e-13	4.784358029051725e-18	3.516668322455755e-08
0.09620000000000001	7.042462961478523e-14	3.7742891535037956e-09	4.7019172987566134e-14	4.660827757515837e-13	4.8043135819130325e-18	3.53132031895755e-08
0.0964	7.086470817333259e-14	3.79786958600563e-09	4.7214879832037964e-14	4.680227214921804e-13	4.824310665346147e-18	3.546002708544251e-08
0.0966	7.130661596153187e-14	3.821547992687406e-09	4.7410993114602766e-14	4.699666959285767e-13	4.844349279350094e-18	3.5607154908005e-08
0.09680000000000001	7.175035677063077e-14	3.845324576359568e-09	4.7607512835201174e-14	4.719146990596645e-13	4.864429423923893e-18	3.575458665310942e-08
0.097	7.219593439186129e-14	3.869199539830683e-09	4.780443899377369e-14	4.738667308843359e-13	4.884551099066566e-18	3.5902322316602244e-08
0.09720000000000001	7.264335261643964e-14	3.893173085907434e-09	4.800177159026096e-14	4.75822791401483e-13	4.904714304777139e-18	3.605036189433001e-08
0.0974	7.30926152355659e-14	3.917245417394614e-09	4.8199510624603485e-14	4.77782880609997e-13	4.924919041054629e-18	3.619870538213929e-08
0.0976	7.354372604042453e-14	3.9414167370951354e-09	4.839765609674193e-14	4.797469985087711e-13	4.945165307898061e-18	3.6347352775876675e-08
0.0978	7.399668882218401e-14	3.965687247810029e-09	4.8596208006616836e-14	4.817151450966962e-13	4.965453105306456e-18	3.64963040713888e-08
0.098	7.445150737199695e-14	3.990057152338437e-09	4.879516635416876e-14	4.83687320372665e-13	4.98578243327884e-18	3.664555926452236e-08
0.09820000000000001	7.490818548100019e-14	4.014526653477618e-09	4.8994531139338344e-14	4.856635243355693e-13	5.0061532918142314e-18	3.679511835112406e-08
0.0984	7.536672694031447e-14	4.039095954022946e-09	4.919430236206606e-14	4.876437569843009e-13	5.026565680911652e-18	3.6944981327040633e-08
0.09860000000000001	7.582713554104488e-14	4.063765256767914e-09	4.939448002229259e-14	4.89628018317752e-13	5.047019600570127e-18	3.709514818811891e-08
0.0988	7.628941507428056e-14	4.0885347645041265e-09	4.959506411995843e-14	4.916163083348143e-13	5.067515050788677e-18	3.724561893020568e-08
0.099	7.675356933109485e-14	4.11340468002131e-09	4.979605465500424e-14	4.936086270343801e-13	5.088052031566324e-18	3.739639354914784e-08
0.09920000000000001	7.721960210254503e-14	4.138375206107299e-09	4.999745162737053e-14	4.956049744153412e-13	5.108630542902093e-18	3.7547472040792276e-08
0.0994	7.768751717967268e-14	4.1634465455480485e-09	5.019925503699791e-14	4.976053504765896e-13	5.129250584795e-18	3.7698854400985925e-08
0.09960000000000001	7.815731835350349e-14	4.1886189011276304e-09	5.0401464883826935e-14	4.996097552170175e-13	5.149912157244075e-18	3.785054062557579e-08
0.0998	7.862900941504723e-14	4.2138924756282286e-09	5.0604081167798184e-14	5.016181886355165e-13	5.170615260248333e-18	3.8002530710408864e-08
0.1	7.910259415529786e-14	4.239267471830143e-09	5.080710388885229e-14	5.036306507309788e-13	5.191359893806803e-18	3.815482465133223e-08
0.10020000000000001	7.957807636523334e-14	4.2647440925117986e-09	5.101053304692977e-14	5.056471415022968e-13	5.212146057918502e-18	3.8307422444192954e-08
