0.0	0.0	0.0	0.0	0.0	0.0	0.0
0.0002	1.5828776607825907e-21	8.488351146807544e-17	5.080833941775599e-19	5.0365368976317835e-18	5.191380223096793e-23	3.824146495171482e-13
0.0004	1.2663008043892449e-20	6.790665170957816e-16	2.032333477668645e-18	2.0146145743668767e-17	2.0765520729426612e-22	1.5296516450907675e-12
0.0006000000000000001	4.273760745519082e-20	2.291844180770813e-15	4.572750101910873e-18	4.5328823767823804e-17	4.672242127454863e-22	3.4417005573252297e-12
0.0008	1.0130385247357952e-19	5.432506942472736e-15	8.129333118341877e-18	8.058456819981018e-17	8.306208161402199e-22	6.118550956919719e-12
0.001	1.9785887995110482e-19	1.0610340518300379e-14	1.2702082378399307e-17	1.259133762693418e-16	1.297845015034059e-21	9.560192414668229e-12
0.0012000000000000001	3.4189978701306123e-19	1.8334625900499213e-14	1.829099773352082e-17	1.813152452061331e-16	1.8688968069825954e-21	1.3766614501459575e-11
0.0014	5.429236310580955e-19	2.911463935748873e-14	2.4896079035144087e-17	2.4679017223989864e-16	2.5437761895414204e-21	1.8737806788277366e-11
0.0016	8.1042742975831025e-19	4.345965243388984e-14	3.251732613470683e-17	3.223381546003541e-16	3.3224831602661255e-21	2.4473758846200036e-11
0.0018000000000000002	1.1539081610593685e-18	6.187893195055228e-14	4.115473888364672e-17	4.079591895172153e-16	4.205017716712305e-21	3.097446024640082e-11
0.002	1.5828627631805961e-18	8.488174000458187e-14	5.0808317133401486e-17	5.036532742201986e-16	5.191379856435547e-21	3.823990056014774e-11
0.0022	2.1067881346150867e-18	1.1297733396936818e-13	6.147806073540887e-17	6.094204059390209e-16	6.2815695769914456e-21	4.62700693588037e-11
0.0024000000000000002	2.735181134129807e-18	1.466749664946115e-13	7.316396954110661e-17	7.252605819033998e-16	7.475586875935595e-21	5.5064956213826304e-11
0.0026000000000000003	3.477538580765698e-18	1.8648388550635064e-13	8.586604340193247e-17	8.511737993430525e-16	8.773431750823581e-21	6.462455069676808e-11
0.0028	4.343357253837775e-18	2.3291333420698996e-13	9.95842821693242e-17	9.87160055487698e-16	1.0175104199211004e-20	7.494884237927619e-11
0.003	5.342133892935246e-18	2.8647255107532717e-13	1.143186856947197e-16	1.1332193475670552e-15	1.1680604218653447e-20	8.603782083309284e-11
0.0032	6.4833651979215995e-18	3.476707698665801e-13	1.3006925382955667e-16	1.2893516728108436e-15	1.328993180670651e-20	9.78914756300548e-11
0.0034000000000000002	7.776547828934719e-18	4.17017219612415e-13	1.4683598642527296e-16	1.455557028448783e-15	1.5003086960925787e-20	1.1050979634209382e-10
0.0036000000000000003	9.231178406386973e-18	4.950211246209728e-13	1.6461888333330644e-16	1.6318354117105941e-15	1.682006967886686e-20	1.238927725412364e-10
0.0038	1.0856753510965339e-17	5.82191704476897e-13	1.8341794440509483e-16	1.8181868198259976e-15	1.8740879958085317e-20	1.380403937996037e-10
0.004	1.2662769683631495e-17	6.79038174041362e-13	2.032331694920762e-16	2.0146112500247146e-15	2.076551779613677e-20	1.5295264968941192e-10
0.004200000000000001	1.4658723425621923e-17	7.860697434520993e-13	2.240645584456883e-16	2.2211086995364686e-15	2.2893983190576805e-20	1.6862952978297202e-10
0.0044	1.6854111198448e-17	9.037956181234236e-13	2.45912111117369e-16	2.4376791655909794e-15	2.5126276138961003e-20	1.8507102365268951e-10
0.0046	1.9258429423896153e-17	1.0327249987462637e-12	2.6877582735855627e-16	2.6643226454179722e-15	2.746239663884496e-20	2.02277120871065e-10
0.0048000000000000004	2.1881174484027907e-17	1.173367081288188e-12	2.9265570702068806e-16	2.9010391362471714e-15	2.9902344687784286e-20	2.2024781101069369e-10
0.005	2.473184272117999e-17	1.3262310569934305e-12	3.175517499552022e-16	3.1478286353082967e-15	3.244612028333455e-20	2.389830836442657e-10
0.005200000000000001	2.7819930437964495e-17	1.4918261123829203e-12	3.4346395601353677e-16	3.404691139831077e-15	3.5093723423051357e-20	2.58482928344566e-10
0.0054	3.115493389726888e-17	1.670661429254308e-12	3.7039232504712957e-16	3.6716266470452346e-15	3.7845154104490297e-20	2.7874733468447404e-10
0.0056	3.4746349322256225e-17	1.8632461846819927e-12	3.983368569074187e-16	3.948635154180497e-15	4.0700412325206967e-20	2.997762922369645e-10
0.0058000000000000005	3.8603672896365195e-17	2.0700895510171525e-12	4.2729755144584237e-16	4.235716658466591e-15	4.3659498082756946e-20	3.215697905751067e-10
0.006	4.273640076331017e-17	2.2917006958877645e-12	4.572744085138381e-16	4.532871157133238e-15	4.672241137469584e-20	3.4412781927206435e-10
0.006200000000000001	4.715402902708144e-17	2.5285887821986426e-12	4.882674279628443e-16	4.840098647410171e-15	4.9889152198579246e-20	3.6745036790109666e-10
0.0064	5.186605375194518e-17	2.7812629681314548e-12	5.202766096442988e-16	5.157399126527114e-15	5.315972055196273e-20	3.9153742603555706e-10
0.0066	5.688197096244367e-17	3.0502324071447586e-12	5.533019534096396e-16	5.484772591713797e-15	5.65341164324019e-20	4.1638898324889403e-10
0.0068000000000000005	6.221127664339534e-17	3.3360062479740233e-12	5.873434591103053e-16	5.822219040199947e-15	6.00123398374524e-20	4.420050291146509e-10
0.007	6.78634667398948e-17	3.639093634631656e-12	6.2240112659773325e-16	6.169738469215295e-15	6.35943907646697e-20	4.683855532064657e-10
0.007200000000000001	7.384803715731316e-17	3.96000370640704e-12	6.584749557233621e-16	6.527330875989569e-15	6.728026921160954e-20	4.95530545098071e-10
0.0074	8.017448376129785e-17	4.2992455978665434e-12	6.955649463386294e-16	6.894996257752499e-15	7.10699751758274e-20	5.234399943632946e-10
0.0076	8.685230237777305e-17	4.657328438853564e-12	7.336710982949738e-16	7.272734611733817e-15	7.496350865487891e-20	5.521138905760587e-10
0.0078000000000000005	9.389098879293944e-17	5.034761354488553e-12	7.727934114438335e-16	7.660545935163253e-15	7.89608696463197e-20	5.815522233103809e-10
0.008	1.0130003875327454e-16	5.432053465169028e-12	8.129318856366461e-16	8.058430225270539e-15	8.306205814770529e-20	6.117549821403725e-10
0.0082	1.0908894796553282e-16	5.849713886569626e-12	8.540865207248502e-16	8.466387479285407e-15	8.726707415659134e-20	6.427221566402411e-10
0.008400000000000001	1.1726721209674566e-16	6.288251729642104e-12	8.962573165598839e-16	8.884417694437592e-15	9.157591767053342e-20	6.744537363842873e-10
0.0086	1.2584432677422144e-16	6.748176100615379e-12	9.394442729931851e-16	9.31252086795682e-15	9.598858868708709e-20	7.06949710946908e-10
0.0088	1.3482978758554608e-16	7.2299961009955715e-12	9.836473898761926e-16	9.750696997072832e-15	1.0050508720380799e-19	7.402100699025942e-10
0.009000000000000001	1.4423309007858242e-16	7.734220827565996e-12	1.028866667060344e-15	1.0198946079015363e-14	1.0512541321825172e-19	7.742348028259316e-10
0.0092	1.5406372976147085e-16	8.261359372387219e-12	1.0751021043970778e-15	1.0657268111014139e-14	1.0984956672797377e-19	8.090238992916009e-10
0.0094	1.6433120210262937e-16	8.81192082279708e-12	1.1223537017378327e-15	1.1125663090298901e-14	1.146775477305299e-19	8.445773488743778e-10
0.009600000000000001	1.7504500253075332e-16	9.386414261410704e-12	1.1706214589340464e-15	1.1604131014099392e-14	1.196093562234756e-19	8.808951411491323e-10
0.0098	1.86214626434816e-16	9.985348766120549e-12	1.2199053758371571e-15	1.209267187964533e-14	1.2464499220436645e-19	9.179772656908294e-10
0.01	1.9784956916406856e-16	1.0609233410096427e-11	1.2702054522986036e-15	1.2591285684166465e-14	1.2978445567075808e-19	9.558237120745292e-10
0.0102	2.099593260280398e-16	1.1258577261785514e-11	1.3215216881698239e-15	1.3099972424892535e-14	1.3502774662020606e-19	9.944344698753856e-10
0.010400000000000001	2.225533922965368e-16	1.193388938491241e-11	1.3738540833022564e-15	1.3618732099053271e-14	1.4037486505026602e-19	1.033809528668649e-09
0.0106	2.3564126319964447e-16	1.2635678838479136e-11	1.427202637547339e-15	1.4147564703878412e-14	1.4582581095849354e-19	1.073948878029662e-09
0.0108	2.492324339277265e-16	1.3364454676765182e-11	1.4815673507565113e-15	1.4686470236597703e-14	1.5138058434244422e-19	1.1148525075338648e-09
0.011000000000000001	2.6333639963142443e-16	1.412072594932752e-11	1.5369482227812108e-15	1.523544869444088e-14	1.5703918519967365e-19	1.1565204067567909e-09
0.0112	2.7796265542165823e-16	1.490500170100063e-11	1.593345253472875e-15	1.5794500074637676e-14	1.6280161352773735e-19	1.198952565274068e-09
0.0114	2.9312069636962685e-16	1.571779097189657e-11	1.6507584426829439e-15	1.6363624374417843e-14	1.6866786932419098e-19	1.2421489726614206e-09
0.011600000000000001	3.0882001750680743e-16	1.6559602797404933e-11	1.7091877902628556e-15	1.694282159101112e-14	1.7463795258659016e-19	1.2861096184946653e-09
0.0118	3.2507011382495584e-16	1.7430946208192902e-11	1.7686332960640476e-15	1.7532091721647237e-14	1.8071186331249046e-19	1.3308344923497149e-09
0.012	3.418804802761076e-16	1.8332330230205334e-11	1.8290949599379594e-15	1.8131434763555943e-14	1.8688960149944746e-19	1.3763235838025785e-09
0.0122	3.5926061177257616e-16	1.9264263884664688e-11	1.8905727817360282e-15	1.8740850713966987e-14	1.9317116714501683e-19	1.4225768824293569e-09
0.012400000000000001	3.772200031869545e-16	2.022725618807114e-11	1.9530667613096943e-15	1.93603395701101e-14	1.9955656024675405e-19	1.4695943778062481e-09
0.0126	3.9576814935211466e-16	2.1221816152202548e-11	2.0165768985103946e-15	1.9989901329215032e-14	2.0604578080221466e-19	1.5173760595095431e-09
0.0128	4.149145450612085e-16	2.2248452784114503e-11	2.0811031931895682e-15	2.062953598851152e-14	2.1263882880895446e-19	1.5659219171156292e-09
0.013000000000000001	4.3466868506766633e-16	2.3307675086140395e-11	2.1466456451986532e-15	2.127924354522932e-14	2.1933570426452897e-19	1.6152319402009875e-09
0.0132	4.550400640851986e-16	2.4399992055891346e-11	2.2132042543890885e-15	2.1939023996598165e-14	2.261364071664936e-19	1.6653061183421942e-09
0.0134	4.760381767877951e-16	2.5525912686256362e-11	2.280779020612313e-15	2.2608877339847814e-14	2.330409375124043e-19	1.7161444411159204e-09
0.013600000000000001	4.976725178097253e-16	2.668594596540224e-11	2.3493699437197657e-15	2.3288803572207997e-14	2.4004929529981643e-19	1.7677468980989316e-09
0.013800000000000002	5.199525817455388e-16	2.7880600876773656e-11	2.418977023562884e-15	2.397880269090848e-14	2.4716148052628547e-19	1.8201134788680888e-09
0.014	5.428878631500639e-16	2.9110386399093204e-11	2.4896002599931058e-15	2.467887469317898e-14	2.543774931893672e-19	1.873244173000346e-09
0.0142	5.664878565384109e-16	3.0375811506361405e-11	2.561239652861871e-15	2.5389019576249278e-14	2.616973332866173e-19	1.927138970072754e-09
0.014400000000000001	5.907620563859686e-16	3.1677385167856715e-11	2.6338952020206196e-15	2.6109237337349096e-14	2.6912100081559116e-19	1.981797859662458e-09
0.0146	6.157199571284065e-16	3.301561634813556e-11	2.7075669073207863e-15	2.6839527973708205e-14	2.766484957738444e-19	2.0372208313466963e-09
0.0148	6.413710531616747e-16	3.439101400703244e-11	2.7822547686138137e-15	2.7579891482556318e-14	2.842798181589327e-19	2.093407874702804e-09
0.015000000000000001	6.677248388420033e-16	3.580408709965983e-11	2.857958785751138e-15	2.8330327861123232e-14	2.9201496796841167e-19	2.1503589793082107e-09
0.0152	6.947908084859028e-16	3.725534457640825e-11	2.934678958584199e-15	2.909083710663866e-14	2.998539451998367e-19	2.2080741347404383e-09
0.0154	7.225784563701651e-16	3.8745295382946386e-11	3.012415286964435e-15	2.9861419216332376e-14	3.077967498507637e-19	2.2665533305771077e-09
0.015600000000000001	7.510972767318618e-16	4.0274448460220994e-11	3.0911677707432865e-15	3.0642074187434103e-14	3.1584338191874814e-19	2.3257965563959314e-09
0.0158	7.803567637683461e-16	4.1843312744456974e-11	3.1709364097721885e-15	3.143280201717363e-14	3.239938414013455e-19	2.3858038017747166e-09
0.016	8.103664116372514e-16	4.345239716715739e-11	3.251721203902582e-15	3.223360270278067e-14	3.3224812829611143e-19	2.4465750562913655e-09
0.0162	8.41135714456493e-16	4.510221065510355e-11	3.333522152985905e-15	3.3044476241484995e-14	3.4060624260060154e-19	2.508110309523878e-09
0.0164	8.726741663042676e-16	4.679326213035498e-11	3.416339256873599e-15	3.386542263051637e-14	3.490681843123715e-19	2.570409551050346e-09
0.0166	9.049912612190513e-16	4.8526060510249385e-11	3.5001725154170974e-15	3.469644186710453e-14	3.5763395342897674e-19	2.633472770448955e-09
0.016800000000000002	9.380964931996039e-16	5.030111470740288e-11	3.585021928467845e-15	3.553753394847924e-14	3.6630354994797314e-19	2.6972999572979885e-09
0.017	9.719993562049639e-16	5.211893362970976e-11	3.670887495877276e-15	3.638869887187023e-14	3.7507697386691594e-19	2.7618911011758226e-09
0.0172	1.0067093441544542e-15	5.3980026180342724e-11	3.757769217496831e-15	3.724993663450728e-14	3.8395422518336093e-19	2.827246191660927e-09
0.017400000000000002	1.0422359509276786e-15	5.588490125775289e-11	3.84566709317795e-15	3.8121247233620156e-14	3.929353038948637e-19	2.8933652183318713e-09
0.0176	1.0785886703645205e-15	5.783406775566963e-11	3.9345811227720706e-15	3.900263066643858e-14	4.020202099989798e-19	2.9602481707673125e-09
0.0178	1.1157769962651484e-15	5.982803456310084e-11	4.0245113061306295e-15	3.989408693019233e-14	4.1120894349326484e-19	3.027895038546008e-09
0.018000000000000002	1.1538104223900101e-15	6.186731056433288e-11	4.11545764310507e-15	4.079561602211118e-14	4.2050150437527457e-19	3.09630581124681e-09
0.0182	1.1926984424598374e-15	6.395240463893048e-11	4.207420133546828e-15	4.170721793942484e-14	4.2989789264256426e-19	3.165480478448662e-09
0.0184	1.2324505501556427e-15	6.608382566173691e-11	4.300398777307343e-15	4.2628892679363094e-14	4.393981082926896e-19	3.2354190297306026e-09
0.018600000000000002	1.2730762391187227e-15	6.82620825028741e-11	4.394393574238055e-15	4.3560640239155715e-14	4.490021513232065e-19	3.3061214546717682e-09
0.0188	1.3145850029506534e-15	7.04876840277423e-11	4.4894045241904014e-15	4.450246061603243e-14	4.587100217316703e-19	3.3775877428513867e-09
0.019	1.356986335213296e-15	7.276113909702051e-11	4.5854316270158194e-15	4.545435380722303e-14	4.685217195156365e-19	3.4498178838487833e-09
0.019200000000000002	1.4002897294287947e-15	7.508295656666634e-11	4.682474882565755e-15	4.641631980995728e-14	4.784372446726608e-19	3.5228118672433776e-09
0.0194	1.444504679079573e-15	7.745364528791595e-11	4.78053429069164e-15	4.7388358621464886e-14	4.884565972002989e-19	3.5965696826146823e-09
0.0196	1.4896406776083407e-15	7.98737141072842e-11	4.879609851244915e-15	4.837047023897566e-14	4.985797770961062e-19	3.671091319542305e-09
0.0198	1.535707218418089e-15	8.234367186656473e-11	4.979701564077022e-15	4.936265465971935e-14	5.088067843576385e-19	3.74637676760595e-09
0.02	1.5827137948720919e-15	8.486402740282976e-11	5.080809429039398e-15	5.036491188092572e-14	5.191376189824513e-19	3.822426016385415e-09
0.020200000000000003	1.6306699002939068e-15	8.743528954843033e-11	5.182933445983482e-15	5.1377241899824525e-14	5.2957228096810015e-19	3.899239055460592e-09
0.0204	1.6795850279673745e-15	9.005796713099624e-11	5.2860736147607105e-15	5.239964471364554e-14	5.401107703121406e-19	3.976815874411468e-09
0.0206	1.7294686711366187e-15	9.273256897343614e-11	5.390229935222526e-15	5.343212031961851e-14	5.507530870121283e-19	4.055156462818127e-09
0.020800000000000003	1.780330323006048e-15	9.545960389393746e-11	5.495402407220369e-15	5.447466871497322e-14	5.614992310656191e-19	4.134260810260744e-09
0.021	1.832179476740352e-15	9.823958070596644e-11	5.601591030605674e-15	5.5527289896939425e-14	5.723492024701682e-19	4.214128906319591e-09
0.0212	1.885025625464505e-15	1.0107300821826834e-10	5.708795805229882e-15	5.658998386274687e-14	5.833030012233314e-19	4.2947607405750325e-09
0.021400000000000002	1.9388782622637677e-15	1.0396039523486722e-10	5.817016730944436e-15	5.766275060962536e-14	5.943606273226645e-19	4.376156302607533e-09
0.0216	1.993746880183679e-15	1.069022505550661e-10	5.926253807600768e-15	5.874559013480463e-14	6.055220807657226e-19	4.458315581997647e-09
0.0218	2.0496409722300665e-15	1.0989908297344694e-10	6.036507035050322e-15	5.983850243551447e-14	6.167873615500615e-19	4.541238568326025e-09
0.022000000000000002	2.106570031369043e-15	1.1295140127987087e-10	6.147776413144537e-15	6.094148750898465e-14	6.2815646967323725e-19	4.624925251173411e-09
0.0222	2.164543550526998e-15	1.1605971425947776e-10	6.26006194173485e-15	6.205454535244491e-14	6.396294051328046e-19	4.709375620120646e-09
0.0224	2.2235710225906135e-15	1.1922453069268673e-10	6.3733636206726996e-15	6.317767596312501e-14	6.512061679263198e-19	4.794589664748664e-09
0.022600000000000002	2.2836619404068512e-15	1.2244635935519598e-10	6.487681449809532e-15	6.431087933825478e-14	6.628867580513379e-19	4.8805673746384954e-09
0.0228	2.344825796782959e-15	1.257257090179826e-10	6.603015428996776e-15	6.545415547506392e-14	6.746711755054152e-19	4.967308739371267e-09
0.023	2.4070720844864672e-15	1.290630884473031e-10	6.719365558085877e-15	6.660750437078223e-14	6.865594202861067e-19	5.05481374852819e-09
0.023200000000000002	2.470410296245196e-15	1.3245900640469303e-10	6.836731836928277e-15	6.777092602263951e-14	6.985514923909685e-19	5.143082391690586e-09
0.0234	2.5348499247472424e-15	1.3591397164696696e-10	6.955114265375408e-15	6.894442042786546e-14	7.106473918175558e-19	5.232114658439857e-09
0.0236	2.600400462640994e-15	1.3942849292621888e-10	7.074512843278714e-15	7.012798758368992e-14	7.228471185634242e-19	5.3219105383575115e-09
0.0238	2.6670714025351263e-15	1.43003078989822e-10	7.194927570489633e-15	7.132162748734263e-14	7.351506726261297e-19	5.412470021025145e-09
0.024	2.734872236998589e-15	1.4663823858042884e-10	7.316358446859605e-15	7.252534013605335e-14	7.475580540032273e-19	5.503793096024451e-09
0.024200000000000003	2.8038124585606283e-15	1.5033448043597096e-10	7.43880547224007e-15	7.373912552705189e-14	7.600692626922732e-19	5.595879752937216e-09
0.0244	2.8739015597107694e-15	1.540923132896595e-10	7.562268646482461e-15	7.4962983657568e-14	7.726842986908226e-19	5.688729981345319e-09
0.0246	2.945149032898825e-15	1.5791224586998493e-10	7.686747969438227e-15	7.619691452483144e-14	7.85403161996431e-19	5.782343770830741e-09
0.024800000000000003	3.0175643705348923e-15	1.6179478690071687e-10	7.812243440958804e-15	7.744091812607201e-14	7.982258526066544e-19	5.876721110975554e-09
0.025	3.091157064989355e-15	1.6574044510090462e-10	7.938755060895626e-15	7.869499445851944e-14	8.11152370519048e-19	5.97186199136192e-09
0.0252	3.1659366085928805e-15	1.6974972918487683e-10	8.066282829100141e-15	7.995914351940359e-14	8.241827157311674e-19	6.067766401572103e-09
0.025400000000000002	3.2419124936364293e-15	1.7382314786224145e-10	8.19482674542378e-15	8.123336530595418e-14	8.37316888240569e-19	6.164434331188461e-09
0.0256	3.319094212371234e-15	1.7796120983788613e-10	8.324386809717987e-15	8.251765981540096e-14	8.505548880448074e-19	6.261865769793437e-09
0.0258	3.3974912570088273e-15	1.8216442381197793e-10	8.454963021834202e-15	8.381202704497375e-14	8.638967151414386e-19	6.360060706969582e-09
0.026000000000000002	3.4771131197210206e-15	1.8643329847996361e-10	8.586555381623864e-15	8.511646699190233e-14	8.773423695280184e-19	6.459019132299535e-09
0.0262	3.5579692926399126e-15	1.9076834253256914e-10	8.71916388893841e-15	8.643097965341646e-14	8.908918512021017e-19	6.558741035366028e-09
0.0264	3.640069267857889e-15	1.9517006465580034e-10	8.852788543629283e-15	8.775556502674591e-14	9.045451601612448e-19	6.659226405751894e-09
0.026600000000000002	3.723422537427623e-15	1.9963897353094282e-10	8.987429345547923e-15	8.909022310912051e-14	9.183022964030035e-19	6.760475233040056e-09
0.0268	3.808038593362071e-15	2.0417557783456138e-10	9.123086294545762e-15	9.043495389776995e-14	9.321632599249325e-19	6.862487506813529e-09
0.027	3.893926927634476e-15	2.0878038623850086e-10	9.259759390474248e-15	9.178975738992409e-14	9.461280507245877e-19	6.965263216655431e-09
0.027200000000000002	3.981097032178378e-15	2.1345390740988584e-10	9.397448633184819e-15	9.315463358281265e-14	9.601966687995254e-19	7.068802352148967e-09
0.0274	4.069558398887587e-15	2.1819665001112025e-10	9.53615402252891e-15	9.452958247366546e-14	9.743691141473e-19	7.173104902877441e-09
0.027600000000000003	4.159320519616217e-15	2.2300912269988825e-10	9.675875558357966e-15	9.591460405971231e-14	9.886453867654682e-19	7.2781708584242544e-09
0.027800000000000002	4.25039288617865e-15	2.2789183412915338e-10	9.816613240523424e-15	9.730969833818294e-14	1.003025486651585e-18	7.384000208372893e-09
0.028	4.342784990349575e-15	2.3284529294715926e-10	9.95836706887672e-15	9.871486530630712e-14	1.017509413803206e-18	7.490592942306945e-09
0.028200000000000003	4.436506323863955e-15	2.378700077974294e-10	1.01011370432693e-14	1.0013010496131471e-13	1.0320971682178875e-18	7.597949049810097e-09
0.0284	4.531566378417046e-15	2.429664873187668e-10	1.02449231635526e-14	1.015554173004354e-13	1.0467887498931839e-18	7.70606852046612e-09
0.0286	4.62797464566439e-15	2.4813524014525465e-10	1.0389725429578064e-14	1.0299080232089903e-13	1.0615841588266515e-18	7.814951343858886e-09
0.028800000000000003	4.7257406172218165e-15	2.533767749062564e-10	1.0535543841197129e-14	1.0443626001993536e-13	1.0764833950158464e-18	7.924597509572366e-09
0.029	4.824873784665443e-15	2.586916002264146e-10	1.068237839826123e-14	1.0589179039477424e-13	1.0914864584583232e-18	8.035007007190614e-09
0.0292	4.92538363953167e-15	2.6408022472565237e-10	1.0830229100621808e-14	1.0735739344264536e-13	1.1065933491516377e-18	8.146179826297787e-09
0.029400000000000003	5.027279673317201e-15	2.695431570191729e-10	1.0979095948130312e-14	1.0883306916077853e-13	1.1218040670933461e-18	8.25811595647814e-09
0.0296	5.130571377479004e-15	2.7508090571745913e-10	1.1128978940638173e-14	1.1031881754640355e-13	1.1371186122810035e-18	8.37081538731601e-09
0.0298	5.235268243434358e-15	2.8069397942627413e-10	1.127987807799683e-14	1.1181463859675026e-13	1.1525369847121654e-18	8.484278108395843e-09
0.030000000000000002	5.341379762560818e-15	2.863828867466612e-10	1.1431793360057728e-14	1.1332053230904841e-13	1.1680591843843878e-18	8.59850410930217e-09
0.0302	5.448915426196226e-15	2.921481362749435e-10	1.1584724786672302e-14	1.1483649868052774e-13	1.183685211295226e-18	8.713493379619616e-09
0.0304	5.557884725638719e-15	2.9799023660272446e-10	1.1738672357691996e-14	1.1636253770841808e-13	1.1994150654422357e-18	8.82924590893291e-09
0.030600000000000002	5.668297152146719e-15	3.0390969631688805e-10	1.1893636072968249e-14	1.1789864938994924e-13	1.2152487468229728e-18	8.945761686826872e-09
0.0308	5.780162196938938e-15	3.099070239995977e-10	1.2049615932352496e-14	1.1944483372235095e-13	1.2311862554349922e-18	9.063040702886408e-09
0.031	5.8934893511943705e-15	3.159827282282976e-10	1.2206611935696185e-14	1.2100109070285304e-13	1.2472275912758502e-18	9.181082946696532e-09
0.031200000000000002	6.008288106052315e-15	3.2213731757571223e-10	1.2364624082850753e-14	1.2256742032868528e-13	1.2633727543431024e-18	9.299888407842344e-09
0.031400000000000004	6.12456795261234e-15	3.28371300609846e-10	1.2523652373667634e-14	1.2414382259707756e-13	1.2796217446343038e-18	9.419457075909041e-09
0.0316	6.2423383819343176e-15	3.346851858939837e-10	1.2683696807998273e-14	1.257302975052595e-13	1.29597456214701e-18	9.539788940481912e-09
0.0318	6.361608885038396e-15	3.410794819866906e-10	1.2844757385694107e-14	1.27326845050461e-13	1.3124312068787771e-18	9.660883991146346e-09
0.032	6.482388952905031e-15	3.4755469744181233e-10	1.300683410660658e-14	1.2893346522991182e-13	1.3289916788271603e-18	9.782742217487822e-09
0.0322	6.604688076474949e-15	3.5411134080847496e-10	1.3169926970587128e-14	1.3055015804084178e-13	1.3456559779897155e-18	9.905363609091923e-09
0.0324	6.728515746649175e-15	3.607499206310848e-10	1.3334035977487195e-14	1.3217692348048067e-13	1.3624241043639982e-18	1.002874815554431e-08
0.032600000000000004	6.85388145428903e-15	3.67470945449329e-10	1.3499161127158222e-14	1.3381376154605826e-13	1.3792960579475642e-18	1.015289584643076e-08
0.0328	6.9807946902161064e-15	3.742749237981743e-10	1.3665302419451641e-14	1.3546067223480438e-13	1.3962718387379686e-18	1.027780667133712e-08
0.033	7.109264945212303e-15	3.8116236420786883e-10	1.383245985421889e-14	1.371176555439488e-13	1.4133514467327672e-18	1.0403480619849349e-08
0.0332	7.239301710019794e-15	3.881337752039408e-10	1.4000633431311423e-14	1.387847114707213e-13	1.4305348819295157e-18	1.05299176815535e-08
0.0334	7.370914475341064e-15	3.951896653071992e-10	1.4169823150580671e-14	1.4046184001235173e-13	1.44782214432577e-18	1.065711784603571e-08
0.033600000000000005	7.504112731838873e-15	4.023305430337338e-10	1.434002901187808e-14	1.4214904116606983e-13	1.4652132339190855e-18	1.0785081102882231e-08
0.033800000000000004	7.638905970136266e-15	4.09556916894914e-10	1.4511251015055084e-14	1.438463149291054e-13	1.4827081507070176e-18	1.0913807441679384e-08
0.034	7.77530368081659e-15	4.1686929539739105e-10	1.4683489159963122e-14	1.4555366129868827e-13	1.5003068946871214e-18	1.1043296852013602e-08
0.0342	7.913315354423484e-15	4.2426818704309605e-10	1.4856743446453635e-14	1.472710802720482e-13	1.5180094658569532e-18	1.1173549323471404e-08
0.0344	8.052950481460861e-15	4.317541003292412e-10	1.5031013874378067e-14	1.4899857184641504e-13	1.5358158642140688e-18	1.1304564845639409e-08
0.0346	8.194218552392948e-15	4.3932754374831924e-10	1.5206300443587852e-14	1.5073613601901855e-13	1.5537260897560232e-18	1.1436343408104331e-08
0.034800000000000005	8.337129057644247e-15	4.469890257881041e-10	1.5382603153934444e-14	1.5248377278708858e-13	1.5717401424803724e-18	1.1568885000452983e-08
0.035	8.481691487599549e-15	4.547390549316494e-10	1.5559922005269266e-14	1.5424148214785488e-13	1.5898580223846718e-18	1.1702189612272254e-08
0.0352	8.627915332603937e-15	4.625781396572906e-10	1.5738256997443765e-14	1.5600926409854722e-13	1.608079729466477e-18	1.1836257233149146e-08
0.0354	8.7758100829628e-15	4.705067884386436e-10	1.5917608130309375e-14	1.5778711863639545e-13	1.6264052637233434e-18	1.197108785267075e-08
0.0356	8.925385228941804e-15	4.785255097446051e-10	1.609797540371755e-14	1.595750457586294e-13	1.6448346251528273e-18	1.2106681460424248e-08
0.0358	9.0766502607669e-15	4.86634812039353e-10	1.6279358817519717e-14	1.6137304546247875e-13	1.6633678137524832e-18	1.224303804599693e-08
0.036000000000000004	9.229614668624356e-15	4.94835203782346e-10	1.646175837156733e-14	1.631811177451736e-13	1.6820048295198688e-18	1.2380157598976167e-08
0.0362	9.384287942660706e-15	5.031271934283231e-10	1.6645174065711818e-14	1.6499926260394337e-13	1.7007456724525372e-18	1.2518040108949422e-08
0.0364	9.540679572982783e-15	5.115112894273052e-10	1.6829605899804625e-14	1.6682748003601808e-13	1.7195903425480452e-18	1.265668556550427e-08
0.0366	9.69879904965771e-15	5.199880002245935e-10	1.7015053873697188e-14	1.6866577003862747e-13	1.7385388398039478e-18	1.2796093958228358e-08
0.0368	9.858655862712914e-15	5.285578342607706e-10	1.7201517987240948e-14	1.7051413260900139e-13	1.7575911642178013e-18	1.2936265276709447e-08
0.037000000000000005	1.0020259502136103e-14	5.372212999717003e-10	1.7388998240287353e-14	1.7237256774436966e-13	1.7767473157871615e-18	1.307719951053539e-08
0.037200000000000004	1.0183619457875276e-14	5.45978905788527e-10	1.7577494632687836e-14	1.7424107544196197e-13	1.7960072945095832e-18	1.3218896649294117e-08
0.0374	1.0348745219838719e-14	5.54831160137676e-10	1.7767007164293832e-14	1.7611965569900824e-13	1.8153711003826225e-18	1.3361356682573673e-08
0.0376	1.0515646277895032e-14	5.637785714408548e-10	1.795753583495679e-14	1.780083085127382e-13	1.8348387334038345e-18	1.3504579599962194e-08
0.0378	1.0684332121873083e-14	5.728216481150511e-10	1.8149080644528145e-14	1.7990703388038176e-13	1.854410193570775e-18	1.3648565391047901e-08
0.038	1.0854812241562046e-14	5.81960898572534e-10	1.834164159285934e-14	1.818158317991686e-13	1.8740854808810004e-18	1.379331404541912e-08
0.038200000000000005	1.1027096126711394e-14	5.911968312208543e-10	1.8535218679801824e-14	1.8373470226632872e-13	1.893864595332066e-18	1.3938825552664274e-08
0.038400000000000004	1.1201193267030865e-14	6.005299544628433e-10	1.872981190520703e-14	1.8566364527909175e-13	1.9137475369215257e-18	1.4085099902371857e-08
0.0386	1.1377113152190515e-14	6.09960776696614e-10	1.892542126892639e-14	1.876026608346875e-13	1.9337343056469368e-18	1.4232137084130489e-08
0.0388	1.1554865271820683e-14	6.194898063155603e-10	1.9122046770811357e-14	1.8955174893034582e-13	1.953824901505855e-18	1.4379937087528863e-08
0.039	1.1734459115512006e-14	6.291175517083582e-10	1.9319688410713358e-14	1.9151090956329656e-13	1.9740193244958353e-18	1.4528499902155777e-08
0.0392	1.1915904172815412e-14	6.38844521258964e-10	1.951834618848385e-14	1.934801427307695e-13	1.994317574614433e-18	1.467782551760012e-08
0.039400000000000004	1.2099209933242124e-14	6.486712233466167e-10	1.9718020103974266e-14	1.954594484299945e-13	2.0147196518592054e-18	1.4827913923450884e-08
0.0396	1.2284385886263636e-14	6.585981663458351e-10	1.9918710157036042e-14	1.9744882665820128e-13	2.0352255562277058e-18	1.4978765109297134e-08
0.0398	1.2471441521311777e-14	6.686258586264211e-10	2.0120416347520622e-14	1.994482774126197e-13	2.0558352877174906e-18	1.5130379064728056e-08
0.04	1.2660386327778634e-14	6.787548085534564e-10	2.0323138675279442e-14	2.0145780069047957e-13	2.0765488463261155e-18	1.5282755779332912e-08
0.0402	1.28512297950166e-14	6.889855244873053e-10	2.0526877140163947e-14	2.0347739648901068e-13	2.097366232051137e-18	1.5435895242701065e-08
0.040400000000000005	1.3043981412338375e-14	6.993185147836137e-10	2.0731631742025593e-14	2.0550706480544296e-13	2.11828744489011e-18	1.5589797444421985e-08
0.040600000000000004	1.3238650669016925e-14	7.097542877933082e-10	2.0937402480715785e-14	2.0754680563700609e-13	2.139312484840589e-18	1.5744462374085206e-08
0.0408	1.3435247054285528e-14	7.202933518625974e-10	2.1144189356085993e-14	2.0959661898092996e-13	2.160441351900131e-18	1.5899890021280384e-08
0.041	1.363378005733775e-14	7.309362153329718e-10	2.1351992367987642e-14	2.1165650483444432e-13	2.1816740460662915e-18	1.605608037559727e-08
0.0412	1.3834259167327462e-14	7.416833865412034e-10	2.1560811516272182e-14	2.1372646319477897e-13	2.2030105673366257e-18	1.6213033426625685e-08
0.0414	1.4036693873368815e-14	7.525353738193452e-10	2.1770646800791053e-14	2.1580649405916384e-13	2.2244509157086893e-18	1.6370749163955566e-08
0.041600000000000005	1.4241093664536266e-14	7.634926854947327e-10	2.1981498221395694e-14	2.178965974248287e-13	2.2459950911800386e-18	1.6529227577176947e-08
0.041800000000000004	1.444746802986454e-14	7.745558298899825e-10	2.219336577793754e-14	2.199967732890033e-13	2.267643093748228e-18	1.6688468655879936e-08
0.042	1.46558264583487e-14	7.857253153229933e-10	2.240624947026804e-14	2.221070216489175e-13	2.289394923410813e-18	1.684847238965475e-08
0.0422	1.4866178438944063e-14	7.970016501069455e-10	2.2620149298238623e-14	2.2422734250180117e-13	2.3112505801653507e-18	1.7009238768091707e-08
0.0424	1.5078533460566266e-14	8.083853425503015e-10	2.283506526170074e-14	2.2635773584488403e-13	2.333210064009395e-18	1.7170767780781204e-08
0.0426	1.5292901012091233e-14	8.198769009568044e-10	2.3050997360505828e-14	2.2849820167539597e-13	2.355273374940503e-18	1.7333059417313747e-08
0.042800000000000005	1.5509290582355188e-14	8.314768336254815e-10	2.326794559450534e-14	2.3064873999056687e-13	2.3774405129562303e-18	1.749611366727993e-08
0.043000000000000003	1.5727711660154628e-14	8.431856488506388e-10	2.3485909963550692e-14	2.3280935078762647e-13	2.399711478054131e-18	1.7659930520270435e-08
0.0432	1.5948173734246366e-14	8.55003854921867e-10	2.370489046749334e-14	2.349800340638045e-13	2.422086270231761e-18	1.7824509965876045e-08
0.0434	1.6170686293347512e-14	8.669319601240364e-10	2.3924887106184724e-14	2.3716078981633096e-13	2.4445648894866768e-18	1.7989851993687646e-08
0.0436	1.6395258826135454e-14	8.78970472737302e-10	2.414589987947628e-14	2.393516180424355e-13	2.4671473358164333e-18	1.8155956593296207e-08
0.0438	1.6621900821247903e-14	8.911199010370976e-10	2.4367928787219455e-14	2.415525187393481e-13	2.489833609218587e-18	1.8322823754292787e-08
0.044000000000000004	1.6850621767282846e-14	9.033807532941427e-10	2.4590973829265702e-14	2.4376349190429854e-13	2.5126237096906934e-18	1.8490453466268563e-08
0.0442	1.7081431152798548e-14	9.157535377744343e-10	2.4815035005466427e-14	2.4598453753451664e-13	2.535517637230307e-18	1.8658845718814776e-08
0.0444	1.73143384663136e-14	9.282387627392555e-10	2.5040112315673093e-14	2.4821565562723215e-13	2.558515391834984e-18	1.8828000501522787e-08
0.0446	1.7549353196306886e-14	9.40836936445169e-10	2.5266205759737143e-14	2.5045684617967495e-13	2.5816169735022797e-18	1.8997917803984042e-08
0.0448	1.778648483121757e-14	9.535485671440211e-10	2.549331533751e-14	2.527081091890748e-13	2.6048223822297502e-18	1.9168597615790076e-08
0.045000000000000005	1.8025742859445134e-14	9.6637416308294e-10	2.5721441048843146e-14	2.5496944465266176e-13	2.6281316180149507e-18	1.934003992653253e-08
0.045200000000000004	1.8267136769349316e-14	9.793142325043346e-10	2.5950582893587976e-14	2.5724085256766536e-13	2.651544680855437e-18	1.9512244725803125e-08
0.0454	1.8510676049250198e-14	9.923692836458975e-10	2.618074087159594e-14	2.5952233293131555e-13	2.6750615707487654e-18	1.9685212003193693e-08
0.0456	1.8756370187428133e-14	1.0055398247406034e-09	2.64119149827185e-14	2.618138857408422e-13	2.69868228769249e-18	1.9858941748296163e-08
0.0458	1.9004228672123764e-14	1.0188263640167084e-09	2.6644105226807077e-14	2.6411551099347507e-13	2.722406831684168e-18	2.0033433950702524e-08
0.046	1.9254260991538056e-14	1.0322294096977527e-09	2.687731160371312e-14	2.6642720868644405e-13	2.7462352027213536e-18	2.0208688600004896e-08
0.046200000000000005	1.9506476633832254e-14	1.0457494700025563e-09	2.711153411328808e-14	2.68748978816979e-13	2.7701674008016038e-18	2.0384705685795496e-08
0.046400000000000004	1.9760885087127892e-14	1.0593870531452237e-09	2.7346772755383383e-14	2.710808213823096e-13	2.7942034259224727e-18	2.05614851976666e-08
0.0466	2.0017495839506803e-14	1.0731426673351398e-09	2.7583027529850467e-14	2.7342273637966573e-13	2.818343278081517e-18	2.073902712521061e-08
0.0468	2.0276318379011147e-14	1.087016820776974e-09	2.7820298436540783e-14	2.7577472380627725e-13	2.8425869572762914e-18	2.0917331458020008e-08
0.047	2.0537362193643338e-14	1.1010100216706755e-09	2.805858547530577e-14	2.78136783659374e-13	2.866934463504352e-18	2.109639818568739e-08
0.0472	2.0800636771366106e-14	1.1151227782114795e-09	2.829788864599687e-14	2.805089159361858e-13	2.8913857967632553e-18	2.1276227297805416e-08
0.047400000000000005	2.106615160010251e-14	1.1293555985899008e-09	2.8538207948465514e-14	2.828911206339426e-13	2.9159409570505563e-18	2.1456818783966874e-08
0.0476	2.133391616773585e-14	1.1437089909917368e-09	2.877954338256316e-14	2.85283397749874e-13	2.9405999443638093e-18	2.163817263376461e-08
0.0478	2.1603939962109734e-14	1.1581834635980695e-09	2.9021894948141236e-14	2.8768574728121e-13	2.9653627587005712e-18	2.1820288836791593e-08
0.048	2.187623247102811e-14	1.1727795245852614e-09	2.926526264505119e-14	2.900981692251803e-13	2.990229400058397e-18	2.2003167382640883e-08
0.0482	2.2150803182255176e-14	1.187497682124958e-09	2.950964647314446e-14	2.925206635790149e-13	3.0151998684348432e-18	2.218680826090562e-08
0.048400000000000006	2.2427661583515483e-14	1.2023384443840886e-09	2.975504643227249e-14	2.9495323033994357e-13	3.0402741638274653e-18	2.237121146117906e-08
0.048600000000000004	2.2706817162493817e-14	1.2173023195248639e-09	3.000146252228671e-14	2.9739586950519617e-13	3.0654522862338175e-18	2.2556376973054527e-08
0.0488	2.298827940683528e-14	1.2323898157047761e-09	3.0248894743038564e-14	2.9984858107200235e-13	3.0907342356514566e-18	2.2742304786125462e-08
0.049	2.3272057804145294e-14	1.2476014410766044e-09	3.04973430943795e-14	3.023113650375922e-13	3.1161200120779375e-18	2.2928994889985394e-08
0.0492	2.3558161841989582e-14	1.2629377037884062e-09	3.074680757616097e-14	3.047842213991954e-13	3.141609615510817e-18	2.3116447274227943e-08
0.0494	2.384660100789412e-14	1.278399111983523e-09	3.099728818823441e-14	3.0726715015404177e-13	3.1672030459476488e-18	2.3304661928446833e-08
0.049600000000000005	2.413738478934525e-14	1.2939861738005807e-09	3.124878493045124e-14	3.097601512993613e-13	3.1929003033859908e-18	2.3493638842235874e-08
0.049800000000000004	2.4430522673789538e-14	1.3096993973734862e-09	3.150129780266292e-14	3.122632248323837e-13	3.2187013878233974e-18	2.3683378005188966e-08
0.05	2.472602414863392e-14	1.325539290831429e-09	3.1754826804720884e-14	3.147763707503388e-13	3.2446062992574233e-18	2.3873879406900106e-08
0.0502	2.502389870124556e-14	1.3415063622988832e-09	3.200937193647658e-14	3.172995890504566e-13	3.2706150376856243e-18	2.4065143036963406e-08
0.0504	2.532415581895198e-14	1.3576011198956046e-09	3.226493319778144e-14	3.198328797299668e-13	3.296727603105558e-18	2.4257168884973053e-08
0.0506	2.562680498904098e-14	1.3738240717366314e-09	3.252151058848691e-14	3.2237624278609905e-13	3.3229439955147787e-18	2.4449956940523322e-08
0.050800000000000005	2.5931855698760665e-14	1.3901757259322862e-09	3.277910410844443e-14	3.249296782160837e-13	3.349264214910843e-18	2.464350719320861e-08
0.051000000000000004	2.6239317435319392e-14	1.406656590588174e-09	3.303771375750544e-14	3.274931860171502e-13	3.3756882612913044e-18	2.483781963262336e-08
0.0512	2.6549199685885893e-14	1.423267173805181e-09	3.3297339535521394e-14	3.3006676618652833e-13	3.4022161346537195e-18	2.503289424836217e-08
0.0514	2.6861511937589157e-14	1.44000798367948e-09	3.355798144234371e-14	3.326504187214483e-13	3.4288478349956445e-18	2.5228731030019692e-08
0.0516	2.717626367751846e-14	1.456879528302523e-09	3.3819639477823845e-14	3.352441436191396e-13	3.455583362314634e-18	2.5425329967190692e-08
0.051800000000000006	2.7493464392723426e-14	1.4738823157610493e-09	3.408231364181324e-14	3.3784794087683226e-13	3.482422716608246e-18	2.562269104947002e-08
0.052000000000000005	2.7813123570213918e-14	1.491016854137076e-09	3.434600393416334e-14	3.4046181049175606e-13	3.509365897874032e-18	2.5820814266452614e-08
0.0522	2.8135250696960153e-14	1.5082836515079085e-09	3.4610710354725577e-14	3.4308575246114083e-13	3.536412906109551e-18	2.6019699607733528e-08
0.0524	2.84598552598926e-14	1.525683215946131e-09	3.48764329033514e-14	3.457197667822165e-13	3.563563741312357e-18	2.621934706290789e-08
0.0526	2.878694674590206e-14	1.5432160555196155e-09	3.5143171579892244e-14	3.483638534522128e-13	3.590818403480005e-18	2.6419756621570944e-08
0.0528	2.9116534641839654e-14	1.560882678291512e-09	3.5410926384199546e-14	3.5101801246835965e-13	3.618176892610053e-18	2.6620928273318e-08
0.053000000000000005	2.9448628434516746e-14	1.5786835923202596e-09	3.567969731612477e-14	3.53682243827887e-13	3.645639208700057e-18	2.68228620077445e-08
0.053200000000000004	2.9783237610705024e-14	1.5966193056595739e-09	3.5949484375519335e-14	3.5635654752802454e-13	3.673205351747568e-18	2.7025557814445933e-08
0.0534	3.0120371657136487e-14	1.6146903263584597e-09	3.6220287562234686e-14	3.59040923566002e-13	3.700875321750147e-18	2.722901568301792e-08
0.0536	3.0460040060503457e-14	1.6328971624612019e-09	3.649210687612225e-14	3.617353719390495e-13	3.728649118705343e-18	2.7433235603056175e-08
0.0538	3.080225230745848e-14	1.6512403220073702e-09	3.67649423170335e-14	3.6443989264439667e-13	3.7565267426107195e-18	2.763821756415649e-08
0.054	3.114701788461448e-14	1.669720313031816e-09	3.703879388481986e-14	3.6715448567927366e-13	3.784508193463825e-18	2.7843961555914756e-08
0.054200000000000005	3.1494346278544665e-14	1.6883376435646774e-09	3.7313661579332795e-14	3.6987915104090997e-13	3.812593471262222e-18	2.8050467567926968e-08
0.054400000000000004	3.1844246975782524e-14	1.7070928216313709e-09	3.7589545400423713e-14	3.7261388872653546e-13	3.840782576003461e-18	2.8257735589789196e-08
0.0546	3.219672946282183e-14	1.7259863552526013e-09	3.786644534794406e-14	3.753586987333804e-13	3.869075507685099e-18	2.8465765611097637e-08
0.0548	3.25518032261167e-14	1.745018752444353e-09	3.81443614217453e-14	3.7811358105867413e-13	3.8974722663046906e-18	2.8674557621448543e-08
0.055	3.290947775208154e-14	1.764190521217898e-09	3.842329362167886e-14	3.8087853569964685e-13	3.925972851859793e-18	2.888411161043831e-08
0.055200000000000006	3.326976252709106e-14	1.7835021695797886e-09	3.870324194759617e-14	3.836535626535283e-13	3.954577264347961e-18	2.909442756766337e-08
0.055400000000000005	3.3632667037480224e-14	1.802954205531861e-09	3.8984206399348686e-14	3.864386619175483e-13	3.983285503766751e-18	2.9305505482720284e-08
0.055600000000000004	3.399820076954436e-14	1.8225471370712359e-09	3.9266186976787854e-14	3.8923383348893663e-13	4.0120975701137185e-18	2.9517345345205713e-08
0.0558	3.4366373209539095e-14	1.8422814721903185e-09	3.954918367976511e-14	3.9203907736492334e-13	4.0410134633864184e-18	2.9729947144716398e-08
0.056	3.473719384368029e-14	1.8621577188767947e-09	3.983319650813189e-14	3.948543935427381e-13	4.0700331835824056e-18	2.9943310870849176e-08
0.0562	3.511067215814418e-14	1.8821763851136374e-09	4.0118225461739645e-14	3.9767978201961093e-13	4.099156730699238e-18	3.015743651320099e-08
0.056400000000000006	3.54868176390673e-14	1.902337978879102e-09	4.040427054043981e-14	4.005152427927716e-13	4.128384104734471e-18	3.037232406136887e-08
0.056600000000000004	3.5865639772546447e-14	1.9226430081467257e-09	4.069133174408383e-14	4.0336077585944985e-13	4.157715305685658e-18	3.058797350494992e-08
0.0568	3.624714804463869e-14	1.943091980885331e-09	4.0979409072523143e-14	4.062163812168757e-13	4.187150333550354e-18	3.080438483354138e-08
0.057	3.66313519413615e-14	1.963685405059026e-09	4.1268502525609207e-14	4.090820588622789e-13	4.216689188326117e-18	3.1021558036740547e-08
0.0572	3.70182609486926e-14	1.9844237886271984e-09	4.155861210319344e-14	4.1195780879288946e-13	4.246331870010503e-18	3.123949310414484e-08
0.0574	3.7407884552569975e-14	2.0053076395445256e-09	4.184973780512728e-14	4.14843631005937e-13	4.2760783786010656e-18	3.1458190025351766e-08
0.057600000000000005	3.780023223889199e-14	2.026337465760963e-09	4.214187963126221e-14	4.1773952549865175e-13	4.305928714095363e-18	3.1677648789958915e-08
0.057800000000000004	3.819531349351723e-14	2.047513775221753e-09	4.243503758144963e-14	4.206454922682632e-13	4.335882876490947e-18	3.1897869387563975e-08
0.058	3.859313780226467e-14	2.068837075867421e-09	4.2729211655540997e-14	4.2356153131200143e-13	4.3659408657853765e-18	3.2118851807764725e-08
0.0582	3.899371465091349e-14	2.0903078756337764e-09	4.302440185338775e-14	4.26487642627096e-13	4.396102681976205e-18	3.2340596040159065e-08
0.0584	3.939705352520327e-14	2.111926682451913e-09	4.3320608174841316e-14	4.2942382621077723e-13	4.42636832506099e-18	3.256310207434495e-08
0.058600000000000006	3.980316391083385e-14	2.1336940042482105e-09	4.361783061975319e-14	4.323700820602746e-13	4.456737795037286e-18	3.2786369899920475e-08
0.058800000000000005	4.021205529346536e-14	2.1556103489443263e-09	4.3916069187974754e-14	4.3532641017281804e-13	4.4872110919026486e-18	3.301039950648379e-08
0.059000000000000004	4.062373715871822e-14	2.1776762244572098e-09	4.421532387935748e-14	4.3829281054563757e-13	4.517788215654633e-18	3.323519088363315e-08
0.0592	4.1038218992173193e-14	2.1998921386990876e-09	4.45155946937528e-14	4.412692831759628e-13	4.5484691662907955e-18	3.3460744020966906e-08
0.0594	4.1455510279371374e-14	2.222258599577477e-09	4.481688163101216e-14	4.4425582806102394e-13	4.579253943808691e-18	3.3687058908083516e-08
0.0596	4.187562050581406e-14	2.244776114995173e-09	4.5119184690987e-14	4.4725244519805053e-13	4.610142548205877e-18	3.391413553458153e-08
0.059800000000000006	4.229855915696296e-14	2.267445192850261e-09	4.5422503873528754e-14	4.502591345842727e-13	4.641134979479907e-18	3.414197389005958e-08
0.060000000000000005	4.272433571823999e-14	2.2902663410361033e-09	4.5726839178488886e-14	4.532758962169202e-13	4.672231237628337e-18	3.4370573964116376e-08
0.060200000000000004	4.315295967502746e-14	2.3132400674413536e-09	4.6032190605718816e-14	4.563027300932226e-13	4.703431322648723e-18	3.4599935746350774e-08
0.0604	4.3584440512667895e-14	2.336366879949945e-09	4.633855815507e-14	4.593396362104104e-13	4.734735234538621e-18	3.483005922636168e-08
0.0606	4.401878771646421e-14	2.359647286441098e-09	4.6645941826393866e-14	4.623866145657127e-13	4.7661429732955856e-18	3.506094439374811e-08
0.0608	4.445601077167958e-14	2.383081794789314e-09	4.695434161954187e-14	4.654436651563601e-13	4.797654538917173e-18	3.529259123810918e-08
0.061000000000000006	4.489611916353749e-14	2.4066709128643846e-09	4.726375753436547e-14	4.685107879795819e-13	4.82926993140094e-18	3.552499974904411e-08
0.061200000000000004	4.533912237722168e-14	2.430415148531377e-09	4.757418957071606e-14	4.715879830326085e-13	4.860989150744441e-18	3.575816991615217e-08
0.0614	4.5785029897876293e-14	2.454315009650651e-09	4.7885637728445104e-14	4.746752503126691e-13	4.8928121969452296e-18	3.5992101729032766e-08
0.0616	4.623385121060573e-14	2.4783710040778456e-09	4.819810200740406e-14	4.777725898169943e-13	4.9247390700008635e-18	3.622679517728539e-08
0.0618	4.6685595800474653e-14	2.5025836396638883e-09	4.851158240744436e-14	4.808800015428132e-13	4.9567697699089e-18	3.646225025050962e-08
0.062	4.71402731525081e-14	2.526953424254986e-09	4.882607892841744e-14	4.839974854873563e-13	4.9889042966668914e-18	3.669846693830515e-08
0.062200000000000005	4.7597892751691396e-14	2.551480865692636e-09	4.914159157017477e-14	4.871250416478534e-13	5.021142650272397e-18	3.693544523027175e-08
0.062400000000000004	4.8058464082970135e-14	2.5761664718136154e-09	4.945812033256775e-14	4.902626700215338e-13	5.053484830722968e-18	3.717318511600926e-08
0.0626	4.852199663125022e-14	2.601010750449988e-09	4.9775665215447835e-14	4.934103706056281e-13	5.0859308380161625e-18	3.741168658511766e-08
0.06280000000000001	4.8988499881397906e-14	2.6260142094291015e-09	5.0094226218666475e-14	4.965681433973658e-13	5.118480672149537e-18	3.7650949627197025e-08
0.063	4.9457983318239706e-14	2.651177356573587e-09	5.0413803342075086e-14	4.997359883939767e-13	5.151134333120643e-18	3.789097423184746e-08
0.0632	4.993045642656251e-14	2.676500699701365e-09	5.0734396585525184e-14	5.029139055926911e-13	5.183891820927042e-18	3.8131760388669263e-08
0.0634	5.040592869111335e-14	2.7019847466256334e-09	5.105600594886812e-14	5.061018949907381e-13	5.216753135566284e-18	3.8373308087262725e-08
0.0636	5.08844095965998e-14	2.7276300051548825e-09	5.137863143195541e-14	5.092999565853484e-13	5.249718277035929e-18	3.861561731722833e-08
0.06380000000000001	5.1365908627689565e-14	2.7534369830928814e-09	5.170227303463846e-14	5.125080903737514e-13	5.282787245333531e-18	3.8858688068166575e-08
0.064	5.185043526901068e-14	2.779406188238685e-09	5.20269307567687e-14	5.15726296353177e-13	5.315960040456644e-18	3.910252032967808e-08
0.06420000000000001	5.2337999005151553e-14	2.8055381283866375e-09	5.2352604598197576e-14	5.189545745208553e-13	5.349236662402826e-18	3.93471140913636e-08
0.0644	5.2828609320660805e-14	2.83183331132636e-09	5.267929455877657e-14	5.221929248740159e-13	5.382617111169631e-18	3.959246934282391e-08
0.0646	5.332227570004748e-14	2.858292244842767e-09	5.300700063835708e-14	5.254413474098889e-13	5.416101386754616e-18	3.983858607365993e-08
0.0648	5.381900762778077e-14	2.8849154367160503e-09	5.333572283679057e-14	5.28699842125704e-13	5.449689489155335e-18	4.0085464273472654e-08
0.065	5.431881458829038e-14	2.9117033947216935e-09	5.3665461153928475e-14	5.319684090186912e-13	5.483381418369345e-18	4.033310393186321e-08
0.06520000000000001	5.4821706065966167e-14	2.9386566266304586e-09	5.399621558962226e-14	5.352470480860805e-13	5.517177174394202e-18	4.058150503843277e-08
0.0654	5.532769154515828e-14	2.965775640208396e-09	5.4327986143723316e-14	5.385357593251014e-13	5.5510767572274595e-18	4.0830667582782596e-08
0.0656	5.5836780510177304e-14	2.9930609432168413e-09	5.466077281608314e-14	5.418345427329842e-13	5.585080166866675e-18	4.108059155451411e-08
0.0658	5.634898244529399e-14	3.020513043412413e-09	5.499457560655312e-14	5.451433983069584e-13	5.6191874033094006e-18	4.1331276943228735e-08
0.066	5.686430683473955e-14	3.0481324485470182e-09	5.532939451498476e-14	5.484623260442542e-13	5.653398466553198e-18	4.158272373852811e-08
0.06620000000000001	5.738276316270534e-14	3.0759196663678456e-09	5.5665229541229476e-14	5.517913259421014e-13	5.68771335659562e-18	4.183493193001386e-08
0.0664	5.790436091334306e-14	3.103875204617369e-09	5.6002080685138677e-14	5.551303979977296e-13	5.722132073434217e-18	4.208790150728774e-08
0.0666	5.84291095707649e-14	3.1319995710333503e-09	5.6339947946563874e-14	5.58479542208369e-13	5.756654617066554e-18	4.23416324599516e-08
0.0668	5.895701861904309e-14	3.1602932733488324e-09	5.6678831325356404e-14	5.618387585712492e-13	5.791280987490178e-18	4.2596124777607407e-08
0.067	5.948809754221036e-14	3.188756819292149e-09	5.701873082136784e-14	5.652080470836004e-13	5.826011184702652e-18	4.28513784498572e-08
0.06720000000000001	6.002235582425965e-14	3.2173907165869148e-09	5.735964643444953e-14	5.685874077426524e-13	5.8608452087015265e-18	4.3107393466303125e-08
0.0674	6.055980294914418e-14	3.246195472952025e-09	5.770157816445295e-14	5.719768405456349e-13	5.8957830594843575e-18	4.3364169816547366e-08
0.06760000000000001	6.110044840077766e-14	3.275171596101674e-09	5.804452601122955e-14	5.75376345489778e-13	5.930824737048705e-18	4.362170749019232e-08
0.0678	6.164430166303386e-14	3.304319593745327e-09	5.838848997463072e-14	5.787859225723113e-13	5.965970241392118e-18	4.388000647684036e-08
0.068	6.219137221974707e-14	3.333639973587743e-09	5.873347005450799e-14	5.822055717904651e-13	6.0012195725121574e-18	4.413906676609402e-08
0.0682	6.274166955471173e-14	3.363133243328962e-09	5.907946625071271e-14	5.856352931414688e-13	6.036572730406374e-18	4.4398888347555886e-08
0.0684	6.329520315168272e-14	3.3927999106643136e-09	5.942647856309642e-14	5.890750866225528e-13	6.072029715072331e-18	4.4659471210828695e-08
0.06860000000000001	6.385198249437513e-14	3.422640483284409e-09	5.97745069915105e-14	5.925249522309467e-13	6.1075905265075774e-18	4.4920815345515234e-08
0.0688	6.441201706646432e-14	3.452655468875145e-09	6.012355153580638e-14	5.959848899638802e-13	6.1432551647096695e-18	4.518292074121838e-08
0.069	6.497531635158617e-14	3.482845375117707e-09	6.047361219583553e-14	5.994548998185835e-13	6.179023629676164e-18	4.544578738754114e-08
0.0692	6.554188983333663e-14	3.5132107096885613e-09	6.08246889714494e-14	6.029349817922863e-13	6.2148959214046174e-18	4.570941527408659e-08
0.0694	6.611174699527211e-14	3.5437519802594647e-09	6.117678186249941e-14	6.064251358822188e-13	6.2508720398925845e-18	4.597380439045793e-08
0.06960000000000001	6.668489732090926e-14	3.574469694497458e-09	6.152989086883704e-14	6.099253620856106e-13	6.286951985137622e-18	4.6238954726258404e-08
0.0698	6.7261350293725e-14	3.60536436006486e-09	6.188401599031367e-14	6.134356603996915e-13	6.323135757137283e-18	4.6504866271091375e-08
0.07	6.784111539715672e-14	3.6364364846192896e-09	6.22391572267808e-14	6.169560308216918e-13	6.359423355889125e-18	4.677153901456033e-08
0.0702	6.842420211460189e-14	3.6676865758136354e-09	6.259531457808983e-14	6.204864733488408e-13	6.3958147813907025e-18	4.70389729462688e-08
0.0704	6.901061992941853e-14	3.6991151412960884e-09	6.295248804409227e-14	6.24026987978369e-13	6.432310033639573e-18	4.7307168055820466e-08
0.07060000000000001	6.960037832492481e-14	3.730722688710109e-09	6.331067762463948e-14	6.275775747075061e-13	6.468909112633292e-18	4.7576124332819046e-08
0.0708	7.01934867843992e-14	3.762509725694452e-09	6.366988331958292e-14	6.311382335334814e-13	6.5056120183694094e-18	4.784584176686837e-08
0.07100000000000001	7.078995479108062e-14	3.7944767598831594e-09	6.40301051287741e-14	6.347089644535258e-13	6.5424187508454906e-18	4.811632034757241e-08
0.0712	7.138979182816813e-14	3.826624298905552e-09	6.439134305206439e-14	6.382897674648682e-13	6.5793293100590815e-18	4.838756006453515e-08
0.0714	7.199300737882124e-14	3.8589528503862444e-09	6.475359708930527e-14	6.418806425647394e-13	6.6163436960077456e-18	4.8659560907360764e-08
0.0716	7.259961092615963e-14	3.8914629219451275e-09	6.511686724034814e-14	6.454815897503683e-13	6.653461908689032e-18	4.893232286565342e-08
0.0718	7.320961195326348e-14	3.92415502119739e-09	6.548115350504453e-14	6.490926090189861e-13	6.690683948100502e-18	4.920584592901747e-08
0.07200000000000001	7.38230199431731e-14	3.9570296557534976e-09	6.584645588324578e-14	6.527137003678218e-13	6.728009814239709e-18	4.948013008705731e-08
0.0722	7.443984437888919e-14	3.990087333219199e-09	6.621277437480339e-14	6.563448637941051e-13	6.765439507104206e-18	4.975517532937742e-08
0.0724	7.506009474337277e-14	4.023328561195541e-09	6.65801089795688e-14	6.599860992950665e-13	6.8029730266915525e-18	5.0030981645582423e-08
0.0726	7.568378051954508e-14	4.056753847278843e-09	6.694845969739342e-14	6.636374068679353e-13	6.8406103729993e-18	5.0307549025277e-08
0.0728	7.631091119028785e-14	4.090363699060723e-09	6.731782652812875e-14	6.672987865099422e-13	6.8783515460250096e-18	5.058487745806594e-08
0.07300000000000001	7.694149623844296e-14	4.124158624128075e-09	6.768820947162621e-14	6.709702382183164e-13	6.916196545766233e-18	5.0862966933554106e-08
0.0732	7.757554514681258e-14	4.15813913006308e-09	6.805960852773719e-14	6.74651761990288e-13	6.954145372220524e-18	5.1141817441346464e-08
0.0734	7.821306739815938e-14	4.192305724443212e-09	6.84320236963132e-14	6.783433578230871e-13	6.992198025385442e-18	5.1421428971048125e-08
0.0736	7.885407247520615e-14	4.226658914841223e-09	6.880545497720565e-14	6.820450257139433e-13	7.030354505258541e-18	5.170180151226422e-08
0.0738	7.949856986063612e-14	4.261199208825159e-09	6.9179902370266e-14	6.857567656600867e-13	7.068614811837381e-18	5.1982935054600014e-08
0.07400000000000001	8.014656903709273e-14	4.295927113958345e-09	6.95553658753457e-14	6.894785776587471e-13	7.106978945119511e-18	5.2264829587660884e-08
0.0742	8.079807948717978e-14	4.330843137799393e-09	6.993184549229613e-14	6.932104617071542e-13	7.145446905102488e-18	5.2547485101052215e-08
0.07440000000000001	8.145311069346141e-14	4.365947787902209e-09	7.030934122096884e-14	6.969524178025385e-13	7.184018691783872e-18	5.2830901584379614e-08
0.0746	8.211167213846193e-14	4.40124157181597e-09	7.068785306121517e-14	7.007044459421292e-13	7.222694305161212e-18	5.3115079027248664e-08
0.0748	8.277377330466625e-14	4.436724997085159e-09	7.106738101288663e-14	7.044665461231568e-13	7.261473745232069e-18	5.3400017419265146e-08
0.075	8.343942367451928e-14	4.472398571249525e-09	7.14479250758346e-14	7.082387183428506e-13	7.300357011993993e-18	5.3685716750034854e-08
0.0752	8.410863273042646e-14	4.508262801844123e-09	7.182948524991062e-14	7.120209625984411e-13	7.33934410544455e-18	5.397217700916372e-08
0.07540000000000001	8.478140995475338e-14	4.544318196399277e-09	7.221206153496605e-14	7.158132788871581e-13	7.378435025581285e-18	5.425939818625776e-08
0.0756	8.545776482982602e-14	4.580565262440604e-09	7.259565393085235e-14	7.196156672062309e-13	7.417629772401758e-18	5.454738027092305e-08
0.0758	8.613770683793071e-14	4.617004507489012e-09	7.2980262437421e-14	7.234281275528901e-13	7.456928345903524e-18	5.483612325276584e-08
0.076	8.6821245461314e-14	4.653636439060688e-09	7.336588705452336e-14	7.272506599243653e-13	7.496330746084138e-18	5.512562712139239e-08
0.0762	8.75083901821829e-14	4.690461564667114e-09	7.375252778201099e-14	7.310832643178865e-13	7.535836972941157e-18	5.5415891866409137e-08
0.07640000000000001	8.819915048270459e-14	4.727480391815049e-09	7.414018461973524e-14	7.349259407306837e-13	7.575447026472139e-18	5.5706917477422524e-08
0.0766	8.889353584500654e-14	4.764693428006542e-09	7.45288575675476e-14	7.387786891599863e-13	7.615160906674632e-18	5.599870394403913e-08
0.07680000000000001	8.95915557511767e-14	4.802101180738931e-09	7.491854662529949e-14	7.42641509603025e-13	7.654978613546198e-18	5.629125125586568e-08
0.077	9.029321968326315e-14	4.8397041575048375e-09	7.530925179284235e-14	7.465144020570288e-13	7.694900147084389e-18	5.658455940250889e-08
0.0772	9.099853712327444e-14	4.8775028657921735e-09	7.570097307002764e-14	7.503973665192284e-13	7.734925507286763e-18	5.687862837357568e-08
0.07740000000000001	9.170751755317933e-14	4.9154978130841315e-09	7.60937104567068e-14	7.542904029868534e-13	7.775054694150879e-18	5.7173458158672974e-08
0.0776	9.242017045490685e-14	4.953689506859193e-09	7.648746395273128e-14	7.581935114571334e-13	7.815287707674283e-18	5.74690487474078e-08
0.07780000000000001	9.313650531034654e-14	4.9920784545911315e-09	7.68822335579525e-14	7.621066919272989e-13	7.85562454785454e-18	5.776540012938737e-08
0.078	9.385653160134803e-14	5.030665163748999e-09	7.72780192722219e-14	7.660299443945793e-13	7.896065214689197e-18	5.806251229421886e-08
0.0782	9.458025880972146e-14	5.069450141797139e-09	7.767482109539096e-14	7.699632688562048e-13	7.936609708175819e-18	5.836038523150967e-08
0.0784	9.530769641723705e-14	5.108433896195179e-09	7.807263902731111e-14	7.739066653094053e-13	7.977258028311955e-18	5.865901893086718e-08
0.0786	9.603885390562562e-14	5.147616934398038e-09	7.847147306783377e-14	7.778601337514107e-13	8.018010175095163e-18	5.895841338189897e-08
0.07880000000000001	9.677374075657805e-14	5.1869997638559175e-09	7.887132321681043e-14	7.818236741794509e-13	8.058866148523002e-18	5.925856857421264e-08
0.079	9.75123664517456e-14	5.226582892014303e-09	7.927218947409244e-14	7.857972865907554e-13	8.099825948593017e-18	5.955948449741586e-08
0.0792	9.825474047273998e-14	5.266366826313975e-09	7.967407183953139e-14	7.897809709825549e-13	8.140889575302774e-18	5.986116114111651e-08
0.0794	9.900087230113306e-14	5.306352074190995e-09	8.007697031297857e-14	7.937747273520785e-13	8.182057028649824e-18	6.016359849492244e-08
0.0796	9.975077141845713e-14	5.346539143076716e-09	8.048088489428556e-14	7.97778555696557e-13	8.223328308631724e-18	6.046679654844169e-08
0.07980000000000001	1.0050444730620468e-13	5.386928540397769e-09	8.088581558330368e-14	8.017924560132196e-13	8.26470341524603e-18	6.077075529128234e-08
0.08	1.0126190944582858e-13	5.42752077357608e-09	8.129176237988445e-14	8.058164282992964e-13	8.306182348490294e-18	6.107547471305258e-08
0.08020000000000001	1.0202316731874205e-13	5.468316350028861e-09	8.169872528387927e-14	8.098504725520173e-13	8.347765108362081e-18	6.138095480336069e-08
0.0804	1.0278823040631846e-13	5.509315777168606e-09	8.210670429513961e-14	8.138945887686122e-13	8.389451694858931e-18	6.168719555181501e-08
0.0806	1.0355710818989181e-13	5.550519562403106e-09	8.251569941351694e-14	8.179487769463114e-13	8.431242107978416e-18	6.199419694802409e-08
0.08080000000000001	1.0432981015075613e-13	5.591928213135427e-09	8.29257106388627e-14	8.220130370823444e-13	8.473136347718081e-18	6.230195898159646e-08
0.081	1.051063457701658e-13	5.633542236763929e-09	8.333673797102823e-14	8.26087369173941e-13	8.515134414075486e-18	6.261048164214075e-08
0.08120000000000001	1.0588672452933566e-13	5.6753621406822596e-09	8.374878140986507e-14	8.301717732183315e-13	8.557236307048183e-18	6.291976491926576e-08
0.0814	1.066709559094407e-13	5.717388432279349e-09	8.416184095522468e-14	8.342662492127456e-13	8.599442026633733e-18	6.32298088025803e-08
0.0816	1.0745904939161641e-13	5.75962161893942e-09	8.457591660695844e-14	8.383707971544135e-13	8.641751572829687e-18	6.354061328169337e-08
0.0818	1.0825101445695833e-13	5.802062208041976e-09	8.499100836491782e-14	8.424854170405645e-13	8.6841649456336e-18	6.385217834621396e-08
0.082	1.0904686058652264e-13	5.8447107069618175e-09	8.540711622895427e-14	8.466101088684295e-13	8.726682145043035e-18	6.416450398575123e-08
0.08220000000000001	1.0984659726132558e-13	5.887567623069025e-09	8.582424019891924e-14	8.507448726352374e-13	8.769303171055542e-18	6.447759018991441e-08
0.0824	1.1065023396234378e-13	5.93063346372896e-09	8.624238027466412e-14	8.548897083382185e-13	8.812028023668674e-18	6.479143694831278e-08
0.0826	1.1145778017051426e-13	5.973908736302286e-09	8.666153645604046e-14	8.59044615974603e-13	8.854856702879993e-18	6.51060442505558e-08
0.0828	1.122692453667342e-13	6.0173939481449425e-09	8.708170874289957e-14	8.632095955416203e-13	8.897789208687048e-18	6.542141208625297e-08
0.083	1.130846390318613e-13	6.061089606608166e-09	8.750289713509299e-14	8.673846470365008e-13	8.940825541087398e-18	6.573754044501391e-08
0.08320000000000001	1.139039706467134e-13	6.104996219038468e-09	8.792510163247216e-14	8.715697704564743e-13	8.983965700078602e-18	6.605442931644832e-08
0.0834	1.1472724969206865e-13	6.1491142927776555e-09	8.834832223488848e-14	8.757649657987706e-13	9.027209685658209e-18	6.637207869016592e-08
0.08360000000000001	1.1555448564866575e-13	6.193444335162826e-09	8.87725589421934e-14	8.799702330606197e-13	9.070557497823781e-18	6.669048855577673e-08
0.0838	1.1638568799720343e-13	6.237986853526355e-09	8.919781175423838e-14	8.841855722392513e-13	9.114009136572866e-18	6.700965890289063e-08
0.084	1.1722086621834096e-13	6.282742355195914e-09	8.96240806708749e-14	8.884109833318959e-13	9.157564601903028e-18	6.732958972111777e-08
0.08420000000000001	1.1806002979269777e-13	6.327711347494459e-09	9.005136569195431e-14	8.92646466335783e-13	9.20122389381182e-18	6.765028100006828e-08
0.0844	1.189031882008536e-13	6.372894337740225e-09	9.047966681732814e-14	8.968920212481424e-13	9.24498701229679e-18	6.797173272935241e-08
0.08460000000000001	1.1975035092334866e-13	6.418291833246754e-09	9.090898404684778e-14	9.011476480662042e-13	9.288853957355505e-18	6.829394489858059e-08
0.0848	1.206015274406833e-13	6.463904341322855e-09	9.133931738036469e-14	9.054133467871983e-13	9.33282472898551e-18	6.86169174973632e-08
0.085	1.2145672723331838e-13	6.5097323692726365e-09	9.177066681773035e-14	9.09689117408355e-13	9.376899327184373e-18	6.894065051531086e-08
0.0852	1.223159597816749e-13	6.555776424395493e-09	9.220303235879613e-14	9.139749599269035e-13	9.421077751949637e-18	6.926514394203416e-08
0.0854	1.2317923456613428e-13	6.6020370139861075e-09	9.263641400341356e-14	9.182708743400742e-13	9.465360003278866e-18	6.95903977671439e-08
0.08560000000000001	1.2404656106703823e-13	6.648514645334448e-09	9.307081175143405e-14	9.225768606450973e-13	9.509746081169615e-18	6.991641198025086e-08
0.0858	1.249179487646887e-13	6.69520982572576e-09	9.350622560270898e-14	9.26892918839202e-13	9.554235985619431e-18	7.024318657096599e-08
0.08600000000000001	1.257934071393481e-13	6.7421230624406074e-09	9.394265555708987e-14	9.31219048919619e-13	9.598829716625883e-18	7.057072152890033e-08
0.0862	1.2667294567123904e-13	6.789254862754805e-09	9.438010161442814e-14	9.355552508835773e-13	9.643527274186514e-18	7.089901684366496e-08
0.0864	1.2755657384054452e-13	6.836605733939485e-09	9.481856377457523e-14	9.399015247283077e-13	9.688328658298888e-18	7.122807250487113e-08
0.08660000000000001	1.2844430112740786e-13	6.884176183261042e-09	9.525804203738262e-14	9.442578704510402e-13	9.733233868960559e-18	7.155788850213017e-08
0.0868	1.2933613701193256e-13	6.931966717981181e-09	9.569853640270169e-14	9.486242880490035e-13	9.778242906169078e-18	7.18884648250534e-08
0.08700000000000001	1.3023209097418267e-13	6.979977845356887e-09	9.614004687038394e-14	9.53000777519429e-13	9.823355769922008e-18	7.221980146325238e-08
0.0872	1.3113217249418226e-13	7.028210072640422e-09	9.658257344028075e-14	9.573873388595454e-13	9.868572460216896e-18	7.255189840633867e-08
0.0874	1.3203639105191617e-13	7.076663907079351e-09	9.702611611224366e-14	9.61783972066584e-13	9.913892977051307e-18	7.288475564392397e-08
0.0876	1.32944756127329e-13	7.1253398559165194e-09	9.7470674886124e-14	9.66190677137773e-13	9.959317320422787e-18	7.321837316562005e-08
0.0878	1.3385727720032617e-13	7.174238426390069e-09	9.791624976177332e-14	9.706074540703443e-13	1.0004845490328902e-17	7.355275096103882e-08
0.08800000000000001	1.347739637507731e-13	7.223360125733416e-09	9.836284073904302e-14	9.750343028615263e-13	1.0050477486767202e-17	7.388788901979222e-08
0.0882	1.3569482525849554e-13	7.272705461175266e-09	9.881044781778447e-14	9.794712235085495e-13	1.0096213309735238e-17	7.42237873314923e-08
0.0884	1.3661987120327974e-13	7.322274939939632e-09	9.925907099784927e-14	9.83918216008644e-13	1.0142052959230575e-17	7.456044588575125e-08
0.0886	1.375491110648721e-13	7.372069069245791e-09	9.970871027908869e-14	9.883752803590394e-13	1.018799643525076e-17	7.48978646721813e-08
0.0888	1.3848255432297954e-13	7.4220883563083245e-09	1.0015936566135436e-13	9.928424165569657e-13	1.0234043737793355e-17	7.52360436803948e-08
0.08900000000000001	1.3942021045726912e-13	7.472333308337092e-09	1.0061103714449757e-13	9.973196245996533e-13	1.0280194866855914e-17	7.557498290000422e-08
0.0892	1.4036208894736815e-13	7.522804432537245e-09	1.0106372472836983e-13	1.0018069044843313e-12	1.0326449822435987e-17	7.591468232062205e-08
0.08940000000000001	1.4130819927286455e-13	7.57350223610923e-09	1.0151742841282256e-13	1.0063042562082301e-12	1.037280860453114e-17	7.625514193186095e-08
0.0896	1.4225855091330624e-13	7.624427226248767e-09	1.0197214819770721e-13	1.0108116797685795e-12	1.041927121313892e-17	7.659636172333361e-08
0.0898	1.432131533482017e-13	7.675579910146876e-09	1.0242788408287528e-13	1.0153291751626103e-12	1.0465837648256886e-17	7.693834168465292e-08
0.09000000000000001	1.4417201605701964e-13	7.726960794989867e-09	1.0288463606817817e-13	1.0198567423875511e-12	1.0512507909882594e-17	7.728108180543174e-08
0.0902	1.451351485191889e-13	7.778570387959321e-09	1.0334240415346726e-13	1.0243943814406326e-12	1.0559281998013599e-17	7.762458207528307e-08
0.09040000000000001	1.4610256021409912e-13	7.830409196232135e-09	1.038011883385941e-13	1.0289420923190846e-12	1.0606159912647453e-17	7.796884248382006e-08
0.0906	1.4707426062109974e-13	7.88247772698046e-09	1.0426098862341005e-13	1.033499875020137e-12	1.065314165378172e-17	7.831386302065585e-08
0.0908	1.4805025921950088e-13	7.934776487371776e-09	1.0472180500776661e-13	1.0380677295410196e-12	1.0700227221413948e-17	7.865964367540379e-08
0.091	1.4903056548857272e-13	7.987305984568812e-09	1.051836374915152e-13	1.0426456558789628e-12	1.0747416615541695e-17	7.900618443767722e-08
0.0912	1.50015188907546e-13	8.040066725729613e-09	1.056464860745073e-13	1.0472336540311963e-12	1.0794709836162515e-17	7.93534852970897e-08
0.09140000000000001	1.510041389556116e-13	8.0930592180075e-09	1.0611035075659435e-13	1.0518317239949499e-12	1.0842106883273971e-17	7.970154624325468e-08
0.0916	1.5199742511192072e-13	8.14628396855108e-09	1.065752315376277e-13	1.0564398657674535e-12	1.0889607756873608e-17	8.00503672657859e-08
0.0918	1.529950568555851e-13	8.199741484504264e-09	1.0704112841745891e-13	1.0610580793459375e-12	1.0937212456958992e-17	8.039994835429715e-08
0.092	1.5399704366567648e-13	8.253432273006231e-09	1.0750804139593933e-13	1.0656863647276313e-12	1.0984920983527667e-17	8.075028949840223e-08
0.0922	1.5500339502122722e-13	8.307356841191466e-09	1.079759704729205e-13	1.0703247219097652e-12	1.10327333365772e-17	8.110139068771513e-08
0.09240000000000001	1.5601412040122983e-13	8.361515696189733e-09	1.0844491564825382e-13	1.0749731508895691e-12	1.1080649516105141e-17	8.145325191184991e-08
0.0926	1.5702922928463706e-13	8.415909345126087e-09	1.0891487692179069e-13	1.0796316516642727e-12	1.1128669522109043e-17	8.180587316042067e-08
0.09280000000000001	1.580487311503623e-13	8.470538295120875e-09	1.0938585429338265e-13	1.0843002242311064e-12	1.1176793354586468e-17	8.215925442304168e-08
0.093	1.590726354772788e-13	8.525403053289716e-09	1.0985784776288102e-13	1.0889788685872995e-12	1.1225021013534966e-17	8.251339568932723e-08
0.0932	1.6010095174422065e-13	8.580504126743553e-09	1.1033085733013738e-13	1.0936675847300825e-12	1.1273352498952098e-17	8.286829694889182e-08
0.09340000000000001	1.6113368942998195e-13	8.635842022588583e-09	1.1080488299500307e-13	1.0983663726566852e-12	1.1321787810835416e-17	8.322395819134993e-08
0.0936	1.6217085801331697e-13	8.691417247926304e-09	1.1127992475732957e-13	1.1030752323643371e-12	1.1370326949182474e-17	8.358037940631612e-08
0.09380000000000001	1.632124669729407e-13	8.747230309853504e-09	1.1175598261696834e-13	1.1077941638502692e-12	1.1418969913990833e-17	8.39375605834052e-08
0.094	1.642585257875281e-13	8.80328171546226e-09	1.1223305657377081e-13	1.1125231671117102e-12	1.1467716705258039e-17	8.42955017122319e-08
0.0942	1.6530904393571475e-13	8.859571971839947e-09	1.1271114662758843e-13	1.1172622421458913e-12	1.1516567322981661e-17	8.465420278241115e-08
0.0944	1.6636403089609631e-13	8.916101586069204e-09	1.1319025277827264e-13	1.1220113889500415e-12	1.1565521767159243e-17	8.501366378355793e-08
0.0946	1.674234961472291e-13	8.972871065227983e-09	1.136703750256749e-13	1.126770607521391e-12	1.1614580037788345e-17	8.537388470528735e-08
0.09480000000000001	1.6848744916762915e-13	9.029880916389519e-09	1.1415151336964659e-13	1.13153989785717e-12	1.1663742134866528e-17	8.573486553721459e-08
0.095	1.6955589943577333e-13	9.087131646622322e-09	1.1463366781003922e-13	1.1363192599546079e-12	1.171300805839134e-17	8.609660626895484e-08
0.0952	1.7062885643009886e-13	9.14462376299021e-09	1.1511683834670424e-13	1.1411086938109355e-12	1.1762377808360339e-17	8.645910689012361e-08
0.0954	1.7170632962900273e-13	9.20235777255228e-09	1.1560102497949307e-13	1.1459081994233819e-12	1.1811851384771078e-17	8.682236739033625e-08
0.0956	1.7278832851084303e-13	9.260334182362925e-09	1.1608622770825713e-13	1.1507177767891776e-12	1.1861428787621117e-17	8.718638775920841e-08
0.09580000000000001	1.7387486255393754e-13	9.318553499471818e-09	1.1657244653284793e-13	1.1555374259055526e-12	1.1911110016908014e-17	8.755116798635569e-08
0.096	1.7496594123656462e-13	9.377016230923918e-09	1.1705968145311687e-13	1.1603671467697361e-12	1.1960895072629313e-17	8.791670806139385e-08
0.09620000000000001	1.7606157403696306e-13	9.435722883759488e-09	1.1754793246891536e-13	1.165206939378959e-12	1.2010783954782583e-17	8.828300797393873e-08
0.0964	1.771617704333315e-13	9.494673965014075e-09	1.1803719958009491e-13	1.1700568037304506e-12	1.206077666336537e-17	8.865006771360625e-08
0.0966	1.7826653990382968e-13	9.553869981718515e-09	1.1852748278650693e-13	1.1749167398214413e-12	1.2110873198375236e-17	8.901788727001247e-08
0.09680000000000001	1.7937589192657694e-13	9.61331144089892e-09	1.1901878208800296e-13	1.179786747649161e-12	1.2161073559809735e-17	8.938646663277353e-08
0.097	1.8048983597965325e-13	9.672998849576707e-09	1.1951109748443424e-13	1.1846668272108395e-12	1.2211377747666418e-17	8.975580579150559e-08
0.09720000000000001	1.816083815410991e-13	9.732932714768587e-09	1.2000442897565242e-13	1.189556978503707e-12	1.2261785761942848e-17	9.012590473582502e-08
0.0974	1.8273153808891475e-13	9.793113543486534e-09	1.2049877656150875e-13	1.1944572015249924e-12	1.2312297602636572e-17	9.04967634553482e-08
0.0976	1.8385931510106135e-13	9.85354184273784e-09	1.2099414024185484e-13	1.1993674962719274e-12	1.2362913269745155e-17	9.086838193969166e-08
0.0978	1.8499172205546e-13	9.914218119525071e-09	1.214905200165421e-13	1.2042878627417402e-12	1.2413632763266142e-17	9.124076017847198e-08
0.098	1.8612876842999238e-13	9.975142880846093e-09	1.2198791588542192e-13	1.2092183009316624e-12	1.2464456083197101e-17	9.161389816130587e-08
0.09820000000000001	1.8727046370250044e-13	1.0036316633694047e-08	1.224863278483459e-13	1.2141588108389233e-12	1.251538322953558e-17	9.198779587781011e-08
0.0984	1.8841681735078618e-13	1.0097739885057366e-08	1.2298575590516518e-13	1.219109392460752e-12	1.2566414202279131e-17	9.236245331760155e-08
0.09860000000000001	1.8956783885261222e-13	1.0159413141919782e-08	1.2348620005573149e-13	1.2240700457943796e-12	1.2617549001425319e-17	9.273787047029724e-08
0.0988	1.9072353768570143e-13	1.0221336911260316e-08	1.2398766029989612e-13	1.2290407708370355e-12	1.2668787626971693e-17	9.311404732551419e-08
0.099	1.9188392332773714e-13	1.0283511700053277e-08	1.2449013663751062e-13	1.23402156758595e-12	1.2720130078915813e-17	9.349098387286957e-08
0.09920000000000001	1.930490052563626e-13	1.0345938015268246e-08	1.2499362906842635e-13	1.2390124360383529e-12	1.2771576357255233e-17	9.386868010198067e-08
0.0994	1.9421879294918175e-13	1.0408616363870122e-08	1.254981375924948e-13	1.244013376191474e-12	1.2823126461987504e-17	9.424713600246479e-08
0.09960000000000001	1.9539329588375873e-13	1.0471547252819076e-08	1.2600366220956738e-13	1.2490243880425436e-12	1.287478039311019e-17	9.462635156393945e-08
0.0998	1.965725235376181e-13	1.053473118907057e-08	1.2651020291949547e-13	1.254045471588791e-12	1.2926538150620835e-17	9.500632677602215e-08
0.1	1.9775648538824465e-13	1.059816867957536e-08	1.2701775972213075e-13	1.259076626827447e-12	1.2978399734517008e-17	9.538706162833054e-08
0.10020000000000001	1.9894519091308337e-13	1.0661860231279496e-08	1.2752633261732447e-13	1.2641178537557417e-12	1.3030365144796256e-17	9.576855611048235e-08
