0	0.0	0.0	0.0	0.0	0.0	0.0
0.0002	6.16119805486927e+47	1.3054789439115188e+46	1.2538726059346813e+43	7.523235635608089e+43	1.2538726059346813e+43	7.523235635608089e+43
0.0004	4.672967754989766e+48	2.4124654562899286e+47	7.309694668824338e+44	4.3858168012946037e+45	7.309694668824338e+44	4.3858168012946037e+45
0.0006	1.4952168723087808e+49	1.2902277567947821e+48	7.584249982524614e+45	4.550549989514769e+46	7.584249982524614e+45	4.550549989514769e+46
0.0008	3.3601450592304324e+49	4.153405045490123e+48	3.8816011445131427e+46	2.328960686707886e+47	3.8816011445131427e+46	2.328960686707886e+47
0.001	6.221938200709231e+49	1.0123679622918002e+49	1.3487666957282776e+47	8.092600174369666e+47	1.3487666957282776e+47	8.092600174369666e+47
0.0012	1.0193118167163297e+50	2.0694813362094294e+49	3.668513809873903e+47	2.201108285924342e+48	3.668513809873903e+47	2.201108285924342e+48
0.0014	1.5345641759239212e+50	3.7467449275639924e+49	8.426296648325662e+47	5.055777988995398e+48	8.426296648325662e+47	5.055777988995398e+48
0.0016	2.171693462759825e+50	6.20656588828663e+49	1.7102290324684085e+48	1.0261374194810453e+49	1.7102290324684085e+48	1.0261374194810453e+49
0.0018	2.931525788517064e+50	9.606621781606027e+49	3.1581682104021765e+48	1.8949009262413064e+49	3.1581682104021765e+48	1.8949009262413064e+49
0.002	3.812447029981406e+50	1.4094102565092468e+50	5.413099990214457e+48	3.2478599941286744e+49	5.413099990214457e+48	3.2478599941286744e+49
0.0022	4.8108243604468975e+50	1.980121554646467e+50	8.73510256511169e+48	5.241061539067013e+49	8.73510256511169e+48	5.241061539067013e+49
0.0024	5.921378353491181e+50	2.684185335990804e+50	1.3411125369948948e+49	8.046675221969368e+49	1.3411125369948948e+49	8.046675221969368e+49
0.0026	7.137510467022853e+50	3.530930164606731e+50	1.974711740831343e+49	1.184827044498806e+50	1.974711740831343e+49	1.184827044498806e+50
0.0028	8.451590297862204e+50	4.527485458431444e+50	2.8059353269350317e+49	1.6835611961610194e+50	2.8059353269350317e+49	1.6835611961610194e+50
0.003	9.855206613372034e+50	5.678720680438099e+50	3.86654301041863e+49	2.319925806251178e+50	3.86654301041863e+49	2.319925806251178e+50
0.0032	1.1339385813874488e+51	6.987249591136171e+50	5.187534947288287e+49	3.112520968372973e+50	5.187534947288287e+49	3.112520968372973e+50
0.0034	1.2894781155415648e+51	8.453487864029685e+50	6.798302984448957e+49	4.078981790669374e+50	6.798302984448957e+49	4.078981790669374e+50
0.0036	1.4511835764686089e+51	1.0075753406407259e+51	8.725852487614754e+49	5.235511492568852e+50	8.725852487614754e+49	5.235511492568852e+50
0.0038	1.6180922204546662e+51	1.1850399836681862e+51	1.0994115376943468e+50	6.596469226166083e+50	1.0994115376943468e+50	6.596469226166083e+50
0.004	1.789246109776672e+51	1.3771974684857774e+51	1.3623368590628704e+50	8.174021154377223e+50	1.3623368590628704e+50	8.174021154377223e+50
0.0042	1.963702108651674e+51	1.5833394964895772e+51	1.6629766439794605e+50	9.977859863876765e+50	1.6629766439794605e+50	9.977859863876765e+50
0.0044	2.1405402194257702e+51	1.8026133791934697e+51	2.0024990310256584e+50	1.2014994186153953e+51	2.0024990310256584e+50	1.2014994186153953e+51
0.0046	2.3188704463442387e+51	2.0340412668836906e+51	2.3816014943358264e+50	1.4289608966014958e+51	2.3816014943358264e+50	1.4289608966014958e+51
0.0048	2.4978383565507186e+51	2.276539493769356e+51	2.8004987080772932e+50	1.680299224846376e+51	2.8004987080772932e+50	1.680299224846376e+51
0.005	2.676629491770815e+51	2.5289376679911674e+51	3.258920954832089e+50	1.9553525728992535e+51	3.258920954832089e+50	1.9553525728992535e+51
0.0052	2.8544727693256827e+51	2.7899972053754603e+51	3.756122182329473e+50	2.2536733093976843e+51	3.756122182329473e+50	2.2536733093976843e+51
0.0054	3.030642997584562e+51	3.058429068337709e+51	4.290896670865883e+50	2.57453800251953e+51	4.290896670865883e+50	2.57453800251953e+51
0.0056	3.2044626186005144e+51	3.332910526256595e+51	4.861603185030941e+50	2.9169619110185655e+51	4.861603185030941e+50	2.9169619110185655e+51
0.0058	3.3753027793870273e+51	3.6121008014529886e+51	5.466195440365952e+50	3.279717264219571e+51	5.466195440365952e+50	3.279717264219571e+51
0.006	3.542583822998113e+51	3.894655506161485e+51	6.102257710840773e+50	3.6613546265044646e+51	6.102257710840773e+50	3.6613546265044646e+51
0.0062	3.705775281191016e+51	4.17923981113892e+51	6.767044429485501e+50	4.060226657691301e+51	6.767044429485501e+50	4.060226657691301e+51
0.0064	3.864395441904578e+51	4.4645403163775244e+51	7.457522685647378e+50	4.4745136113884276e+51	7.457522685647378e+50	4.4745136113884276e+51
0.0066	4.0180105570094844e+51	4.7492756193290324e+51	8.170416592289573e+50	4.902249955373744e+51	8.170416592289573e+50	4.902249955373744e+51
0.0068	4.166233748715862e+51	5.0322055966248036e+51	8.902252580308308e+50	5.3413515481849854e+51	8.902252580308308e+50	5.3413515481849854e+51
0.007	4.308723666600858e+51	5.312139431991463e+51	9.649404769498127e+50	5.789642861698876e+51	9.649404769498127e+50	5.789642861698876e+51
0.0072	4.445182941389996e+51	5.587942436373712e+51	1.0408139663680847e+51	6.244883798208508e+51	1.0408139663680847e+51	6.244883798208508e+51
0.0074	4.5753564763420054e+51	5.8585417166123334e+51	1.117465951739483e+51	6.704795710436898e+51	1.117465951739483e+51	6.704795710436898e+51
0.0076	4.69902961230133e+51	6.122930756777808e+51	1.1945143820759232e+51	7.16708629245554e+51	1.1945143820759232e+51	7.16708629245554e+51
0.0078	4.816026198153886e+51	6.380172981783915e+51	1.2715788445549591e+51	7.629473067329757e+51	1.2715788445549591e+51	7.629473067329757e+51
0.008	4.926206594510789e+51	6.629404376523567e+51	1.3482842087485731e+51	8.089705252491439e+51	1.3482842087485731e+51	8.089705252491439e+51
0.0082	5.0294656349159116e+51	6.869835235770164e+51	1.4242639725993117e+51	8.545583835595872e+51	1.4242639725993117e+51	8.545583835595872e+51
0.0084	5.125730565693579e+51	7.100751120730854e+51	1.4991632902369618e+51	8.994979741421771e+51	1.4991632902369618e+51	8.994979741421771e+51
0.0086	5.2149589826917365e+51	7.32151309765336e+51	1.572641668979544e+51	9.435850013877265e+51	1.572641668979544e+51	9.435850013877265e+51
0.0088	5.297136780606078e+51	7.53155733247872e+51	1.6443753293647513e+51	9.866251976188508e+51	1.6443753293647513e+51	9.866251976188508e+51
0.009	5.372276128265823e+51	7.73039411337809e+51	1.714059227802516e+51	1.0284355366815099e+52	1.714059227802516e+51	1.0284355366815099e+52
0.0092	5.440413481198867e+51	7.917606370268357e+51	1.781408746433498e+51	1.068845247860099e+52	1.781408746433498e+51	1.068845247860099e+52
0.0094	5.501607640950943e+51	8.092847757206271e+51	1.8461610590441403e+51	1.1076966354264843e+52	1.8461610590441403e+51	1.1076966354264843e+52
0.0096	5.5559378689904384e+51	8.255840360030584e+51	1.908076185458806e+51	1.1448457112752838e+52	1.908076185458806e+51	1.1448457112752838e+52
0.0098	5.603502061569452e+51	8.406372087859131e+51	1.9669377497444286e+51	1.1801626498466573e+52	1.9669377497444286e+51	1.1801626498466573e+52
0.01	5.644414990615514e+51	8.544293803137501e+51	2.0225534598695283e+51	1.2135320759217172e+52	2.0225534598695283e+51	1.2135320759217172e+52
0.0102	5.6788066145819974e+51	8.669516240952791e+51	2.0747553282073167e+51	1.2448531969243902e+52	2.0747553282073167e+51	1.2448531969243902e+52
0.0104	5.7068204621745116e+51	8.78200676432994e+51	2.123399653514725e+51	1.2740397921088348e+52	2.123399653514725e+51	1.2740397921088348e+52
0.0106	5.728612090982362e+51	8.881785998270113e+51	2.1683667858076608e+51	1.3010200714845965e+52	2.1683667858076608e+51	1.3010200714845965e+52
0.0108	5.7443476222670197e+51	8.968924381413359e+51	2.209560695940782e+51	1.3257364175644693e+52	2.209560695940782e+51	1.3257364175644693e+52
0.011	5.7542023524823346e+51	9.043538670442824e+51	2.246908371737564e+51	1.3481450230425387e+52	2.246908371737564e+51	1.3481450230425387e+52
0.0112	5.758359441514325e+51	9.10578842872342e+51	2.280359062253302e+51	1.3682154373519815e+52	2.280359062253302e+51	1.3682154373519815e+52
0.0114	5.7570086771225656e+51	9.155872527202842e+51	2.3098833912348625e+51	1.3859300347409176e+52	2.3098833912348625e+51	1.3859300347409176e+52
0.0116	5.75034531463235e+51	9.194025682313435e+51	2.3354723601107516e+51	1.401283416066451e+52	2.3354723601107516e+51	1.401283416066451e+52
0.0118	5.738568990559418e+51	9.220515052508578e+51	2.35713625994239e+51	1.4142817559654344e+52	2.35713625994239e+51	1.4142817559654344e+52
0.012	5.7218827085401115e+51	9.235636912155007e+51	2.3749035107292626e+51	1.424942106437558e+52	2.3749035107292626e+51	1.424942106437558e+52
0.0122	5.700491895683319e+51	9.239713418785146e+51	2.3888194453198208e+51	1.4332916671918927e+52	2.3888194453198208e+51	1.4332916671918927e+52
0.0124	5.674603527250661e+51	9.233089487191295e+51	2.398945053966016e+51	1.4393670323796095e+52	2.398945053966016e+51	1.4393670323796095e+52
0.0126	5.6444253174029374e+51	9.216129781516192e+51	2.4053557042985237e+51	1.4432134225791144e+52	2.4053557042985237e+51	1.4432134225791144e+52
0.0128	5.610164973619211e+51	9.189215834355603e+51	2.4081398502151695e+51	1.4448839101291018e+52	2.4081398502151695e+51	1.4448839101291018e+52
0.013	5.572029512295824e+51	9.152743299936457e+51	2.4073977418863248e+51	1.4444386451317954e+52	2.4073977418863248e+51	1.4444386451317954e+52
0.0132	5.53022463296221e+51	9.107119346658751e+51	2.4032401478057348e+51	1.441944088683441e+52	2.4032401478057348e+51	1.441944088683441e+52
0.0134	5.484954148505074e+51	9.052760192686229e+51	2.3957870985671774e+51	1.4374722591403064e+52	2.3957870985671774e+51	1.4374722591403064e+52
0.0136	5.436419468769366e+51	8.99008878683037e+51	2.385166660838811e+51	1.4310999965032866e+52	2.385166660838811e+51	1.4310999965032866e+52
0.0138	5.384819134900352e+51	8.919532635686452e+51	2.3715137488476064e+51	1.422908249308564e+52	2.3715137488476064e+51	1.422908249308564e+52
0.014	5.330348401803669e+51	8.841521776840131e+51	2.3549689795832837e+51	1.4129813877499703e+52	2.3549689795832837e+51	1.4129813877499703e+52
0.0142	5.27319886612709e+51	8.756486896959482e+51	2.335677576890754e+51	1.4014065461344524e+52	2.335677576890754e+51	1.4014065461344524e+52
0.0144	5.213558137206733e+51	8.664857592712095e+51	2.3137883286461354e+51	1.3882729971876815e+52	2.3137883286461354e+51	1.3882729971876815e+52
0.0146	5.151609548469841e+51	8.567060771689028e+51	2.2894526003066893e+51	1.373671560184014e+52	2.2894526003066893e+51	1.373671560184014e+52
0.0148	5.0875319068442966e+51	8.463519189870511e+51	2.2628234072909533e+51	1.3576940443745725e+52	2.2628234072909533e+51	1.3576940443745725e+52
0.015	5.021499277790173e+51	8.354650121622174e+51	2.2340545478824528e+51	1.3404327287294715e+52	2.2340545478824528e+51	1.3404327287294715e+52
0.0152	4.9536808036397365e+51	8.240864157756947e+51	2.2032997976577098e+51	1.321979878594626e+52	2.2032997976577098e+51	1.321979878594626e+52
0.0154	4.884240553007896e+51	8.122564126829394e+51	2.1707121658159974e+51	1.3024272994895985e+52	2.1707121658159974e+51	1.3024272994895985e+52
0.0156	4.813337399114375e+51	8.000144134537978e+51	2.136443213231924e+51	1.2818659279391548e+52	2.136443213231924e+51	1.2818659279391548e+52
0.0158	4.7411249249408187e+51	7.873988715888603e+51	2.100642431560406e+51	1.260385458936244e+52	2.100642431560406e+51	1.260385458936244e+52
0.016	4.667751353229748e+51	7.744472094614025e+51	2.0634566822936167e+51	1.2380740093761701e+52	2.0634566822936167e+51	1.2380740093761701e+52
0.0162	4.593359499417107e+51	7.611957544241308e+51	2.0250296942982313e+51	1.2150178165789388e+52	2.0250296942982313e+51	1.2150178165789388e+52
0.0164	4.518086745675554e+51	7.476796845146583e+51	1.985501618044869e+51	1.1913009708269215e+52	1.985501618044869e+51	1.1913009708269215e+52
0.0166	4.4420650343308e+51	7.339329831928166e+51	1.945008634476813e+51	1.1670051806860879e+52	1.945008634476813e+51	1.1670051806860879e+52
0.0168	4.365420878998077e+51	7.19988402546032e+51	1.9036826162479024e+51	1.1422095697487415e+52	1.9036826162479024e+51	1.1422095697487415e+52
0.017	4.288275391869525e+51	7.05877434405426e+51	1.861650838886482e+51	1.1169905033318893e+52	1.861650838886482e+51	1.1169905033318893e+52
0.0172	4.2107443256657126e+51	6.916302888247796e+51	1.819035739309534e+51	1.0914214435857206e+52	1.819035739309534e+51	1.0914214435857206e+52
0.0174	4.132938128845341e+51	6.77275879386411e+51	1.775954719015001e+51	1.065572831409001e+52	1.775954719015001e+51	1.065572831409001e+52
0.0176	4.054962012746135e+51	6.628418148121463e+51	1.7325199892174997e+51	1.0395119935304999e+52	1.7325199892174997e+51	1.0395119935304999e+52
0.0178	3.976916029406826e+51	6.483543963734044e+51	1.6888384551594806e+51	1.0133030730956886e+52	1.6888384551594806e+51	1.0133030730956886e+52
0.018	3.8988951588947574e+51	6.338386206117591e+51	1.645011636823127e+51	9.870069820938763e+51	1.645011636823127e+51	9.870069820938763e+51
0.0182	3.820989405036018e+51	6.193181868998295e+51	1.6011356232849682e+51	9.606813739709809e+51	1.6011356232849682e+51	9.606813739709809e+51
0.0184	3.7432838985147403e+51	6.048155093917551e+51	1.557301057992224e+51	9.343806347953345e+51	1.557301057992224e+51	9.343806347953345e+51
0.0186	3.665859006375558e+51	5.90351732932552e+51	1.5135931522944324e+51	9.081558913766595e+51	1.5135931522944324e+51	9.081558913766595e+51
0.0188	3.588790447027853e+51	5.759467525161966e+51	1.4700917246337525e+51	8.820550347802516e+51	1.4700917246337525e+51	8.820550347802516e+51
0.019	3.512149409912502e+51	5.616192359030107e+51	1.4268712628794221e+51	8.561227577276532e+51	1.4268712628794221e+51	8.561227577276532e+51
0.0192	3.436002679051247e+51	5.473866490278417e+51	1.384001007384732e+51	8.304006044308392e+51	1.384001007384732e+51	8.304006044308392e+51
0.0194	3.3604127597555555e+51	5.3326528385130926e+51	1.3415450524459173e+51	8.049270314675505e+51	1.3415450524459173e+51	8.049270314675505e+51
0.0196	3.285438007826023e+51	5.1927028832707595e+51	1.2995624639500401e+51	7.797374783700242e+51	1.2995624639500401e+51	7.797374783700242e+51
0.0198	3.211132760624917e+51	5.054156981784076e+51	1.2581074111114068e+51	7.548644466668441e+51	1.2581074111114068e+51	7.548644466668441e+51
0.02	3.1375474694534656e+51	4.91714470197279e+51	1.2172293103120766e+51	7.303375861872461e+51	1.2172293103120766e+51	7.303375861872461e+51
0.0202	3.064728832711983e+51	4.7817851679877174e+51	1.1769729791797627e+51	7.061837875078577e+51	1.1769729791797627e+51	7.061837875078577e+51
0.0204	2.992719929364979e+51	4.648187415824689e+51	1.1373787991553132e+51	6.82427279493188e+51	1.1373787991553132e+51	6.82427279493188e+51
0.0206	2.921560352275089e+51	4.516450756709135e+51	1.0984828849203462e+51	6.59089730952208e+51	1.0984828849203462e+51	6.59089730952208e+51
0.0208	2.8512863410089263e+51	4.3866651461293917e+51	1.0603172591729671e+51	6.361903555037803e+51	1.0603172591729671e+51	6.361903555037803e+51
0.021	2.7819309137551272e+51	4.258911556567303e+51	1.0229100313549969e+51	6.137460188129982e+51	1.0229100313549969e+51	6.137460188129982e+51
0.0212	2.7135239980296887e+51	4.133262352138284e+51	9.862855790468125e+50	5.917713474280875e+51	9.862855790468125e+50	5.917713474280875e+51
0.0214	2.6460925598765698e+51	4.009781663509297e+51	9.504647308555485e+50	5.7027883851332915e+51	9.504647308555485e+50	5.7027883851332915e+51
0.0216	2.5796607313022385e+51	3.888525761612376e+51	9.154649497283235e+50	5.4927896983699414e+51	9.154649497283235e+50	5.4927896983699414e+51
0.0218	2.5142499357117328e+51	3.769543428812854e+51	8.813005157240361e+50	5.2878030943442175e+51	8.813005157240361e+50	5.2878030943442175e+51
0.022	2.4498790111407222e+51	3.6528763263258004e+51	8.479827073748227e+50	5.087896244248936e+51	8.479827073748227e+50	5.087896244248936e+51
0.0222	2.3865643311032644e+51	3.538559356801073e+51	8.15519980861172e+50	4.893119885167032e+51	8.15519980861172e+50	4.893119885167032e+51
0.0224	2.3243199228983754e+51	3.426621021117061e+51	7.83918146312935e+50	4.7035088778776106e+51	7.83918146312935e+50	4.7035088778776106e+51
0.0226	2.2631575832404005e+51	3.317083768535674e+51	7.531805406318061e+50	4.5190832437908366e+51	7.531805406318061e+50	4.5190832437908366e+51
0.0228	2.2030869910984005e+51	3.209964339476688e+51	7.233081963093272e+50	4.339849177855964e+51	7.233081963093272e+50	4.339849177855964e+51
0.023	2.1441158176486012e+51	3.1052741002682104e+51	6.9430000578797356e+50	4.165800034727841e+51	6.9430000578797356e+50	4.165800034727841e+51
0.0232	2.0862498332613045e+51	3.003019369322038e+51	6.661528809815944e+50	3.996917285889567e+51	6.661528809815944e+50	3.996917285889567e+51
0.0234	2.0294930114597293e+51	2.90320173426842e+51	6.388619076352818e+50	3.833171445811692e+51	6.388619076352818e+50	3.833171445811692e+51
0.0236	1.973847629803004e+51	2.8058183596640254e+51	6.124204942639705e+50	3.674522965583823e+51	6.124204942639705e+50	3.674522965583823e+51
0.0238	1.9193143676591605e+51	2.7108622849604436e+51	5.868205154635379e+50	3.520923092781228e+51	5.868205154635379e+50	3.520923092781228e+51
0.024	1.8658924008463974e+51	2.6183227124883887e+51	5.620524494383184e+50	3.372314696629911e+51	5.620524494383184e+50	3.372314696629911e+51
0.0242	1.8135794931322842e+51	2.528185285274846e+51	5.3810550963476276e+50	3.2286330578085764e+51	5.3810550963476276e+50	3.2286330578085764e+51
0.0244	1.7623720845909445e+51	2.4404323545677164e+51	5.149677704126217e+50	3.08980662247573e+51	5.149677704126217e+50	3.08980662247573e+51
0.0246	1.71226537682773e+51	2.3550432369944126e+51	4.926262867228192e+50	2.955757720336916e+51	4.926262867228192e+50	2.955757720336916e+51
0.0248	1.6632534150893896e+51	2.271994461328458e+51	4.7106720779514815e+50	2.8264032467708894e+51	4.7106720779514815e+50	2.8264032467708894e+51
0.025	1.6153291672855042e+51	2.1912600048808717e+51	4.502758848693672e+50	2.7016553092162038e+51	4.502758848693672e+50	2.7016553092162038e+51
0.0252	1.5684845999538434e+51	2.112811519572115e+51	4.302369730303647e+50	2.5814218381821884e+51	4.302369730303647e+50	2.5814218381821884e+51
0.0254	1.522710751208533e+51	2.0366185477748853e+51	4.109345272319677e+50	2.4656071633918067e+51	4.109345272319677e+50	2.4656071633918067e+51
0.0256	1.4779978007154259e+51	1.9626487280493766e+51	3.923520926149137e+50	2.3541125556894818e+51	3.923520926149137e+50	2.3541125556894818e+51
0.0258	1.4343351367439442e+51	1.8908679909198704e+51	3.744727892427089e+50	2.246836735456254e+51	3.744727892427089e+50	2.246836735456254e+51
0.026	1.3917114203489454e+51	1.8212407448661776e+51	3.5727939139468806e+50	2.1436763483681286e+51	3.5727939139468806e+50	2.1436763483681286e+51
0.0262	1.350114646739912e+51	1.7537300527243286e+51	3.407544015687861e+50	2.0445264094127174e+51	3.407544015687861e+50	2.0445264094127174e+51
0.0264	1.309532203897964e+51	1.688297798709626e+51	3.24880119357577e+50	1.9492807161454624e+51	3.24880119357577e+50	1.9492807161454624e+51
0.0266	1.269950928503949e+51	1.6249048462906818e+51	3.0963870537004853e+50	1.8578322322202915e+51	3.0963870537004853e+50	1.8578322322202915e+51
0.0268	1.231357159243162e+51	1.5635111871566393e+51	2.9501224037873396e+50	1.770073442272404e+51	2.9501224037873396e+50	1.770073442272404e+51
0.027	1.1937367875541528e+51	1.504076081530602e+51	2.8098277987717424e+50	1.6858966792630456e+51	2.8098277987717424e+50	1.6858966792630456e+51
0.0272	1.1570753058905885e+51	1.4465581900914712e+51	2.675324042365608e+50	1.6051944254193648e+51	2.675324042365608e+50	1.6051944254193648e+51
0.0274	1.1213578535663331e+51	1.39091569777336e+51	2.5464326465284108e+50	1.5278595879170468e+51	2.5464326465284108e+50	1.5278595879170468e+51
0.0276	1.0865692602547426e+51	1.3371064297171647e+51	2.4229762507674686e+50	1.4537857504604811e+51	2.4229762507674686e+50	1.4537857504604811e+51
0.0278	1.0526940872137725e+51	1.2850879596524778e+51	2.304779003192545e+50	1.382867401915527e+51	2.304779003192545e+50	1.382867401915527e+51
0.028	1.0197166663087846e+51	1.2348177109904651e+51	2.191666905240196e+50	1.3150001431441179e+51	2.191666905240196e+50	1.3150001431441179e+51
0.0282	9.876211369050055e+50	1.1862530509090994e+51	2.083468121964722e+50	1.2500808731788334e+51	2.083468121964722e+50	1.2500808731788334e+51
0.0284	9.563914807014388e+50	1.1393513777120953e+51	1.9800132597661784e+50	1.188007955859707e+51	1.9800132597661784e+50	1.188007955859707e+51
0.0286	9.260115545776844e+50	1.0940702017413534e+51	1.881135613392546e+50	1.1286813680355277e+51	1.881135613392546e+50	1.1286813680355277e+51
0.0288	8.964651215245784e+50	1.050367220120689e+51	1.786671384013897e+50	1.0720028304083382e+51	1.786671384013897e+50	1.0720028304083382e+51
0.029	8.677358797288809e+50	1.0082003856052583e+51	1.6964598701223188e+50	1.0178759220733913e+51	1.6964598701223188e+50	1.0178759220733913e+51
0.0292	8.398074898813967e+50	9.675279698074022e+50	1.6103436329626033e+50	9.662061797775621e+50	1.6103436329626033e+50	9.662061797775621e+50
0.0294	8.12663600776961e+50	9.28308621064901e+50	1.5281686381467476e+50	9.169011828880486e+50	1.5281686381467476e+50	9.169011828880486e+50
0.0296	7.86287873273632e+50	8.905014172126557e+50	1.4497843750504393e+50	8.698706250302637e+50	1.4497843750504393e+50	8.698706250302637e+50
0.0298	7.606640026772648e+50	8.540659135130058e+50	1.3750439555323734e+50	8.25026373319424e+50	1.3750439555323734e+50	8.25026373319424e+50
0.03	7.357757396163635e+50	8.189621859939972e+50	1.303804193458621e+50	7.822825160751726e+50	1.303804193458621e+50	7.822825160751726e+50
0.0302	7.116069094707943e+50	7.851508704383095e+50	1.2359256664540054e+50	7.415553998724033e+50	1.2359256664540054e+50	7.415553998724033e+50
0.0304	6.881414304165087e+50	7.525931972589584e+50	1.1712727612417566e+50	7.027636567450541e+50	1.1712727612417566e+50	7.027636567450541e+50
0.0306	6.653633301469873e+50	7.2125102249080145e+50	1.1097137038715997e+50	6.6582822232296e+50	1.1097137038715997e+50	6.6582822232296e+50
0.0308	6.432567613306119e+50	6.910868551197908e+50	1.0511205760753182e+50	6.306723456451908e+50	1.0511205760753182e+50	6.306723456451908e+50
0.031	6.218060158616266e+50	6.620638809645285e+50	9.953693189280744e+49	5.972215913568447e+50	9.953693189280744e+49	5.972215913568447e+50
0.0312	6.009955379607857e+50	6.341459833173147e+50	9.42339724933708e+49	5.6540383496022474e+50	9.42339724933708e+49	5.6540383496022474e+50
0.0314	5.808099361802027e+50	6.0729776054437115e+50	8.919154195929361e+49	5.3514925175576176e+50	8.919154195929361e+49	5.3514925175576176e+50
0.0316	5.612339943653042e+50	5.814845408374409e+50	8.439838334552873e+49	5.063903000731724e+50	8.439838334552873e+49	5.063903000731724e+50
0.0318	5.422526816251914e+50	5.566723943014262e+50	7.984361655987148e+49	4.79061699359229e+50	7.984361655987148e+49	4.79061699359229e+50
0.032	5.238511613610827e+50	5.328281425553261e+50	7.55167339425381e+49	4.531004036552286e+50	7.55167339425381e+49	4.531004036552286e+50
0.0322	5.060147994009221e+50	5.099193660162499e+50	7.140759516082466e+49	4.28445570964948e+50	7.140759516082466e+49	4.28445570964948e+50
0.0324	4.887291712866106e+50	4.879144090290501e+50	6.750642149708858e+49	4.050385289825316e+50	6.750642149708858e+49	4.050385289825316e+50
0.0326	4.7198006875873765e+50	4.6678238299680766e+50	6.380378960324561e+49	3.828227376194736e+50	6.380378960324561e+49	3.828227376194736e+50
0.0328	4.557535054821032e+50	4.464931676604016e+50	6.029062479011751e+49	3.6174374874070506e+50	6.029062479011751e+49	3.6174374874070506e+50
0.033	4.400357220537626e+50	4.270174106683436e+50	5.695819391528006e+49	3.4174916349168044e+50	5.695819391528006e+49	3.4174916349168044e+50
0.0332	4.248131903337806e+50	4.0832652557132135e+50	5.379809792858158e+49	3.227885875714896e+50	5.379809792858158e+49	3.227885875714896e+50
0.0334	4.100726171373694e+50	3.903926883691846e+50	5.08022641301995e+49	3.04813584781197e+50	5.08022641301995e+49	3.04813584781197e+50
0.0336	3.958009473255786e+50	3.731888327316831e+50	4.796293819200522e+49	2.8777762915203127e+50	4.796293819200522e+49	2.8777762915203127e+50
0.0338	3.81985366330259e+50	3.566886440079079e+50	4.5272675989093224e+49	2.7163605593455936e+50	4.5272675989093224e+49	2.7163605593455936e+50
0.034	3.6861330214756735e+50	3.4086655213331843e+50	4.2724335284611316e+49	2.5634601170766795e+50	4.2724335284611316e+49	2.5634601170766795e+50
0.0342	3.556724268328855e+50	3.256977235372764e+50	4.0311067307497177e+49	2.418664038449831e+50	4.0311067307497177e+49	2.418664038449831e+50
0.0344	3.431506575286446e+50	3.111580521482968e+50	3.8026308259379345e+49	2.2815784955627606e+50	3.8026308259379345e+49	2.2815784955627606e+50
0.0346	3.3103615705521233e+50	2.9722414958866213e+50	3.586377078373632e+49	2.1518262470241797e+50	3.586377078373632e+49	2.1518262470241797e+50
0.0348	3.193173340936862e+50	2.8387333464473185e+50	3.3817435427420997e+49	2.02904612564526e+50	3.3817435427420997e+49	2.02904612564526e+50
0.035	3.0798284298817075e+50	2.7108362209410972e+50	3.188154212184054e+49	1.9128925273104323e+50	3.188154212184054e+49	1.9128925273104323e+50
0.0352	2.9702158319386743e+50	2.5883371096590487e+50	3.0050581708437707e+49	1.8030349025062626e+50	3.0050581708437707e+49	1.8030349025062626e+50
0.0354	2.864226983961182e+50	2.4710297230555526e+50	2.8319287530634477e+49	1.6991572518380684e+50	2.8319287530634477e+49	1.6991572518380684e+50
0.0356	2.7617557532436324e+50	2.358714365111485e+50	2.6682627112069244e+49	1.6009576267241547e+50	2.6682627112069244e+49	1.6009576267241547e+50
0.0358	2.662698422838492e+50	2.2511978030378386e+50	2.51357939387847e+49	1.508147636327082e+50	2.51357939387847e+49	1.508147636327082e+50
0.036	2.5669536742682592e+50	2.148293133903792e+50	2.367419936099178e+49	1.4204519616595068e+50	2.367419936099178e+49	1.4204519616595068e+50
0.0362	2.4744225678391112e+50	2.0498196487330932e+50	2.229346462813943e+49	1.3376078776883657e+50	2.229346462813943e+49	1.3376078776883657e+50
0.0364	2.3850085207527287e+50	1.9556026945748904e+50	2.0989413069266447e+49	1.259364784155987e+50	2.0989413069266447e+49	1.259364784155987e+50
0.0366	2.2986172832029746e+50	1.8654735350185725e+50	1.9758062428972087e+49	1.1854837457383253e+50	1.9758062428972087e+49	1.1854837457383253e+50
0.0368	2.2151569126344362e+50	1.7792692095880787e+50	1.859561736783812e+49	1.1157370420702876e+50	1.859561736783812e+49	1.1157370420702876e+50
0.037	2.1345377463307507e+50	1.6968323924179477e+50	1.749846213473431e+49	1.0499077280840587e+50	1.749846213473431e+49	1.0499077280840587e+50
0.0372	2.0566723724916517e+50	1.618011250582576e+50	1.6463153417153616e+49	9.87789205029217e+49	1.6463153417153616e+49	9.87789205029217e+49
0.0374	1.981475599949191e+50	1.5426593024203791e+50	1.5486413374540996e+49	9.291848024724598e+49	1.5486413374540996e+49	9.291848024724598e+49
0.0376	1.9088644266653488e+50	1.4706352761667817e+50	1.456512285849448e+49	8.739073715096689e+49	1.456512285849448e+49	8.739073715096689e+49
0.0378	1.8387580071453379e+50	1.4018029691833237e+50	1.3696314822722755e+49	8.217788893633653e+49	1.3696314822722755e+49	8.217788893633653e+49
0.038	1.771077618893349e+50	1.3360311080452916e+50	1.2877167924739423e+49	7.726300754843654e+49	1.2877167924739423e+49	7.726300754843654e+49
0.0382	1.7057466280301426e+50	1.273193209726616e+50	1.210500032045083e+49	7.263000192270499e+49	1.210500032045083e+49	7.263000192270499e+49
0.0384	1.6426904541849972e+50	1.21316744409856e+50	1.137726365204441e+49	6.826358191226647e+49	1.137726365204441e+49	6.826358191226647e+49
0.0386	1.581836534767744e+50	1.155836497937712e+50	1.0691537228914892e+49	6.414922337348936e+49	1.0691537228914892e+49	6.414922337348936e+49
0.0388	1.5231142887202663e+50	1.1010874406192045e+50	1.0045522400754001e+49	6.0273134404524e+49	1.0045522400754001e+49	6.0273134404524e+49
0.039	1.4664550798406821e+50	1.0488115916524397e+50	9.43703712138822e+48	5.662222272832933e+49	9.43703712138822e+48	5.662222272832933e+49
0.0392	1.411792179767586e+50	9.989043901994028e+49	8.864010701463627e+48	5.318406420878177e+49	8.864010701463627e+48	5.318406420878177e+49
0.0394	1.359060730706097e+50	9.51265266699219e+49	8.324478747645295e+48	4.994687248587178e+49	8.324478747645295e+48	4.994687248587178e+49
0.0396	1.3081977079721492e+50	9.057975167075878e+49	7.81657828562139e+48	4.689946971372835e+49	7.81657828562139e+48	4.689946971372835e+49
0.0398	1.2591418824262982e+50	8.624081770453654e+49	7.338543063868149e+48	4.4031258383208906e+49	7.338543063868149e+48	4.4031258383208906e+49
0.04	1.2118337828635259e+50	8.210079043374435e+49	6.88869903484463e+48	4.1332194209067774e+49	6.88869903484463e+48	4.1332194209067774e+49
0.0402	1.1662156584208213e+50	7.815108560106444e+49	6.46546001003762e+48	3.879276006022573e+49	6.46546001003762e+48	3.879276006022573e+49
0.0404	1.122231441059944e+50	7.438345738079881e+49	6.067323485066442e+48	3.6403940910398644e+49	6.067323485066442e+48	3.6403940910398644e+49
0.0406	1.0798267081785554e+50	7.078998698659186e+49	5.692866630880553e+48	3.4157199785283326e+49	5.692866630880553e+48	3.4157199785283326e+49
0.0408	1.0389486453989237e+50	6.736307153913633e+49	5.340742446938336e+48	3.204445468163002e+49	5.340742446938336e+48	3.204445468163002e+49
0.041	9.99546009579606e+49	6.409541319662393e+49	5.0096760721382307e+48	3.0058056432829383e+49	5.0096760721382307e+48	3.0058056432829383e+49
0.0412	9.615690920919285e+49	6.098000854987235e+49	4.698461249184044e+48	2.8190767495104263e+49	4.698461249184044e+48	2.8190767495104263e+49
0.0414	9.249696823996344e+49	5.801013828327647e+49	4.405956938000169e+48	2.6435741628001015e+49	4.405956938000169e+48	2.6435741628001015e+49
0.0416	8.897010319768853e+49	5.517935710202629e+49	4.1310840737673094e+48	2.4786504442603867e+49	4.1310840737673094e+48	2.4786504442603867e+49
0.0418	8.557178185966974e+49	5.248148392537615e+49	3.872822465125977e+48	2.3236934790755863e+49	3.872822465125977e+48	2.3236934790755863e+49
0.042	8.229761110190046e+49	4.991059234515686e+49	3.630207828086736e+48	2.178124696852042e+49	3.630207828086736e+48	2.178124696852042e+49
0.0422	7.91433334104808e+49	4.746100134817577e+49	3.402328951196594e+48	2.0413973707179565e+49	3.402328951196594e+48	2.0413973707179565e+49
0.0424	7.610482343802781e+49	4.51272663006581e+49	3.1883249875336606e+48	1.9129949925201964e+49	3.1883249875336606e+48	1.9129949925201964e+49
0.0426	7.317808460722229e+49	4.2904170192431733e+49	2.987382869138455e+48	1.7924297214830733e+49	2.987382869138455e+48	1.7924297214830733e+49
0.0428	7.035924576340505e+49	4.078671513815773e+49	2.7987348395382772e+48	1.6792409037229662e+49	2.7987348395382772e+48	1.6792409037229662e+49
0.043	6.764455787791582e+49	3.877011413254264e+49	2.6216561000780314e+48	1.572993660046819e+49	2.6216561000780314e+48	1.572993660046819e+49
0.0432	6.503039080366695e+49	3.6849783056147666e+49	2.455462565837569e+48	1.4732775395025418e+49	2.455462565837569e+48	1.4732775395025418e+49
0.0434	6.251323008424895e+49	3.502133292811725e+49	2.299508726989512e+48	1.3797052361937074e+49	2.299508726989512e+48	1.3797052361937074e+49
0.0436	6.008967381768667e+49	3.32805624019007e+49	2.1531856115317914e+48	1.2919113669190748e+49	2.1531856115317914e+48	1.2919113669190748e+49
0.0438	5.775642957579497e+49	3.1623450499811215e+49	2.0159188454153308e+48	1.2095513072491986e+49	2.0159188454153308e+48	1.2095513072491986e+49
0.044	5.551031137992414e+49	3.0046149582077833e+49	1.887166806178315e+48	1.1323000837069891e+49	1.887166806178315e+48	1.1323000837069891e+49
0.0442	5.334823673373713e+49	2.854497854587475e+49	1.7664188662926937e+48	1.0598513197756163e+49	1.7664188662926937e+48	1.0598513197756163e+49
0.0444	5.12672237135227e+49	2.7116416249674677e+49	1.6531937225267712e+48	9.919162335160629e+48	1.6531937225267712e+48	9.919162335160629e+48
0.0446	4.926438811641709e+49	2.5757095158151676e+49	1.5470378077279976e+48	9.282226846367984e+48	1.5470378077279976e+48	9.282226846367984e+48
0.0448	4.733694066678915e+49	2.4463795202764624e+49	1.4475237815319595e+48	8.685142689191758e+48	1.4475237815319595e+48	8.685142689191758e+48
0.045	4.5482184280929025e+49	2.3233437853074777e+49	1.3542490966074486e+48	8.125494579644692e+48	1.3542490966074486e+48	8.125494579644692e+48
0.0452	4.3697511390077383e+49	2.2063080393794368e+49	1.2668346371513442e+48	7.601007822908065e+48	1.2668346371513442e+48	7.601007822908065e+48
0.0454	4.198040132173523e+49	2.0949910402520437e+49	1.1849234264519133e+48	7.109540558711481e+48	1.1849234264519133e+48	7.109540558711481e+48
0.0456	4.032841773910449e+49	1.9891240423085612e+49	1.1081794004435292e+48	6.649076402661176e+48	1.1081794004435292e+48	6.649076402661176e+48
0.0458	3.8739206138427027e+49	1.888450282944329e+49	1.036286244279914e+48	6.217717465679485e+48	1.036286244279914e+48	6.217717465679485e+48
0.046	3.7210491403913243e+49	1.7927244875010782e+49	9.689462890564219e+47	5.8136777343385306e+48	9.689462890564219e+47	5.8136777343385306e+48
0.0462	3.5740075419880647e+49	1.70171239224051e+49	9.058794659140494e+47	5.4352767954842973e+48	9.058794659140494e+47	5.4352767954842973e+48
0.0464	3.432583473965962e+49	1.6151902848533264e+49	8.468223148589422e+47	5.080933889153654e+48	8.468223148589422e+47	5.080933889153654e+48
0.0466	3.2965718310763064e+49	1.5329445620032197e+49	7.915270457306535e+47	4.749162274383921e+48	7.915270457306535e+47	4.749162274383921e+48
0.0468	3.165774525576361e+49	1.4547713034099933e+49	7.397606488500645e+47	4.438563893100388e+48	7.397606488500645e+47	4.438563893100388e+48
0.047	3.0400002708273235e+49	1.3804758619808275e+49	6.913040529738623e+47	4.147824317843174e+48	6.913040529738623e+47	4.147824317843174e+48
0.0472	2.9190643703375036e+49	1.309872469504955e+49	6.4595132827632695e+47	3.8757079696579624e+48	6.4595132827632695e+47	3.8757079696579624e+48
0.0474	2.802788512181772e+49	1.242783857433359e+49	6.035089321707887e+47	3.6210535930247326e+48	6.035089321707887e+47	3.6210535930247326e+48
0.0476	2.69100056872472e+49	1.1790408922722077e+49	5.637949958727626e+47	3.3827699752365753e+48	5.637949958727626e+47	3.3827699752365753e+48
0.0478	2.583534401571685e+49	1.1184822251266359e+49	5.266386496938465e+47	3.1598318981630796e+48	5.266386496938465e+47	3.1598318981630796e+48
0.048	2.480229671669124e+49	1.0609539549391119e+49	4.918793851402376e+47	2.9512763108414264e+48	4.918793851402376e+47	2.9512763108414264e+48
0.0482	2.3809316544731385e+49	1.0063093049754492e+49	4.593664519721857e+47	2.7561987118331145e+48	4.593664519721857e+47	2.7561987118331145e+48
0.0484	2.2854910601028816e+49	9.544083121200909e+48	4.289582884605107e+47	2.573749730763065e+48	4.289582884605107e+47	2.573749730763065e+48
0.0486	2.193763858393654e+49	9.051175285513444e+48	4.005219831538005e+47	2.403131898922803e+48	4.005219831538005e+47	2.403131898922803e+48
0.0488	2.105611108762906e+49	8.583097353765597e+48	3.739327665448462e+47	2.2435965992690777e+48	3.739327665448462e+47	2.2435965992690777e+48
0.049	2.0208987948010133e+49	8.138636678166009e+48	3.490735310972739e+47	2.0944411865836437e+48	3.490735310972739e+47	2.0944411865836437e+48
0.0492	1.9394976634976355e+49	7.716637515386565e+48	3.25834378163396e+47	1.9550062689803757e+48	3.25834378163396e+47	1.9550062689803757e+48
0.0494	1.8612830690135175e+49	7.315998497460512e+48	3.0411219039172576e+47	1.8246731423503542e+48	3.0411219039172576e+47	1.8246731423503542e+48
0.0496	1.786134820907076e+49	6.935670206434635e+48	2.8381022828777012e+47	1.7028613697266208e+48	2.8381022828777012e+47	1.7028613697266208e+48
0.0498	1.7139370367245298e+49	6.574652849058981e+48	2.648377496543541e+47	1.589026497926125e+48	2.648377496543541e+47	1.589026497926125e+48
0.05	1.6445779988621502e+49	6.23199402789388e+48	2.471096506980434e+47	1.4826579041882607e+48	2.471096506980434e+47	1.4826579041882607e+48
0.0502	1.5779500156090824e+49	5.906786605314505e+48	2.3054612764624684e+47	1.3832767658774815e+48	2.3054612764624684e+47	1.3832767658774815e+48
0.0504	1.513949286279253e+49	5.5981666569884774e+48	2.1507235777529234e+47	1.2904341466517544e+48	2.1507235777529234e+47	1.2904341466517544e+48
0.0506	1.4524757703410944e+49	5.305311511501693e+48	2.006181988032324e+47	1.2037091928193946e+48	2.006181988032324e+47	1.2037091928193946e+48
0.0508	1.393433060454175e+49	5.0274378729020826e+48	1.8711790565246557e+47	1.1227074339147936e+48	1.8711790565246557e+47	1.1227074339147936e+48
0.051	1.3367282593222474e+49	4.7638000230280765e+48	1.7450986363644816e+47	1.047059181818689e+48	1.7450986363644816e+47	1.047059181818689e+48
0.0512	1.2822718602728929e+49	4.5136881005821697e+48	1.627363371718437e+47	9.764180230310624e+47	1.627363371718437e+47	9.764180230310624e+47
0.0514	1.229977631474554e+49	4.276426454003516e+48	1.517432331626304e+47	9.104593989757825e+47	1.517432331626304e+47	9.104593989757825e+47
0.0516	1.179762503702576e+49	4.051372065285894e+48	1.4147987824577472e+47	8.488792694746485e+47	1.4147987824577472e+47	8.488792694746485e+47
0.0518	1.1315464615667435e+49	3.8379130419773196e+48	1.3189880912938284e+47	7.91392854776297e+47	1.3189880912938284e+47	7.91392854776297e+47
0.052	1.085252438113751e+49	3.6354671746871205e+48	1.2295557529366068e+47	7.377334517619641e+47	1.2295557529366068e+47	7.377334517619641e+47
0.0522	1.04080621271907e+49	3.4434805575133654e+48	1.1460855336265497e+47	6.876513201759299e+47	1.1460855336265497e+47	6.876513201759299e+47
0.0524	9.98136312183777e+48	3.2614262688894254e+48	1.0681877249071669e+47	6.409126349443002e+47	1.0681877249071669e+47	6.409126349443002e+47
0.0526	9.571739149530262e+48	3.088803110432783e+48	9.954975014189864e+46	5.9729850085139186e+47	9.954975014189864e+46	5.9729850085139186e+47
0.0528	9.178527583740986e+48	2.925134401460519e+48	9.276733767319947e+46	5.566040260391968e+47	9.276733767319947e+46	5.566040260391968e+47
0.053	8.801090489131576e+48	2.7699668269174447e+48	8.643957516374349e+46	5.186374509824609e+47	8.643957516374349e+46	5.186374509824609e+47
0.0532	8.438813752511519e+48	2.6228693365402932e+48	8.053655496164308e+46	4.832193297698586e+47	8.053655496164308e+46	4.832193297698586e+47
0.0534	8.09110624180629e+48	2.4834320931590148e+48	7.503029344857184e+46	4.501817606914312e+47	7.503029344857184e+46	4.501817606914312e+47
0.0536	7.757398992265594e+48	2.351265468109986e+48	6.98946105489686e+46	4.193676632938116e+47	6.98946105489686e+46	4.193676632938116e+47
0.0538	7.437144419156599e+48	2.2259990818095002e+48	6.510501653637019e+46	3.906300992182212e+47	6.510501653637019e+46	3.906300992182212e+47
0.054	7.129815556201038e+48	2.1072808876064972e+48	6.063860571370685e+46	3.6383163428224115e+47	6.063860571370685e+46	3.6383163428224115e+47
0.0542	6.83490531902901e+48	1.994776297102414e+48	5.647395656751472e+46	3.388437394050883e+47	5.647395656751472e+46	3.388437394050883e+47
0.0544	6.551925792936905e+48	1.8881673451932506e+48	5.259103801797746e+46	3.1554622810786477e+47	5.259103801797746e+46	3.1554622810786477e+47
0.0546	6.280407544251029e+48	1.787151893153914e+48	4.897112140758467e+46	2.93826728445508e+47	4.897112140758467e+46	2.93826728445508e+47
0.0548	6.01989895461299e+48	1.691442868148395e+48	4.559669789097978e+46	2.735801873458787e+47	4.559669789097978e+46	2.735801873458787e+47
0.055	5.769965577517545e+48	1.600767537610511e+48	4.245140090737646e+46	2.5470840544425877e+47	4.245140090737646e+46	2.5470840544425877e+47
0.0552	5.5301895164478993e+48	1.5148668169994758e+48	3.9519933434738617e+46	2.371196006084317e+47	3.9519933434738617e+46	2.371196006084317e+47
0.0554	5.300168823968148e+48	1.433494609492485e+48	3.678799974181949e+46	2.2072799845091696e+47	3.678799974181949e+46	2.2072799845091696e+47
0.0556	5.0795169211468857e+48	1.3564171762319857e+48	3.4242241370182304e+46	2.0545344822109384e+47	3.4242241370182304e+46	2.0545344822109384e+47
0.0558	4.867862036700346e+48	1.2834125357999e+48	3.187017709349757e+46	1.912210625609854e+47	3.187017709349757e+46	1.912210625609854e+47
0.056	4.6648466652579863e+48	1.2142698916428723e+48	2.96601466157951e+46	1.7796087969477063e+47	2.96601466157951e+46	1.7796087969477063e+47
0.0562	4.470127044167375e+48	1.1487890862237654e+48	2.760125778396414e+46	1.6560754670378483e+47	2.760125778396414e+46	1.6560754670378483e+47
0.0564	4.283372648269514e+48	1.0867800807231654e+48	2.568333710268017e+46	1.5410002261608102e+47	2.568333710268017e+46	1.5410002261608102e+47
0.0566	4.104265702089663e+48	1.028062459162231e+48	2.389688335213444e+46	1.4338130011280666e+47	2.389688335213444e+46	1.4338130011280666e+47
0.0568	3.9325007089025364e+48	9.724649558637511e+47	2.2233024120482027e+46	1.3339814472289217e+47	2.2233024120482027e+46	1.3339814472289217e+47
0.057	3.767783996144459e+48	9.198250052123804e+47	2.0683475073829222e+46	1.2410085044297534e+47	2.0683475073829222e+46	1.2410085044297534e+47
0.0572	3.6098332766585846e+48	8.699883127176702e+47	1.9240501796901118e+46	1.154430107814067e+47	1.9240501796901118e+46	1.154430107814067e+47
0.0574	3.458377225272503e+48	8.228084464244686e+47	1.7896884047278347e+46	1.0738130428367009e+47	1.7896884047278347e+46	1.0738130428367009e+47
0.0576	3.313155070220916e+48	7.781464477548281e+47	1.6645882275301141e+46	9.987529365180686e+46	1.6645882275301141e+46	9.987529365180686e+46
0.0578	3.173916198938795e+48	7.358704609038327e+47	1.5481206270444609e+46	9.288723762266766e+46	1.5481206270444609e+46	9.288723762266766e+46
0.058	3.040419777763331e+48	6.958553799483051e+47	1.4396985803181855e+46	8.638191481909115e+46	1.4396985803181855e+46	8.638191481909115e+46
0.0582	2.9124343850954703e+48	6.579825128630023e+47	1.3387743139112177e+46	8.032645883467308e+46	1.3387743139112177e+46	8.032645883467308e+46
0.0584	2.789737657584162e+48	6.22139261672705e+47	1.2448367309451577e+46	7.469020385670948e+46	1.2448367309451577e+46	7.469020385670948e+46
0.0586	2.6721159489085758e+48	5.882188180016765e+47	1.157409002889187e+46	6.944454017335125e+46	1.157409002889187e+46	6.944454017335125e+46
0.0588	2.5593640007454465e+48	5.561198733132994e+47	1.0760463158352313e+46	6.456277895011388e+46	1.0760463158352313e+46	6.456277895011388e+46
0.059	2.4512846255202866e+48	5.257463431632189e+47	1.0003337616292627e+46	6.002002569775575e+46	1.0003337616292627e+46	6.002002569775575e+46
0.0592	2.3476884005528067e+48	4.9700710481839066e+47	9.298843648052456e+45	5.579306188831473e+46	9.298843648052456e+45	5.579306188831473e+46
0.0594	2.2483933732179248e+48	4.6981574762251785e+47	8.643372368144708e+45	5.186023420886826e+46	8.643372368144708e+45	5.186023420886826e+46
0.0596	2.153224776754839e+48	4.440903355153497e+47	8.033558495577199e+45	4.82013509734632e+46	8.033558495577199e+45	4.82013509734632e+46
0.0598	2.062014756367335e+48	4.197531811391408e+47	7.466264207128291e+45	4.4797585242769754e+46	7.466264207128291e+45	4.4797585242769754e+46
0.06	1.974602105269042e+48	3.9673063099048924e+47	6.938564038070937e+45	4.163138422842563e+46	6.938564038070937e+45	4.163138422842563e+46
0.0602	1.8908320103376166e+48	3.7495286109960425e+47	6.447730764140802e+45	3.868638458484481e+46	6.447730764140802e+45	3.868638458484481e+46
0.0604	1.8105558070519174e+48	3.5435368274198064e+47	5.991222202596949e+45	3.5947333215581694e+46	5.991222202596949e+45	3.5947333215581694e+46
0.0606	1.7336307433959828e+48	3.348703577094799e+47	5.5666688740359144e+45	3.3400013244215487e+46	5.5666688740359144e+45	3.3400013244215487e+46
0.0608	1.659919752423375e+48	3.164434226888034e+47	5.1718624702083124e+45	3.103117482124988e+46	5.1718624702083124e+45	3.103117482124988e+46
0.061	1.5892912331846006e+48	2.990165223157042e+47	4.804745076465309e+45	2.882847045879185e+46	4.804745076465309e+45	2.882847045879185e+46
0.0612	1.5216188397296382e+48	2.8253625049254884e+47	4.463399100637388e+45	2.6780394603824334e+46	4.463399100637388e+45	2.6780394603824334e+46
0.0614	1.4567812779064855e+48	2.669519995755387e+47	4.146037863136323e+45	2.487622717881794e+46	4.146037863136323e+45	2.487622717881794e+46
0.0616	1.3946621096851962e+48	2.5221581705561757e+47	3.850996805880698e+45	2.310598083528419e+46	3.850996805880698e+45	2.310598083528419e+46
0.0618	1.33514956474559e+48	2.3828226937422644e+47	3.57672528028583e+45	2.1460351681714982e+46	3.57672528028583e+45	2.1460351681714982e+46
0.062	1.2781363590748043e+48	2.2510831253139414e+47	3.321778877042451e+45	1.9930673262254711e+46	3.321778877042451e+45	1.9930673262254711e+46
0.0622	1.2235195203291663e+48	2.126531691592918e+47	3.0848122627409405e+45	1.850887357644564e+46	3.0848122627409405e+45	1.850887357644564e+46
0.0624	1.1712002197224385e+48	2.0087821174939763e+47	2.864572490590451e+45	1.7187434943542702e+46	2.864572490590451e+45	1.7187434943542702e+46
0.0626	1.1210836102103523e+48	1.897468517357324e+47	2.6598927545415345e+45	1.595935652724921e+46	2.6598927545415345e+45	1.595935652724921e+46
0.0628	1.0730786707485538e+48	1.7922443415040178e+47	2.4696865580549465e+45	1.481811934832968e+46	2.4696865580549465e+45	1.481811934832968e+46
0.063	1.0270980564084519e+48	1.692781375807723e+47	2.2929422705759356e+45	1.3757653623455616e+46	2.2929422705759356e+45	1.3757653623455616e+46
0.0632	9.830579541423957e+47	1.5987687917021433e+47	2.12871804647845e+45	1.2772308278870705e+46	2.12871804647845e+45	1.2772308278870705e+46
0.0634	9.408779439964573e+47	1.5099122441634706e+47	1.9761370828447702e+45	1.185682249706862e+46	1.9761370828447702e+45	1.185682249706862e+46
0.0636	9.004808655757183e+47	1.4259330153222081e+47	1.8343831939484242e+45	1.1006299163690547e+46	1.8343831939484242e+45	1.1006299163690547e+46
0.0638	8.617926895734229e+47	1.3465672014686318e+47	1.7026966817184133e+45	1.021618009031048e+46	1.7026966817184133e+45	1.021618009031048e+46
0.064	8.247423941815577e+47	1.2715649413211883e+47	1.5803704827854046e+45	9.48222289671243e+45	1.5803704827854046e+45	9.48222289671243e+45
0.0642	7.892618462065963e+47	1.2006896835275267e+47	1.466746573951684e+45	8.800479443710106e+45	1.466746573951684e+45	8.800479443710106e+45
0.0644	7.552856867199504e+47	1.133717491463783e+47	1.361212619090577e+45	8.167275714543464e+45	1.361212619090577e+45	8.167275714543464e+45
0.0646	7.227512210784528e+47	1.0704363834894025e+47	1.2631988415724346e+45	7.57919304943461e+45	1.2631988415724346e+45	7.57919304943461e+45
0.0648	6.915983131557421e+47	1.0106457069022844e+47	1.1721751073377435e+45	7.033050644026461e+45	1.1721751073377435e+45	7.033050644026461e+45
0.065	6.617692836308135e+47	9.541555439226913e+46	1.0876482046972415e+45	6.525889228183451e+45	1.0876482046972415e+45	6.525889228183451e+45
0.0652	6.3320881218522455e+47	9.007861481140481e+46	1.0091593078383131e+45	6.05495584702988e+45	1.0091593078383131e+45	6.05495584702988e+45
0.0654	6.058638434655319e+47	8.503674097251965e+46	9.362816118594914e+44	5.6176896711569485e+45	9.362816118594914e+44	5.6176896711569485e+45
0.0656	5.7968349667244105e+47	8.027383485111234e+46	8.686181279446658e+44	5.211708767667995e+45	8.686181279446658e+44	5.211708767667995e+45
0.0658	5.546189786429246e+47	7.577466326588136e+46	8.05799628028406e+44	4.834797768170437e+45	8.05799628028406e+44	4.834797768170437e+45
0.066	5.306235002961862e+47	7.152481225110245e+46	7.474827289968364e+44	4.4848963739810194e+45	7.474827289968364e+44	4.4848963739810194e+45
0.0662	5.076521963188304e+47	6.751064378439254e+46	6.9334810711754455e+44	4.160088642705267e+45	6.9334810711754455e+44	4.160088642705267e+45
0.0664	4.8566204796890675e+47	6.371925475149827e+46	6.430988339998234e+44	3.85859300399894e+45	6.430988339998234e+44	3.85859300399894e+45
0.0666	4.646118088827528e+47	6.013843803547475e+46	5.964588259557487e+44	3.578752955734493e+45	5.964588259557487e+44	3.578752955734493e+45
0.0668	4.444619337725713e+47	5.675664562312002e+46	5.531713991653435e+44	3.3190283949920614e+45	5.531713991653435e+44	3.3190283949920614e+45
0.067	4.251745099066512e+47	5.356295362675037e+46	5.129979235478295e+44	3.077987541286977e+45	5.129979235478295e+44	3.077987541286977e+45
0.0672	4.067131912679439e+47	5.054702912438149e+46	4.7571656870774856e+44	2.8542994122464918e+45	4.7571656870774856e+44	2.8542994122464918e+45
0.0674	3.8904313529039545e+47	4.769909872614157e+46	4.411211357615704e+44	2.646726814569423e+45	4.411211357615704e+44	2.646726814569423e+45
0.0676	3.721309420760088e+47	4.5009918779254744e+46	4.090199692590749e+44	2.4541198155544497e+45	4.090199692590749e+44	2.4541198155544497e+45
0.0678	3.5594459599906635e+47	4.2470747128258216e+46	3.792349437962035e+44	2.2754096627772213e+45	3.792349437962035e+44	2.2754096627772213e+45
0.068	3.404534096072784e+47	4.0073316351221477e+46	3.516005202736895e+44	2.1096031216421373e+45	3.516005202736895e+44	2.1096031216421373e+45
0.0682	3.25627969732865e+47	3.7809808396649133e+46	3.2596286709033873e+44	1.9557772025420326e+45	3.2596286709033873e+44	1.9557772025420326e+45
0.0684	3.114400857296957e+47	3.567283054948671e+46	3.0217904187266027e+44	1.8130742512359618e+45	3.0217904187266027e+44	1.8130742512359618e+45
0.0686	2.978627397556425e+47	3.365539265818671e+46	2.8011622963504048e+44	1.6806973778102428e+45	2.8011622963504048e+44	1.6806973778102428e+45
0.0688	2.8487003902220574e+47	3.175088555819047e+46	2.596510335381486e+44	1.5579062012288917e+45	2.596510335381486e+44	1.5579062012288917e+45
0.069	2.7243716993632484e+47	2.9953060630388106e+46	2.406688146689037e+44	1.4440128880134225e+45	2.406688146689037e+44	1.4440128880134225e+45
0.0692	2.6054035406198607e+47	2.825601043619106e+46	2.230630775042972e+44	1.338378465025783e+45	2.230630775042972e+44	1.338378465025783e+45
0.0694	2.4915680583189218e+47	2.665415037377268e+46	2.0673489794467254e+44	1.2404093876680353e+45	2.0673489794467254e+44	1.2404093876680353e+45
0.0696	2.382646919420029e+47	2.5142201302800464e+46	1.9159239101074147e+44	1.149554346064449e+45	1.9159239101074147e+44	1.149554346064449e+45
0.0698	2.2784309236421468e+47	2.37151730876385e+46	1.7755021549361306e+44	1.0653012929616783e+45	1.7755021549361306e+44	1.0653012929616783e+45
0.07	2.1787196291482673e+47	2.2368349011504629e+46	1.6452911302927158e+44	9.871746781756297e+44	1.6452911302927158e+44	9.871746781756297e+44
0.0702	2.0833209931873416e+47	2.1097271016463593e+46	1.5245547923907438e+44	9.147328754344463e+44	1.5245547923907438e+44	9.147328754344463e+44
0.0704	1.9920510271150658e+47	1.9897725726416922e+46	1.4126096473680193e+44	8.475657884208118e+44	1.4126096473680193e+44	8.475657884208118e+44
0.0706	1.90473346523649e+47	1.876573121240802e+46	1.3088210395118477e+44	7.852926237071088e+44	1.3088210395118477e+44	7.852926237071088e+44
0.0708	1.8211994469340825e+47	1.7697524461630338e+46	1.212599698514713e+44	7.275598191088278e+44	1.212599698514713e+44	7.275598191088278e+44
0.071	1.7412872115648433e+47	1.6689549513475573e+46	1.1233985279297646e+44	6.740391167578589e+44	1.1233985279297646e+44	6.740391167578589e+44
0.0712	1.6648418056291983e+47	1.5738446227828927e+46	1.0407096182037333e+44	6.244257709222401e+44	1.0407096182037333e+44	6.244257709222401e+44
0.0714	1.5917148017331502e+47	1.4841039652585333e+46	9.640614687928586e+43	5.784368812757152e+44	9.640614687928586e+43	5.784368812757152e+44
0.0716	1.521764028882895e+47	1.3994329959043182e+46	8.930164049198119e+43	5.358098429518871e+44	8.930164049198119e+43	5.358098429518871e+44
0.0718	1.4548533136685086e+47	1.3195482915436924e+46	8.271681755121993e+43	4.963009053073197e+44	8.271681755121993e+43	4.963009053073197e+44
0.072	1.390852231909922e+47	1.244182087038475e+46	7.661397197798114e+43	4.5968383186788694e+44	7.661397197798114e+43	4.5968383186788694e+44
0.0722	1.3296358703545164e+47	1.1730814219478132e+46	7.09581090743419e+43	4.257486544460515e+44	7.09581090743419e+43	4.257486544460515e+44
0.0724	1.271084598031145e+47	1.1060073329611392e+46	6.57167524825803e+43	3.943005148954818e+44	6.57167524825803e+43	3.943005148954818e+44
0.0726	1.2150838468803604e+47	1.0427340896953258e+46	6.085976473602266e+43	3.65158588416136e+44	6.085976473602266e+43	3.65158588416136e+44
0.0728	1.1615239012950264e+47	9.830484715706309e+45	5.635918045662029e+43	3.3815508273972173e+44	5.635918045662029e+43	3.3815508273972173e+44
0.073	1.1102996962193985e+47	9.267490835973367e+45	5.218905131898387e+43	3.1313430791390324e+44	5.218905131898387e+43	3.1313430791390324e+44
0.0732	1.0613106234681537e+47	8.736457090172653e+45	4.832530196103656e+43	2.8995181176621943e+44	4.832530196103656e+43	2.8995181176621943e+44
0.0734	1.0144603459397652e+47	8.235586968504615e+45	4.474559607775387e+43	2.684735764665233e+44	4.474559607775387e+43	2.684735764665233e+44
0.0736	9.696566194110176e+46	7.763183824981731e+45	4.1429211986991605e+43	2.4857527192194963e+44	4.1429211986991605e+43	2.4857527192194963e+44
0.0738	9.268111216115448e+46	7.317645396493662e+45	3.8356927005356117e+43	2.3014156203213674e+44	3.8356927005356117e+43	2.3014156203213674e+44
0.074	8.858392882887207e+46	6.897458618286903e+45	3.5510910017730726e+43	2.130654601063844e+44	3.5510910017730726e+43	2.130654601063844e+44
0.0742	8.46660155984427e+46	6.501194720104951e+45	3.2874621666608497e+43	1.97247729999651e+44	3.2874621666608497e+43	1.97247729999651e+44
0.0744	8.091962112559309e+46	6.127504588053307e+45	3.0432721627039597e+43	1.825963297622376e+44	3.0432721627039597e+43	1.825963297622376e+44
0.0746	7.733732460834282e+46	5.775114378033066e+45	2.8170982469967405e+43	1.6902589481980445e+44	2.8170982469967405e+43	1.6902589481980445e+44
0.0748	7.391202192167647e+46	5.4428213673260804e+45	2.607620965115119e+43	1.5645725790690715e+44	2.607620965115119e+43	1.5645725790690715e+44
0.075	7.063691232234239e+46	5.1294900316149926e+45	2.4136167194981314e+43	1.4481700316988786e+44	2.4136167194981314e+43	1.4481700316988786e+44
0.0752	6.75054857009098e+46	4.834048335388518e+45	2.2339508672370945e+43	1.340370520342257e+44	2.2339508672370945e+43	1.340370520342257e+44
0.0754	6.451151035910438e+46	4.555484224312776e+45	2.0675713099773999e+43	1.2405427859864401e+44	2.0675713099773999e+43	1.2405427859864401e+44
0.0756	6.164902129129747e+46	4.292842308749232e+45	1.9135025412321853e+43	1.1481015247393115e+44	1.9135025412321853e+43	1.1481015247393115e+44
0.0758	5.891230894984905e+46	4.0452207281686655e+45	1.770840118822758e+43	1.062504071293655e+44	1.770840118822758e+43	1.062504071293655e+44
0.076	5.629590847479287e+46	3.811768186749081e+45	1.6387455324127283e+43	9.832473194476371e+43	1.6387455324127283e+43	9.832473194476371e+43
0.0762	5.379458936912255e+46	3.591681150958228e+45	1.516441438197542e+43	9.098648629185251e+43	1.516441438197542e+43	9.098648629185251e+43
0.0764	5.140334560166408e+46	3.384201200405817e+45	1.4032072347634727e+43	8.419243408580836e+43	1.4032072347634727e+43	8.419243408580836e+43
0.0766	4.911738612023196e+46	3.1886125237113145e+45	1.2983749559474559e+43	7.790249735684736e+43	1.2983749559474559e+43	7.790249735684736e+43
0.0768	4.693212575844399e+46	3.004239551569256e+45	1.2013254582203315e+43	7.207952749321991e+43	1.2013254582203315e+43	7.207952749321991e+43
0.077	4.4843176520224605e+46	2.8304447196085906e+45	1.1114848816920068e+43	6.66890929015204e+43	1.1114848816920068e+43	6.66890929015204e+43
0.0772	4.2846339226656843e+46	2.6666263540342202e+45	1.0283213653025194e+43	6.169928191815117e+43	1.0283213653025194e+43	6.169928191815117e+43
0.0774	4.0937595510447156e+46	2.5122166734116967e+45	9.513419981280056e+42	5.708051988768035e+43	9.513419981280056e+42	5.708051988768035e+43
0.0776	3.911310014385183e+46	2.3666799003085044e+45	8.800899900004604e+42	5.280539940002764e+43	8.800899900004604e+42	5.280539940002764e+43
0.0778	3.7369173686472557e+46	2.2295104768396827e+45	8.141420458222985e+42	4.884852274933792e+43	8.141420458222985e+42	4.884852274933792e+43
0.078	3.570229543986862e+46	2.100231378482993e+45	7.531059290565941e+42	4.518635574339565e+43	7.531059290565941e+42	4.518635574339565e+43
0.0782	3.410909669645202e+46	1.9783925208286775e+45	6.966182008971937e+42	4.179709205383163e+43	6.966182008971937e+42	4.179709205383163e+43
0.0784	3.258635427062797e+46	1.863569254214157e+45	6.443421225752419e+42	3.8660527354514513e+43	6.443421225752419e+42	3.8660527354514513e+43
0.0786	3.113098430062672e+46	1.7553609414635965e+45	5.959657091442793e+42	3.5757942548656764e+43	5.959657091442793e+42	3.5757942548656764e+43
0.0788	2.97400363099295e+46	1.653389614207984e+45	5.511999239104693e+42	3.3071995434628157e+43	5.511999239104693e+42	3.3071995434628157e+43
0.079	2.8410687517637106e+46	1.557298703503962e+45	5.097770034405911e+42	3.058662020643547e+43	5.097770034405911e+42	3.058662020643547e+43
0.0792	2.714023738755458e+46	1.4667518406988235e+45	4.714489037937225e+42	2.8286934227623357e+43	4.714489037937225e+42	2.8286934227623357e+43
0.0794	2.5926102406175625e+46	1.3814317247069297e+45	4.3598585928545916e+42	2.6159151557127547e+43	4.3598585928545916e+42	2.6159151557127547e+43
0.0796	2.476581108014364e+46	1.301039052068745e+45	4.0317504571001933e+42	2.4190502742601164e+43	4.0317504571001933e+42	2.4190502742601164e+43
0.0798	2.3656999144144946e+46	1.2252915063587601e+45	3.7281934051922105e+42	2.236916043115327e+43	3.7281934051922105e+42	2.236916043115327e+43
0.08	2.2597404970553326e+46	1.1539228036937796e+45	3.447361729901275e+42	2.068417037940765e+43	3.447361729901275e+42	2.068417037940765e+43
0.0802	2.1584865172494657e+46	1.0866817912677028e+45	3.187564579091334e+42	1.9125387474548e+43	3.187564579091334e+42	1.9125387474548e+43
0.0804	2.0617310392336118e+46	1.0233315960052566e+45	2.947236067609045e+42	1.7683416405654276e+43	2.947236067609045e+42	1.7683416405654276e+43
0.0806	1.9692761267927713e+46	9.636488205838236e+44	2.7249261083900145e+42	1.6349556650340084e+43	2.7249261083900145e+42	1.6349556650340084e+43
0.0808	1.8809324569232627e+46	9.074227842213791e+44	2.5192919109329766e+42	1.5115751465597862e+43	2.5192919109329766e+42	1.5115751465597862e+43
0.081	1.7965189498283121e+46	8.544548057694851e+44	2.3290900989928426e+42	1.3974540593957057e+43	2.3290900989928426e+42	1.3974540593957057e+43
0.0812	1.7158624145682633e+46	8.04557526783318e+44	2.153169402784696e+42	1.2919016416708178e+43	2.153169402784696e+42	1.2919016416708178e+43
0.0814	1.6387972097151158e+46	7.575542723673199e+44	1.9904638841866825e+42	1.1942783305120096e+43	1.9904638841866825e+42	1.1942783305120096e+43
0.0816	1.5651649183874608e+46	7.1327844771425164e+44	1.8399866564009706e+42	1.1039919938405824e+43	1.8399866564009706e+42	1.1039919938405824e+43
0.0818	1.494814037067273e+46	6.715729683687022e+44	1.7008240622918957e+42	1.0204944373751376e+43	1.7008240622918957e+42	1.0204944373751376e+43
0.082	1.4275996776243693e+46	6.322897223532546e+44	1.572130278185714e+42	9.432781669114283e+42	1.572130278185714e+42	9.432781669114283e+42
0.0822	1.3633832819977704e+46	5.95289062396643e+44	1.4531223122987807e+42	8.718733873792684e+42	1.4531223122987807e+42	8.718733873792684e+42
0.0824	1.3020323490056586e+46	5.60439326599457e+44	1.3430753691747903e+42	8.058452215048742e+42	1.3430753691747903e+42	8.058452215048742e+42
0.0826	1.2434201727772242e+46	5.276163859634486e+44	1.2413185535684683e+42	7.447911321410812e+42	1.2413185535684683e+42	7.447911321410812e+42
0.0828	1.1874255923204027e+46	4.967032172966337e+44	1.1472308891226322e+42	6.883385334735793e+42	1.1472308891226322e+42	6.883385334735793e+42
0.083	1.1339327517594423e+46	4.675895000875775e+44	1.0602376289605674e+42	6.361425773763405e+42	1.0602376289605674e+42	6.361425773763405e+42
0.0832	1.082830870795253e+46	4.401712360191403e+44	9.798068369626273e+41	5.878841021775764e+42	9.798068369626273e+41	5.878841021775764e+42
0.0834	1.0340140249599933e+46	4.143503898648891e+44	9.05446220026868e+41	5.4326773201612094e+42	9.05446220026868e+41	5.4326773201612094e+42
0.0836	9.87380935254785e+45	3.900345505800639e+44	8.367001930345783e+41	5.020201158207471e+42	8.367001930345783e+41	5.020201158207471e+42
0.0838	9.428347667764765e+45	3.671366114642799e+44	7.731471595607166e+41	4.6388829573643e+42	7.731471595607166e+41	4.6388829573643e+42
0.084	9.0028293595554e+45	3.455744683347174e+44	7.143969925951764e+41	4.2863819555710584e+42	7.143969925951764e+41	4.2863819555710584e+42
0.0842	8.596369260427867e+45	3.252707347068014e+44	6.6008870067783785e+41	3.9605322040670266e+42	6.6008870067783785e+41	3.9605322040670266e+42
0.0844	8.208121104975262e+45	3.061524730346398e+44	6.098882659069e+41	3.659329595441401e+42	6.098882659069e+41	3.659329595441401e+42
0.0846	7.837275839441424e+45	2.881509411154949e+44	5.634866412602262e+41	3.380919847561357e+42	5.634866412602262e+41	3.380919847561357e+42
0.0848	7.483060003778304e+45	2.712013528120111e+44	5.205978955795848e+41	3.123587373477509e+42	5.205978955795848e+41	3.123587373477509e+42
0.085	7.144734183134484e+45	2.552426522925187e+44	4.8095749541259236e+41	2.8857449724755546e+42	4.8095749541259236e+41	2.8857449724755546e+42
0.0852	6.821591525841167e+45	2.4021730103382074e+44	4.4432071369111126e+41	2.6659242821466682e+42	4.4432071369111126e+41	2.6659242821466682e+42
0.0854	6.512956325083784e+45	2.2607107687267214e+44	4.104611559526991e+41	2.4627669357161945e+42	4.104611559526991e+41	2.4627669357161945e+42
0.0856	6.218182661563585e+45	2.1275288443150266e+44	3.791693954869794e+41	2.2750163729218767e+42	3.791693954869794e+41	2.2750163729218767e+42
0.0858	5.9366531045664e+45	2.00214576281316e+44	3.502517094156554e+41	2.1015102564939324e+42	3.502517094156554e+41	2.1015102564939324e+42
0.086	5.6677774689623664e+45	1.884107842399089e+44	3.235289082962915e+41	1.9411734497777488e+42	3.235289082962915e+41	1.9411734497777488e+42
0.0862	5.410991625764032e+45	1.7729876023690695e+44	2.9883525237976176e+41	1.793011514278571e+42	2.9883525237976176e+41	1.793011514278571e+42
0.0864	5.165756363968856e+45	1.6683822620864254e+44	2.760174481518271e+41	1.6561046889109627e+42	2.760174481518271e+41	1.6561046889109627e+42
0.0866	4.9315563015071495e+45	1.5699123251565576e+44	2.5493371925380546e+41	1.5296023155228327e+42	2.5493371925380546e+41	1.5296023155228327e+42
0.0868	4.7078988432072765e+45	1.4772202440380616e+44	2.354529463083324e+41	1.4127176778499948e+42	2.354529463083324e+41	1.4127176778499948e+42
0.087	4.4943131837774154e+45	1.389969160565658e+44	2.174538705757687e+41	1.3047232234546124e+42	2.174538705757687e+41	1.3047232234546124e+42
0.0872	4.290349353886655e+45	1.3078417181123547e+44	2.00824356737809e+41	1.204946140426854e+42	2.00824356737809e+41	1.204946140426854e+42
0.0874	4.095577307508634e+45	1.2305389413561386e+44	1.854607104486393e+41	1.112764262691836e+42	1.854607104486393e+41	1.112764262691836e+42
0.0876	3.909586048767766e+45	1.1577791798409235e+44	1.7126704661306007e+41	1.0276022796783605e+42	1.7126704661306007e+41	1.0276022796783605e+42
0.0878	3.731982796602081e+45	1.0892971117341913e+44	1.5815470464686413e+41	9.489282278811849e+41	1.5815470464686413e+41	9.489282278811849e+41
0.088	3.5623921856271585e+45	1.0248428043841709e+44	1.4604170724904155e+41	8.762502434942493e+41	1.4604170724904155e+41	8.762502434942493e+41
0.0882	3.4004555016539794e+45	9.641808284691258e+43	1.3485225946992519e+41	8.091135568195513e+41	1.3485225946992519e+41	8.091135568195513e+41
0.0884	3.245829950378149e+45	9.070894227104869e+43	1.2451628509524597e+41	7.47097710571476e+41	1.2451628509524597e+41	7.47097710571476e+41
0.0886	3.0981879578205696e+45	8.533597062908278e+43	1.1496899758487003e+41	6.898139855092204e+41	1.1496899758487003e+41	6.898139855092204e+41
0.0888	2.9572165011593973e+45	8.027949362776258e+43	1.0615050300780316e+41	6.36903018046819e+41	1.0615050300780316e+41	6.36903018046819e+41
0.089	2.8226164686504767e+45	7.552098075048485e+43	9.800543260311547e+40	5.880325956186929e+41	9.800543260311547e+40	5.880325956186929e+41
0.0892	2.6941020473883902e+45	7.10429792507144e+43	9.048260277077752e+40	5.428956166246653e+41	9.048260277077752e+40	5.428956166246653e+41
0.0894	2.5714001377129837e+45	6.682905192362517e+43	8.353470045800649e+40	5.01208202748039e+41	8.353470045800649e+40	5.01208202748039e+41
0.0896	2.454249793116735e+45	6.286371844166226e+43	7.711799205655428e+40	4.627079523393257e+41	7.711799205655428e+40	4.627079523393257e+41
0.0898	2.342401684556742e+45	5.913240005175426e+43	7.11920540652169e+40	4.271523243913014e+41	7.11920540652169e+40	4.271523243913014e+41
0.09	2.2356175881215246e+45	5.562136744326902e+43	6.571952390059745e+40	3.943171434035847e+41	6.571952390059745e+40	3.943171434035847e+41
0.0902	2.133669895047353e+45	5.231769160653719e+43	6.066586935840243e+40	3.6399521615041455e+41	6.066586935840243e+40	3.6399521615041455e+41
0.0904	2.0363411431212903e+45	4.920919751190552e+43	5.59991753381572e+40	3.3599505202894325e+41	5.59991753381572e+40	3.3599505202894325e+41
0.0906	1.9434235685492494e+45	4.628442044885152e+43	5.168994654667116e+40	3.1013967928002697e+41	5.168994654667116e+40	3.1013967928002697e+41
0.0908	1.8547186774062726e+45	4.3532564873733824e+43	4.7710924990523025e+40	2.8626554994313813e+41	4.7710924990523025e+40	2.8626554994313813e+41
0.091	1.7700368358238807e+45	4.0943465623282535e+43	4.403692115585082e+40	2.642215269351049e+41	4.403692115585082e+40	2.642215269351049e+41
0.0912	1.6891968781052723e+45	3.8507551359004685e+43	4.064465785522162e+40	2.4386794713132976e+41	4.064465785522162e+40	2.4386794713132976e+41
0.0914	1.6120257319935924e+45	3.621581011527434e+43	3.7512625796919104e+40	2.2507575478151467e+41	3.7512625796919104e+40	2.2507575478151467e+41
0.0916	1.538358060351498e+45	3.405975683108101e+43	3.4620950001968316e+40	2.077257000118099e+41	3.4620950001968316e+40	2.077257000118099e+41
0.0918	1.468035918541867e+45	3.203140275217599e+43	3.195126625903708e+40	1.9170759755422245e+41	3.195126625903708e+40	1.9170759755422245e+41
0.092	1.4009084268298189e+45	3.0123226596776165e+43	2.9486606867445523e+40	1.7691964120467317e+41	2.9486606867445523e+40	1.7691964120467317e+41
0.0922	1.3368314571552029e+45	2.8328147384022084e+43	2.7211294974134385e+40	1.6326776984480632e+41	2.7211294974134385e+40	1.6326776984480632e+41
0.0924	1.275667333652584e+45	2.6639498830096666e+43	2.511084686200168e+40	1.5066508117201011e+41	2.511084686200168e+40	1.5066508117201011e+41
0.0926	1.2172845463222835e+45	2.5051005222301633e+43	2.3171881594750197e+40	1.390312895685012e+41	2.3171881594750197e+40	1.390312895685012e+41
0.0928	1.1615574772817122e+45	2.35567586864743e+43	2.1382037467608735e+40	1.2829222480565242e+41	2.1382037467608735e+40	1.2829222480565242e+41
0.093	1.1083661390505226e+45	2.2151197767922523e+43	1.9729894754250773e+40	1.1837936852550464e+41	1.9729894754250773e+40	1.1837936852550464e+41
0.0932	1.0575959243466203e+45	2.0829087250596598e+43	1.820490427815736e+40	1.0922942566894417e+41	1.820490427815736e+40	1.0922942566894417e+41
0.0934	1.0091373668924628e+45	1.9585499143481897e+43	1.6797321371802528e+40	1.0078392823081518e+41	1.6797321371802528e+40	1.0078392823081518e+41
0.0936	9.628859127525644e+44	1.8415794767243228e+43	1.549814481956399e+40	9.298886891738395e+40	1.549814481956399e+40	9.298886891738395e+40
0.0938	9.187417017437027e+44	1.731560787795041e+43	1.4299060410389215e+40	8.579436246233529e+40	1.4299060410389215e+40	8.579436246233529e+40
0.094	8.766093584790177e+44	1.628082876831864e+43	1.319238875413098e+40	7.915433252478591e+40	1.319238875413098e+40	7.915433252478591e+40
0.0942	8.363977926260718e+44	1.5307589290280118e+43	1.2171037041298514e+40	7.30262222477911e+40	1.2171037041298514e+40	7.30262222477911e+40
0.0944	7.980200079770049e+44	1.4392248745912692e+43	1.1228454449876204e+40	6.737072669925723e+40	1.1228454449876204e+40	6.737072669925723e+40
0.0946	7.613929199462281e+44	1.3531380596763224e+43	1.0358590924999454e+40	6.215154554999673e+40	1.0358590924999454e+40	6.215154554999673e+40
0.0948	7.264371811276765e+44	1.2721759944460682e+43	9.555859077775525e+39	5.733515446665316e+40	9.555859077775525e+39	5.733515446665316e+40
0.095	6.930770145594703e+44	1.1960351738195487e+43	8.815098968502439e+39	5.289059381101463e+40	8.815098968502439e+39	5.289059381101463e+40
0.0952	6.612400543591044e+44	1.1244299667184856e+43	8.13154555710919e+39	4.878927334265513e+40	8.13154555710919e+39	4.878927334265513e+40
0.0954	6.308571934067484e+44	1.0570915698631003e+43	7.500798619892014e+39	4.500479171935209e+40	7.500798619892014e+39	4.500479171935209e+40
0.0956	6.0186243776822455e+44	9.93767022394188e+42	6.91879494667205e+39	4.151276968003231e+40	6.91879494667205e+39	4.151276968003231e+40
0.0958	5.741927675625429e+44	9.342182778111148e+42	6.381782646428436e+39	3.829069587857063e+40	6.381782646428436e+39	3.829069587857063e+40
0.096	5.4778800399164604e+44	8.782213299162242e+42	5.886297402348094e+39	3.531778441408857e+40	5.886297402348094e+39	3.531778441408857e+40
0.0962	5.225906822622364e+44	8.255653896460825e+42	5.429140529168415e+39	3.2574843175010497e+40	5.429140529168415e+39	3.2574843175010497e+40
0.0964	4.985459301412621e+44	7.760521098483139e+42	5.0073586967267405e+39	3.0044152180360446e+40	5.0073586967267405e+39	3.0044152180360446e+40
0.0966	4.756013518978351e+44	7.29494855231554e+42	4.6182251938498725e+39	2.770935116309924e+40	4.6182251938498725e+39	2.770935116309924e+40
0.0968	4.53706917395081e+44	6.857180148752417e+42	4.25922261617093e+39	2.5555335697025583e+40	4.25922261617093e+39	2.5555335697025583e+40
0.097	4.328148561056788e+44	6.445563548356395e+42	3.928026870210677e+39	2.3568161221264062e+40	3.928026870210677e+39	2.3568161221264062e+40
0.0972	4.128795558346855e+44	6.058544085262887e+42	3.6224923941557294e+39	2.1734954364934374e+40	3.6224923941557294e+39	2.1734954364934374e+40
0.0974	3.9385746594261424e+44	5.694659026841868e+42	3.340638503256176e+39	2.0043831019537057e+40	3.340638503256176e+39	2.0043831019537057e+40
0.0976	3.757070048707803e+44	5.352532168590538e+42	3.0806367746958806e+39	1.8483820648175288e+40	3.0806367746958806e+39	1.8483820648175288e+40
0.0978	3.583884717795006e+44	5.03086874481557e+42	2.8407993931997077e+39	1.7044796359198247e+40	2.8407993931997077e+39	1.7044796359198247e+40
0.098	3.418639621179999e+44	4.728450636781807e+42	2.6195683845750333e+39	1.57174103074502e+40	2.6195683845750333e+39	1.57174103074502e+40
0.0982	3.260972869527607e+44	4.444131861061532e+42	2.4155056698704463e+39	1.4493034019222679e+40	2.4155056698704463e+39	1.4493034019222679e+40
0.0984	3.1105389588860703e+44	4.176834321810707e+42	2.2272838779123714e+39	1.336370326747423e+40	2.2272838779123714e+39	1.336370326747423e+40
0.0986	2.9670080342403435e+44	3.925543811637639e+42	2.0536778586754108e+39	1.2322067152052466e+40	2.0536778586754108e+39	1.2322067152052466e+40
0.0988	2.8300651858921686e+44	3.6893062466137786e+42	1.893556844285079e+39	1.1361341065710476e+40	1.893556844285079e+39	1.1361341065710476e+40
0.099	2.6994097772173863e+44	3.467224121810058e+42	1.7458772084702613e+39	1.047526325082157e+40	1.7458772084702613e+39	1.047526325082157e+40
0.0992	2.574754802414277e+44	3.258453174528011e+42	1.609675778996951e+39	9.658054673981708e+39	1.609675778996951e+39	9.658054673981708e+39
0.0994	2.4558262729172922e+44	3.0621992431357804e+42	1.4840636610528342e+39	8.904381966317007e+39	1.4840636610528342e+39	8.904381966317007e+39
0.0996	2.3423626312085734e+44	2.877715310118534e+42	1.36822053272971e+39	8.20932319637826e+39	1.36822053272971e+39	8.20932319637826e+39
0.0998	2.2341141908149606e+44	2.7042987186102202e+42	1.261389376690242e+39	7.568336260141453e+39	1.261389376690242e+39	7.568336260141453e+39
0.1	2.1308426013315287e+44	2.5412885522951426e+42	1.1628716148239953e+39	6.977229688943973e+39	1.1628716148239953e+39	6.977229688943973e+39
