0.0	0.0	0.0	0.0	0.0	0.0	0.0
0.0002	2.1105035477101208e-22	1.1317801529076726e-17	6.774445255700798e-20	6.715382530175713e-19	6.92184029746239e-24	5.098861993561976e-14
0.0004	1.688401072518993e-21	9.054220227943756e-17	2.709777970224859e-19	2.686152765822503e-18	2.768736097256882e-23	2.0395355267876901e-13
0.0006000000000000001	5.69834766069211e-21	3.0557922410277507e-16	6.097000135881163e-19	6.0438431690431745e-18	6.229656169939816e-23	4.58893407643364e-13
0.0008	1.3507180329810601e-20	7.243342589963648e-16	1.0839110824455835e-18	1.0744609093308026e-17	1.1074944215202931e-22	8.158067942559626e-13
0.001	2.6381183993480638e-20	1.414712069106717e-15	1.693610983786574e-18	1.6788450169245574e-17	1.730460020045412e-22	1.2746923219557641e-12
0.0012000000000000001	4.558663826840817e-20	2.4446167867332284e-15	2.438799697802776e-18	2.4175366027484413e-17	2.491862409310127e-22	1.83554860019461e-12
0.0014	7.238981747441271e-20	3.8819519143318304e-15	3.319477204685878e-18	3.2905356298653156e-17	3.391701586055227e-22	2.4983742384369824e-12
0.0016	1.0805699063444135e-19	5.794620324518645e-15	4.335643484627577e-18	4.297842061338056e-17	4.429977547021501e-22	3.263167846160005e-12
0.0018000000000000002	1.5385442147458247e-19	8.250524260073637e-15	5.487298517819561e-18	5.4394558602295385e-17	5.60669028894974e-22	4.129928032853443e-12
0.002	2.1104836842407945e-19	1.131756533394425e-14	6.7744422844535306e-18	6.715376989602647e-17	6.921839808580729e-22	5.0986534080197005e-12
0.0022	2.8090508461534485e-19	1.506364452924909e-14	8.197074764721182e-18	8.125605412520278e-17	8.375426102655262e-22	6.169342581173827e-12
0.0024000000000000002	3.6469081788397426e-19	1.955666219928153e-14	9.755195938814212e-18	9.67014109204533e-17	9.967449167914127e-22	7.341994161843507e-12
0.0026000000000000003	4.636718107687597e-19	2.486451806751342e-14	1.1448805786924328e-17	1.13489839912407e-16	1.169790900109811e-21	8.616606759569078e-12
0.0028	5.791143005117033e-19	3.105511122759866e-14	1.3277904289243227e-17	1.3162134073169308e-16	1.3566805598948005e-21	9.993178983903494e-12
0.003	7.1228451905803275e-19	3.819634014337696e-14	1.5242491425962627e-17	1.5109591300894071e-16	1.5574138958204598e-21	1.1471709444412379e-11
0.0032	8.6444869305621315e-19	4.635610264887735e-14	1.734256717727422e-17	1.7191355637477918e-16	1.771990907560868e-21	1.3052196750673975e-11
0.0034000000000000002	1.0368730438579625e-18	5.5602295948322e-14	1.9578131523369725e-17	1.9407427045983776e-16	2.0004115947901046e-21	1.473463951227918e-11
0.0036000000000000003	1.230823787518263e-18	6.600281661612971e-14	2.1949184444440852e-17	2.1757805489474592e-16	2.2426759571822478e-21	1.651903633883152e-11
0.0038	1.4475671347953785e-18	7.762556059691961e-14	2.4455725920679307e-17	2.42424909310133e-16	2.4987839944113754e-21	1.8405385839947166e-11
0.004	1.6883692911508656e-18	9.053842320551495e-14	2.7097755932276822e-17	2.6861483333662866e-16	2.76873570615157e-21	2.0393686625254928e-11
0.004200000000000001	1.9544964567495897e-18	1.0480929912694657e-13	2.98752744594251e-17	2.9614782660486256e-16	3.0525310920769077e-21	2.2483937304396272e-11
0.0044	2.2472148264597335e-18	1.2050608241645645e-13	3.278828148231587e-17	3.2502388874546395e-16	3.3501701518614674e-21	2.4676136487025273e-11
0.0046	2.56779058985282e-18	1.3769666649950182e-13	3.5836776981140836e-17	3.5524301938906305e-16	3.661652885179327e-21	2.6970282782808673e-11
0.0048000000000000004	2.917489931203721e-18	1.564489441717584e-13	3.902076093609174e-17	3.868052181662895e-16	3.9869792917045715e-21	2.9366374801425826e-11
0.005	3.297579029490665e-18	1.7683080759912406e-13	4.234023332736029e-17	4.1971048470777297e-16	4.326149371111273e-21	3.186441115256876e-11
0.005200000000000001	3.709324058395266e-18	1.989101483177227e-13	4.5795194135138234e-17	4.539588186441436e-16	4.679163123073514e-21	3.446439044594214e-11
0.0054	4.153991186302517e-18	2.2275485723390772e-13	4.938564333961727e-17	4.895502196060314e-16	5.046020547265374e-21	3.716631129126321e-11
0.0056	4.632846576300829e-18	2.4843282462426567e-13	5.3111580920989154e-17	5.264846872240663e-16	5.426721643360929e-21	3.9970172298261936e-11
0.0058000000000000005	5.147156386182026e-18	2.7601194013562034e-13	5.697300685944564e-17	5.647622211288788e-16	5.8212664110342595e-21	4.2875972076680896e-11
0.006	5.698186768441355e-18	3.055600927850353e-13	6.096992113517841e-17	6.043828209510985e-16	6.229654849959446e-21	4.588370923627525e-11
0.006200000000000001	6.2872038702775244e-18	3.37145170959819e-13	6.510232372837923e-17	6.453464863213564e-16	6.651886959810567e-21	4.899338238681289e-11
0.0064	6.915473833592689e-18	3.7083506241752735e-13	6.937021461923983e-17	6.87653216870282e-16	7.087962740261697e-21	5.2204990138074277e-11
0.0066	7.584262794992489e-18	4.0669765428596776e-13	7.377359378795196e-17	7.313030122285063e-16	7.537882190986921e-21	5.5518531099852543e-11
0.0068000000000000005	8.294836885786045e-18	4.4480083306320314e-13	7.831246121470736e-17	7.762958720266598e-16	8.001645311660319e-21	5.893400388195346e-11
0.007	9.048462231985973e-18	4.852124846175542e-13	8.298681687969775e-17	8.226317958953728e-16	8.47925210195596e-21	6.245140709419542e-11
0.007200000000000001	9.84640495430842e-18	5.280004941876054e-13	8.779666076311493e-17	8.70310783465276e-16	8.970702561547939e-21	6.607073934640948e-11
0.0074	1.0689931168173048e-17	5.732327463822058e-13	9.274199284515059e-17	9.19332834367e-16	9.47599669011032e-21	6.979199924843929e-11
0.0076	1.1580306983703073e-17	6.209771251804753e-13	9.782281310599649e-17	9.696979482311758e-16	9.995134487317188e-21	7.361518541014119e-11
0.0078000000000000005	1.2518798505725258e-17	6.713015139318071e-13	1.0303912152584446e-16	1.0214061246884337e-15	1.0528115952842628e-20	7.754029644138413e-11
0.008	1.3506671833769938e-17	7.242737953558705e-13	1.0839091808488613e-16	1.0744573633694052e-15	1.1074941086360707e-20	8.156733095204968e-11
0.0082	1.4545193062071043e-17	7.799618515426168e-13	1.1387820276331336e-16	1.1288516639047212e-15	1.1635609887545513e-20	8.569628755203216e-11
0.008400000000000001	1.5635628279566085e-17	8.384335639522806e-13	1.1950097554131782e-16	1.1845890259250125e-15	1.2210122356071123e-20	8.992716485123832e-11
0.0086	1.6779243569896192e-17	8.997568134153839e-13	1.2525923639909134e-16	1.2416694490609094e-15	1.2798478491611613e-20	9.425996145958775e-11
0.0088	1.7977305011406143e-17	9.639994801327428e-13	1.3115298531682567e-16	1.3000929329430445e-15	1.3400678293841067e-20	9.869467598701256e-11
0.009000000000000001	1.923107867714432e-17	1.0312294436754662e-12	1.3718222227471253e-16	1.3598594772020487e-15	1.401672176243356e-20	1.0323130704345755e-10
0.0092	2.0541830634862777e-17	1.1015145829849623e-12	1.4334694725294374e-16	1.420969081468552e-15	1.4646608897063168e-20	1.0786985323888014e-10
0.0094	2.1910826947017245e-17	1.174922776372944e-12	1.4964716023171102e-16	1.483421745373187e-15	1.5290339697403985e-20	1.1261031318325038e-10
0.009600000000000001	2.3339333670767107e-17	1.251521901521427e-12	1.5608286119120616e-16	1.5472174685465855e-15	1.5947914163130078e-20	1.1745268548655098e-10
0.0098	2.4828616857975467e-17	1.33137983548274e-12	1.6265405011162093e-16	1.6123562506193774e-15	1.6619332293915524e-20	1.2239696875877727e-10
0.01	2.637994255520914e-17	1.4145644546795236e-12	1.6936072697314714e-16	1.6788380912221956e-15	1.7304594089434408e-20	1.2744316160993722e-10
0.0102	2.799457680373864e-17	1.501143634904735e-12	1.7620289175597652e-16	1.7466629899856716e-15	1.800369954936081e-20	1.325912626500514e-10
0.010400000000000001	2.9673785639538244e-17	1.5911852513216548e-12	1.8318054444030085e-16	1.8158309465404363e-15	1.8716648673368804e-20	1.378412704891532e-10
0.0106	3.141883509328593e-17	1.6847571784638848e-12	1.9029368500631183e-16	1.886341960517122e-15	1.9443441461132472e-20	1.431931837372883e-10
0.0108	3.323099119036353e-17	1.7819272902353576e-12	1.9754231343420148e-16	1.9581960315463607e-15	2.01840779123259e-20	1.4864700100451531e-10
0.011000000000000001	3.511151995085659e-17	1.882763459910336e-12	2.0492642970416142e-16	2.0313931592587846e-15	2.0938558026623155e-20	1.542027209009055e-10
0.0112	3.706168738955443e-17	1.9873335601334175e-12	2.124460337963833e-16	2.105933343285024e-15	2.1706881803698316e-20	1.5986034203654242e-10
0.0114	3.908275951595024e-17	2.0957054629195425e-12	2.2010112569105917e-16	2.181816583255713e-15	2.2489049243225465e-20	1.6561986302152275e-10
0.011600000000000001	4.117600233424099e-17	2.207947039653991e-12	2.278917053683807e-16	2.2590428788014832e-15	2.328506034487869e-20	1.714812824659554e-10
0.0118	4.334268184332744e-17	2.3241261610923873e-12	2.3581777280853963e-16	2.337612229552965e-15	2.409491510833206e-20	1.77444598979962e-10
0.012	4.558406403681433e-17	2.4443106973607115e-12	2.4387932799172787e-16	2.4175246351407926e-15	2.4918613533259664e-20	1.8350981117367716e-10
0.0122	4.7901414903010147e-17	2.568568517955292e-12	2.5207637089813703e-16	2.4987800951955984e-15	2.5756155619335577e-20	1.896769176572476e-10
0.012400000000000001	5.0296000424927265e-17	2.6969674917428187e-12	2.604089015079592e-16	2.581378609348014e-15	2.6607541366233875e-20	1.959459170408331e-10
0.0126	5.276908658028195e-17	2.8295754869603397e-12	2.6887691980138593e-16	2.6653201772286713e-15	2.747277077362862e-20	2.0231680793460576e-10
0.0128	5.532193934149446e-17	2.966460371215267e-12	2.7748042575860907e-16	2.7506047984682034e-15	2.835184384119393e-20	2.0878958894875058e-10
0.013000000000000001	5.795582467568884e-17	3.1076900114853863e-12	2.862194193598204e-16	2.8372324726972433e-15	2.924476056860387e-20	2.1536425869346507e-10
0.0132	6.067200854469315e-17	3.253332274118846e-12	2.950939005852118e-16	2.925203199546423e-15	3.015152095553249e-20	2.2204081577895927e-10
0.0134	6.347175690503935e-17	3.4034550248341815e-12	3.041038694149751e-16	3.0145169786463755e-15	3.107212500165391e-20	2.2881925881545607e-10
0.013600000000000001	6.635633570796338e-17	3.5581261287202986e-12	3.1324932582930204e-16	3.1051738096277334e-15	3.2006572706642187e-20	2.356995864131909e-10
0.013800000000000002	6.932701089940515e-17	3.717413450236488e-12	3.2253026980838444e-16	3.1971736921211306e-15	3.29548640701714e-20	2.426817971824119e-10
0.014	7.238504842000852e-17	3.881384853212426e-12	3.3194670133241403e-16	3.290516625757198e-15	3.3916999091915624e-20	2.4976588973337947e-10
0.0142	7.553171420512143e-17	4.0501082008481875e-12	3.4149862038158275e-16	3.385202610166571e-15	3.489297777154897e-20	2.569518626763672e-10
0.014400000000000001	7.876827418479582e-17	4.223651355714228e-12	3.5118602693608255e-16	3.48123164497988e-15	3.588280010874549e-20	2.6423971462166106e-10
0.0146	8.209599428378753e-17	4.402082179751408e-12	3.6100892097610475e-16	3.578603729827761e-15	3.688646610317925e-20	2.7162944417955955e-10
0.0148	8.551614042155662e-17	4.585468534270992e-12	3.709673024818418e-16	3.677318864340843e-15	3.7903975754524363e-20	2.791210499603739e-10
0.015000000000000001	8.902997851226708e-17	4.7738782799546435e-12	3.8106117143348506e-16	3.777377048149765e-15	3.8935329062454886e-20	2.867145305744282e-10
0.0152	9.263877446478704e-17	4.967379276854433e-12	3.912905278112265e-16	3.878778280885155e-15	3.99805260266449e-20	2.944098846320585e-10
0.0154	9.634379418268866e-17	5.166039384392851e-12	4.01655371595258e-16	3.981522562177651e-15	4.103956664676849e-20	3.022071107436144e-10
0.015600000000000001	1.0014630356424823e-16	5.3699264613627994e-12	4.1215570276577144e-16	4.085609891657881e-15	4.211245092249975e-20	3.101062075194575e-10
0.0158	1.0404756850244615e-16	5.579108365927597e-12	4.227915213029584e-16	4.191040268956484e-15	4.319917885351273e-20	3.1810717356996223e-10
0.016	1.0804885488496685e-16	5.793652955620986e-12	4.3356282718701093e-16	4.297813693704089e-15	4.4299750439481527e-20	3.2621000750551547e-10
0.0162	1.1215142859419906e-16	6.0136280873471394e-12	4.444696203981207e-16	4.405930165531333e-15	4.5414165680080204e-20	3.3441470793651713e-10
0.0164	1.1635655550723567e-16	6.239101617380664e-12	4.555119009164798e-16	4.515389684068849e-15	4.6542424574982865e-20	3.4272127347337953e-10
0.0166	1.206655014958735e-16	6.4701414013665845e-12	4.666896687222796e-16	4.626192248947271e-15	4.768452712386357e-20	3.5112970272652737e-10
0.016800000000000002	1.2507953242661384e-16	6.7068152943203845e-12	4.780029237957126e-16	4.738337859797233e-15	4.884047332639642e-20	3.596399943063985e-10
0.017	1.2959991416066185e-16	6.9491911506279675e-12	4.8945166611697e-16	4.851826516249365e-15	5.0010263182255464e-20	3.682521468234431e-10
0.0172	1.3422791255392722e-16	7.197336824045696e-12	5.010358956662441e-16	4.966658217934305e-15	5.119389669111479e-20	3.769661588881237e-10
0.017400000000000002	1.3896479345702383e-16	7.451320167700386e-12	5.127556124237267e-16	5.082832964482688e-15	5.2391373852648497e-20	3.8578202911091617e-10
0.0176	1.438118227152694e-16	7.711209034089284e-12	5.246108163696094e-16	5.200350755525145e-15	5.3602694666530644e-20	3.946997561023084e-10
0.0178	1.4877026616868641e-16	7.977071275080112e-12	5.366015074840839e-16	5.319211590692311e-15	5.482785913243531e-20	4.0371933847280113e-10
0.018000000000000002	1.5384138965200133e-16	8.248974741911051e-12	5.487276857473426e-16	5.439415469614824e-15	5.60668672500366e-20	4.1284077483290805e-10
0.0182	1.5902645899464498e-16	8.52698728519073e-12	5.60989351139577e-16	5.560962391923313e-15	5.731971901900858e-20	4.2206406379315497e-10
0.0184	1.6432674002075234e-16	8.811176754898256e-12	5.733865036409791e-16	5.6838523572484135e-15	5.858641443902527e-20	4.3138920396408043e-10
0.018600000000000002	1.69743498549163e-16	9.101611000383215e-12	5.859191432317407e-16	5.808085365220763e-15	5.986695350976087e-20	4.4081619395623583e-10
0.0188	1.7527800039342042e-16	9.398357870365639e-12	5.985872698920535e-16	5.933661415470992e-15	6.116133623088935e-20	4.503450323801849e-10
0.019	1.8093151136177278e-16	9.701485212936068e-12	6.113908836021093e-16	6.060580507629738e-15	6.246956260208485e-20	4.599757178465045e-10
0.019200000000000002	1.867052972571726e-16	1.0011060875555512e-11	6.243299843421006e-16	6.188842641327638e-15	6.379163262302144e-20	4.697082489657837e-10
0.0194	1.926006238772764e-16	1.032715270505546e-11	6.374045720922186e-16	6.318447816195319e-15	6.512754629337318e-20	4.795426243486244e-10
0.0196	1.9861875701444543e-16	1.0649828547637895e-11	6.506146468326553e-16	6.449396031863421e-15	6.647730361281417e-20	4.894788426056408e-10
0.0198	2.0476096245574517e-16	1.0979156248875297e-11	6.639602085436029e-16	6.581687287962581e-15	6.784090458101848e-20	4.995169023474602e-10
0.02	2.1102850598294556e-16	1.1315203653710635e-11	6.77441257205253e-16	6.71532158412343e-15	6.921834919766016e-20	5.09656802184722e-10
0.020200000000000003	2.174226533725209e-16	1.165803860645738e-11	6.910577927977975e-16	6.8502989199766035e-15	7.060963746241334e-20	5.19898540728079e-10
0.0204	2.2394467039564993e-16	1.2007728950799499e-11	7.048098153014279e-16	6.98661929515274e-15	7.20147693749521e-20	5.302421165881958e-10
0.0206	2.305958228182158e-16	1.2364342529791486e-11	7.186973246963368e-16	7.124282709282469e-15	7.343374493495046e-20	5.406875283757504e-10
0.020800000000000003	2.3737737640080644e-16	1.2727947185858328e-11	7.327203209627157e-16	7.26328916199643e-15	7.486656414208256e-20	5.512347747014326e-10
0.021	2.4429059689871357e-16	1.3098610760795526e-11	7.468788040807565e-16	7.403638652925257e-15	7.631322699602244e-20	5.618838541759455e-10
0.0212	2.5133675006193396e-16	1.3476401095769112e-11	7.611727740306509e-16	7.545331181699585e-15	7.77737334964442e-20	5.726347654100044e-10
0.021400000000000002	2.58517101635169e-16	1.3861386031315631e-11	7.756022307925913e-16	7.688366747950051e-15	7.924808364302193e-20	5.834875070143379e-10
0.0216	2.6583291735782384e-16	1.4253633407342145e-11	7.901671743467689e-16	7.832745351307287e-15	8.073627743542969e-20	5.944420775996863e-10
0.0218	2.732854629640089e-16	1.4653211063126257e-11	8.048676046733761e-16	7.97846699140193e-15	8.223831487334154e-20	6.054984757768034e-10
0.022000000000000002	2.8087600418253906e-16	1.506018683731612e-11	8.197035217526049e-16	8.125531667864622e-15	8.375419595643163e-20	6.16656700156455e-10
0.0222	2.88605806736933e-16	1.5474628567930368e-11	8.346749255646466e-16	8.273939380325989e-15	8.528392068437395e-20	6.279167493494196e-10
0.0224	2.964761363454151e-16	1.589660409235823e-11	8.497818160896933e-16	8.42369012841667e-15	8.682748905684263e-20	6.392786219664886e-10
0.022600000000000002	3.044882587209135e-16	1.6326181247359466e-11	8.650241933079376e-16	8.574783911767304e-15	8.838490107351172e-20	6.507423166184663e-10
0.0228	3.1264343957106113e-16	1.6763427869064347e-11	8.804020571995701e-16	8.727220730008523e-15	8.995615673405535e-20	6.62307831916169e-10
0.023	3.209429445981956e-16	1.7208411792973746e-11	8.959154077447835e-16	8.881000582770964e-15	9.154125603814754e-20	6.739751664704255e-10
0.023200000000000002	3.2938803949935936e-16	1.7661200853959068e-11	9.115642449237702e-16	9.036123469685269e-15	9.314019898546247e-20	6.857443188920783e-10
0.0234	3.3797998996629895e-16	1.812186288626226e-11	9.27348568716721e-16	9.192589390382065e-15	9.47529855756741e-20	6.976152877919811e-10
0.0236	3.4672006168546584e-16	1.8590465723495853e-11	9.432683791038285e-16	9.35039834449199e-15	9.637961580845655e-20	7.095880717810016e-10
0.0238	3.5560952033801685e-16	1.9067077198642937e-11	9.593236760652844e-16	9.509550331645685e-15	9.802008968348397e-20	7.216626694700195e-10
0.024	3.6464963159981183e-16	1.955176514405718e-11	9.755144595812807e-16	9.670045351473781e-15	9.967440720043031e-20	7.338390794699269e-10
0.024200000000000003	3.7384166114141707e-16	2.0044597391462795e-11	9.918407296320092e-16	9.83188340360692e-15	1.0134256835896977e-19	7.461173003916288e-10
0.0244	3.8318687462810256e-16	2.05456417719546e-11	1.0083024861976612e-15	9.995064487675734e-15	1.0302457315877634e-19	7.584973308460427e-10
0.0246	3.926865377198433e-16	2.105496611599799e-11	1.0248997292584301e-15	1.0159588603310858e-14	1.0472042159952413e-19	7.709791694440989e-10
0.024800000000000003	4.0234191607131896e-16	2.1572638253428915e-11	1.041632458794507e-15	1.0325455750142936e-14	1.0643011368088726e-19	7.835628147967406e-10
0.025	4.12154275331914e-16	2.2098726013453945e-11	1.0585006747860834e-15	1.0492665927802594e-14	1.0815364940253974e-19	7.962482655149229e-10
0.0252	4.2212488114571737e-16	2.263329722465024e-11	1.0755043772133518e-15	1.0661219135920482e-14	1.0989102876415565e-19	8.090355202096139e-10
0.025400000000000002	4.322549991515239e-16	2.3176419714965528e-11	1.092643566056504e-15	1.0831115374127225e-14	1.1164225176540922e-19	8.21924577491795e-10
0.0256	4.4254589498283114e-16	2.372816131171815e-11	1.1099182412957315e-15	1.1002354642053463e-14	1.1340731840597432e-19	8.349154359724583e-10
0.0258	4.529988342678436e-16	2.428858984159706e-11	1.1273284029112269e-15	1.1174936939329835e-14	1.1518622868552515e-19	8.48008094262611e-10
0.026000000000000002	4.636150826294694e-16	2.4857773130661817e-11	1.1448740508831817e-15	1.1348862265586981e-14	1.169789826037358e-19	8.612025509732715e-10
0.0262	4.743959056853217e-16	2.543577900434255e-11	1.162555185191788e-15	1.1524130620455531e-14	1.1878558016028023e-19	8.744988047154705e-10
0.0264	4.853425690477185e-16	2.6022675287440045e-11	1.1803718058172376e-15	1.1700742003566124e-14	1.2060602135483267e-19	8.878968541002526e-10
0.026600000000000002	4.96456338323683e-16	2.661852980412571e-11	1.1983239127397232e-15	1.1878696414549404e-14	1.2244030618706714e-19	9.013966977386743e-10
0.0268	5.077384791149428e-16	2.7223410377941515e-11	1.2164115059394348e-15	1.2057993853035995e-14	1.2428843465665766e-19	9.149983342418039e-10
0.027	5.191902570179302e-16	2.7837384831800116e-11	1.2346345853965662e-15	1.2238634318656548e-14	1.2615040676327838e-19	9.287017622207241e-10
0.027200000000000002	5.308129376237838e-16	2.846052098798478e-11	1.252993151091309e-15	1.2420617811041688e-14	1.280262225066034e-19	9.425069802865292e-10
0.0274	5.426077865183448e-16	2.9092886668149367e-11	1.2714872030038545e-15	1.2603944329822064e-14	1.299158818863067e-19	9.564139870503256e-10
0.027600000000000003	5.545760692821622e-16	2.973454969331843e-11	1.2901167411143953e-15	1.278861387462831e-14	1.3181938490206245e-19	9.704227811232342e-10
0.027800000000000002	5.667190514904866e-16	3.038557788388712e-11	1.308881765403123e-15	1.297462644509106e-14	1.3373673155354466e-19	9.845333611163857e-10
0.028	5.790379987132766e-16	3.1046039059621233e-11	1.3277822758502292e-15	1.3161982040840952e-14	1.3566792184042745e-19	9.987457256409262e-10
0.028200000000000003	5.91534176515194e-16	3.171600103965725e-11	1.3468182724359064e-15	1.335068066150863e-14	1.3761295576238498e-19	1.013059873308013e-09
0.0284	6.04208850455606e-16	3.2395531642502244e-11	1.3659897551403466e-15	1.3540722306724723e-14	1.3957183331909119e-19	1.0274758027288159e-09
0.0286	6.170632860885853e-16	3.308469868603396e-11	1.3852967239437417e-15	1.373210697611987e-14	1.415445545102202e-19	1.0419935125145182e-09
0.028800000000000003	6.300987489629089e-16	3.378356998750085e-11	1.4047391788262836e-15	1.3924834669324717e-14	1.4353111933544617e-19	1.0566130012763156e-09
0.029	6.43316504622059e-16	3.4492213363521936e-11	1.4243171197681638e-15	1.4118905385969901e-14	1.4553152779444308e-19	1.0713342676254154e-09
0.0292	6.567178186042227e-16	3.5210696630086984e-11	1.4440305467495742e-15	1.4314319125686052e-14	1.4754577988688505e-19	1.0861573101730384e-09
0.029400000000000003	6.703039564422934e-16	3.593908760255639e-11	1.4638794597507083e-15	1.4511075888103805e-14	1.4957387561244616e-19	1.1010821275304186e-09
0.0296	6.840761836638672e-16	3.6677454095661215e-11	1.4838638587517561e-15	1.470917567285381e-14	1.5161581497080048e-19	1.1161087183088014e-09
0.0298	6.980357657912478e-16	3.742586392350321e-11	1.5039837437329107e-15	1.4908618479566703e-14	1.5367159796162206e-19	1.1312370811194458e-09
0.030000000000000002	7.121839683414422e-16	3.818438489955483e-11	1.5242391146743636e-15	1.5109404307873123e-14	1.5574122458458505e-19	1.1464672145736227e-09
0.0302	7.265220568261633e-16	3.895308483665913e-11	1.5446299715563068e-15	1.5311533157403703e-14	1.5782469483936347e-19	1.1617991172826158e-09
0.0304	7.410512967518292e-16	3.973203154702993e-11	1.5651563143589326e-15	1.551500502778908e-14	1.5992200872563143e-19	1.1772327878577216e-09
0.030600000000000002	7.557729536195626e-16	4.052129284225174e-11	1.5858181430624331e-15	1.5719819918659898e-14	1.6203316624306305e-19	1.19276822491025e-09
0.0308	7.706882929251916e-16	4.132093653327969e-11	1.6066154576469996e-15	1.5925977829646797e-14	1.641581673913323e-19	1.2084054270515214e-09
0.031	7.857985801592494e-16	4.2131030430439685e-11	1.6275482580928243e-15	1.6133478760380406e-14	1.6629701217011337e-19	1.2241443928928712e-09
0.031200000000000002	8.011050808069752e-16	4.29516423434283e-11	1.6486165443801003e-15	1.634232271049137e-14	1.6844970057908033e-19	1.239985121045646e-09
0.031400000000000004	8.166090603483121e-16	4.37828400813128e-11	1.6698203164890177e-15	1.6552509679610343e-14	1.7061623261790719e-19	1.2559276101212057e-09
0.0316	8.32311784257909e-16	4.4624691452531155e-11	1.6911595743997695e-15	1.6764039667367937e-14	1.72796608286268e-19	1.2719718587309216e-09
0.0318	8.482145180051194e-16	4.547726426489207e-11	1.7126343180925475e-15	1.6976912673394802e-14	1.7499082758383697e-19	1.2881178654861797e-09
0.032	8.643185270540041e-16	4.634062632557498e-11	1.734244547547544e-15	1.7191128697321577e-14	1.7719889051028805e-19	1.3043656289983766e-09
0.0322	8.806250768633265e-16	4.721484544113e-11	1.7559902627449503e-15	1.7406687738778905e-14	1.794207970652954e-19	1.3207151478789233e-09
0.0324	8.971354328865567e-16	4.809998941747797e-11	1.7778714636649594e-15	1.7623589797397424e-14	1.816565472485331e-19	1.3371664207392416e-09
0.032600000000000004	9.138508605718706e-16	4.899612605991054e-11	1.7998881502877627e-15	1.7841834872807776e-14	1.8390614105967524e-19	1.3537194461907681e-09
0.0328	9.307726253621474e-16	4.990332317308991e-11	1.8220403225935517e-15	1.8061422964640588e-14	1.861695784983958e-19	1.3703742228449497e-09
0.033	9.479019926949734e-16	5.082164856104918e-11	1.8443279805625183e-15	1.8282354072526513e-14	1.88446859564369e-19	1.3871307493132465e-09
0.0332	9.652402280026393e-16	5.175117002719211e-11	1.8667511241748562e-15	1.8504628196096176e-14	1.9073798425726879e-19	1.4039890242071332e-09
0.0334	9.827885967121417e-16	5.269195537429322e-11	1.889309753410756e-15	1.872824533498023e-14	1.9304295257676933e-19	1.420949046138095e-09
0.033600000000000005	1.0005483642451831e-15	5.364407240449784e-11	1.9120038682504106e-15	1.8953205488809315e-14	1.9536176452254476e-19	1.438010813717631e-09
0.033800000000000004	1.0185207960181685e-15	5.460758891932187e-11	1.934833468674011e-15	1.917950865721406e-14	1.97694420094269e-19	1.4551743255572513e-09
0.034	1.036707157442212e-15	5.5582572719652137e-11	1.957798554661749e-15	1.9407154839825104e-14	2.0004091929161622e-19	1.4724395802684806e-09
0.0342	1.055108713923131e-15	5.656909160574614e-11	1.9808991261938176e-15	1.9636144036273098e-14	2.0240126211426045e-19	1.489806576462854e-09
0.0344	1.0737267308614481e-15	5.756721337723216e-11	2.0041351832504086e-15	1.9866476246188675e-14	2.0477544856187584e-19	1.5072753127519217e-09
0.0346	1.092562473652393e-15	5.857700583310923e-11	2.0275067258117137e-15	2.0098151469202475e-14	2.071634786341364e-19	1.5248457877472444e-09
0.034800000000000005	1.1116172076858996e-15	5.959853677174721e-11	2.0510137538579257e-15	2.0331169704945146e-14	2.0956535233071634e-19	1.542518000060398e-09
0.035	1.1308921983466064e-15	6.063187399088659e-11	2.074656267369235e-15	2.056553095304732e-14	2.1198106965128956e-19	1.5602919483029674e-09
0.0352	1.1503887110138582e-15	6.167708528763874e-11	2.098434266325835e-15	2.080123521313963e-14	2.1441063059553028e-19	1.578167631086553e-09
0.0354	1.1701080110617066e-15	6.273423845848581e-11	2.1223477507079166e-15	2.103828248485273e-14	2.1685403516311244e-19	1.5961450470227669e-09
0.0356	1.1900513638589068e-15	6.380340129928069e-11	2.1463967204956726e-15	2.1276672767817253e-14	2.193112833537103e-19	1.6142241947232334e-09
0.0358	1.2102200347689201e-15	6.488464160524707e-11	2.1705811756692957e-15	2.151640606166384e-14	2.217823751669978e-19	1.6324050727995908e-09
0.036000000000000004	1.2306152891499141e-15	6.597802717097948e-11	2.1949011162089775e-15	2.1757482366023148e-14	2.2426731060264917e-19	1.6506876798634892e-09
0.0362	1.2512383923547605e-15	6.70836257904431e-11	2.2193565420949086e-15	2.1999901680525788e-14	2.2676608966033833e-19	1.66907201452659e-09
0.0364	1.2720906097310375e-15	6.820150525697403e-11	2.243947453307283e-15	2.2243664004802416e-14	2.292787123397394e-19	1.6875580754005698e-09
0.0366	1.2931732066210278e-15	6.933173336327912e-11	2.268673849826291e-15	2.2488769338483665e-14	2.3180517864052635e-19	1.7061458610971146e-09
0.0368	1.3144874483617215e-15	7.047437790143606e-11	2.2935357316321266e-15	2.2735217681200188e-14	2.343454885623735e-19	1.7248353702279268e-09
0.037000000000000005	1.3360346002848138e-15	7.162950666289337e-11	2.3185330987049804e-15	2.2983009032582623e-14	2.368996421049549e-19	1.7436266014047188e-09
0.037200000000000004	1.3578159277167032e-15	7.279718743847027e-11	2.3436659510250443e-15	2.32321433922616e-14	2.3946763926794444e-19	1.762519553239216e-09
0.0374	1.3798326959784957e-15	7.39774880183568e-11	2.368934288572511e-15	2.3482620759867768e-14	2.420494800510163e-19	1.7815142243431566e-09
0.0376	1.402086170386004e-15	7.517047619211396e-11	2.394338111327572e-15	2.3734441135031766e-14	2.446451644538446e-19	1.8006106133282926e-09
0.0378	1.4245776162497446e-15	7.637621974867348e-11	2.419877419270419e-15	2.3987604517384235e-14	2.4725469247610334e-19	1.8198087188063873e-09
0.038	1.4473082988749395e-15	7.759478647633787e-11	2.4455522123812453e-15	2.424211090655582e-14	2.498780641174667e-19	1.8391085393892164e-09
0.038200000000000005	1.470279483561519e-15	7.882624416278057e-11	2.471362490640243e-15	2.4497960302177166e-14	2.525152793776088e-19	1.8585100736885701e-09
0.038400000000000004	1.493492435604115e-15	8.007066059504576e-11	2.4973082540276038e-15	2.47551527038789e-14	2.5516633825620342e-19	1.878013320316248e-09
0.0386	1.5169484202920687e-15	8.132810355954854e-11	2.523389502523518e-15	2.5013688111291667e-14	2.57831240752925e-19	1.8976182778840655e-09
0.0388	1.5406487029094243e-15	8.25986408420747e-11	2.5496062361081803e-15	2.5273566524046113e-14	2.6050998686744734e-19	1.9173249450038486e-09
0.039	1.5645945487349342e-15	8.388234022778108e-11	2.5759584547617814e-15	2.553478794177288e-14	2.6320257659944474e-19	1.9371333202874372e-09
0.0392	1.588787223042055e-15	8.51792695011952e-11	2.602446158464513e-15	2.5797352364102602e-14	2.659090099485911e-19	1.9570434023466832e-09
0.039400000000000004	1.6132279910989497e-15	8.648949644621556e-11	2.6290693471965687e-15	2.6061259790665935e-14	2.6862928691456077e-19	1.9770551897934514e-09
0.0396	1.6379181181684848e-15	8.781308884611136e-11	2.6558280209381386e-15	2.632651022109351e-14	2.7136340749702747e-19	1.9971686812396186e-09
0.0398	1.6628588695082367e-15	8.91501144835228e-11	2.682722179669416e-15	2.6593103655015964e-14	2.741113716956654e-19	2.0173838752970744e-09
0.04	1.6880515103704844e-15	9.050064114046085e-11	2.709751823370592e-15	2.686104009206395e-14	2.7687317951014875e-19	2.0377007705777216e-09
0.0402	1.7134973060022129e-15	9.186473659830736e-11	2.7369169520218596e-15	2.71303195318681e-14	2.796488309401516e-19	2.058119365693476e-09
0.040400000000000005	1.7391975216451164e-15	9.324246863781517e-11	2.7642175656034118e-15	2.7400941974059066e-14	2.824383259853479e-19	2.078639659256265e-09
0.040600000000000004	1.76515342253559e-15	9.463390503910775e-11	2.7916536640954377e-15	2.7672907418267482e-14	2.8524166464541185e-19	2.099261649878028e-09
0.0408	1.791366273904737e-15	9.603911358167966e-11	2.8192252474781323e-15	2.7946215864124e-14	2.880588469200175e-19	2.119985336170718e-09
0.041	1.8178373409783663e-15	9.745816204439625e-11	2.8469323157316857e-15	2.8220867311259245e-14	2.9088987280883884e-19	2.140810716746303e-09
0.0412	1.844567888976995e-15	9.889111820549378e-11	2.874774868836291e-15	2.8496861759303867e-14	2.937347423115501e-19	2.161737790216758e-09
0.0414	1.8715591831158418e-15	1.0033804984257936e-10	2.90275290677214e-15	2.8774199207888516e-14	2.965934554278252e-19	2.182766555194076e-09
0.041600000000000005	1.8988124886048353e-15	1.0179902473263103e-10	2.9308664295194252e-15	2.905287965664383e-14	2.9946601215733846e-19	2.2038970102902597e-09
0.041800000000000004	1.926329070648605e-15	1.0327411065199767e-10	2.9591154370583384e-15	2.9332903105200446e-14	3.0235241249976377e-19	2.225129154117325e-09
0.042	1.954110194446493e-15	1.0476337537639911e-10	2.9874999293690716e-15	2.961426955318901e-14	3.0525265645477506e-19	2.2464629852873006e-09
0.0422	1.982157125192542e-15	1.0626688668092607e-10	3.016019906431816e-15	2.989697900024016e-14	3.0816674402204676e-19	2.2678985024122278e-09
0.0424	2.010471128075502e-15	1.077847123400402e-10	3.0446753682267646e-15	3.018103144598454e-14	3.110946752012527e-19	2.289435704104161e-09
0.0426	2.039053468278831e-15	1.0931692012757392e-10	3.0734663147341098e-15	3.046642689005281e-14	3.1403644999206705e-19	2.3110745889751666e-09
0.042800000000000005	2.067905410980692e-15	1.1086357781673087e-10	3.1023927459340446e-15	3.075316533207559e-14	3.16992068394164e-19	2.3328151556373243e-09
0.043000000000000003	2.0970282213539504e-15	1.1242475318008518e-10	3.1314546618067585e-15	3.104124677168354e-14	3.1996153040721747e-19	2.3546574027027248e-09
0.0432	2.126423164566182e-15	1.1400051398958226e-10	3.160652062332445e-15	3.1330671208507275e-14	3.2294483603090153e-19	2.3766013287834727e-09
0.0434	2.156091505779668e-15	1.155909280165382e-10	3.1899849474912962e-15	3.162143864217746e-14	3.2594198526489026e-19	2.3986469324916868e-09
0.0436	2.186034510151394e-15	1.1719606303164025e-10	3.219453317263504e-15	3.1913549072324735e-14	3.2895297810885784e-19	2.420794212439494e-09
0.0438	2.2162534428330538e-15	1.1881598680494637e-10	3.2490571716292606e-15	3.220700249857975e-14	3.3197781456247828e-19	2.4430431672390388e-09
0.044000000000000004	2.246749568971046e-15	1.204507671058857e-10	3.27879651056876e-15	3.250179892057315e-14	3.3501649462542583e-19	2.4653937955024758e-09
0.0442	2.277524153706473e-15	1.221004717032579e-10	3.30867133406219e-15	3.2797938337935556e-14	3.3806901829737425e-19	2.487846095841971e-09
0.0444	2.308578462175146e-15	1.2376516836523406e-10	3.3386816420897455e-15	3.3095420750297626e-14	3.4113538557799783e-19	2.510400066869706e-09
0.0446	2.3399137595075846e-15	1.2544492485935585e-10	3.368827434631619e-15	3.339424615729e-14	3.4421559646697063e-19	2.533055707197872e-09
0.0448	2.371531310829009e-15	1.2713980895253617e-10	3.3991087116680002e-15	3.3694414558543315e-14	3.473096509639667e-19	2.555813015438677e-09
0.045000000000000005	2.403432381259351e-15	1.2884988841105866e-10	3.4295254731790857e-15	3.3995925953688244e-14	3.504175490686601e-19	2.5786719902043377e-09
0.045200000000000004	2.435618235913242e-15	1.3057523100057796e-10	3.4600777191450633e-15	3.429878034235539e-14	3.53539290780725e-19	2.601632630107084e-09
0.0454	2.4680901399000263e-15	1.3231590448611965e-10	3.490765449546125e-15	3.4602977724175415e-14	3.566748760998354e-19	2.62469493375916e-09
0.0456	2.5008493583237508e-15	1.3407197663208044e-10	3.5215886643624662e-15	3.490851809877897e-14	3.5982430502566534e-19	2.647858899772822e-09
0.0458	2.533897156283168e-15	1.3584351520222778e-10	3.5525473635742765e-15	3.521540146579668e-14	3.6298757755788907e-19	2.671124526760337e-09
0.046	2.5672347988717404e-15	1.3763058795970035e-10	3.583641547161749e-15	3.552362782485921e-14	3.661646936961804e-19	2.694491813333987e-09
0.046200000000000005	2.6008635511776336e-15	1.3943326266700754e-10	3.614871215105077e-15	3.58331971755972e-14	3.6935565344021383e-19	2.7179607581060667e-09
0.046400000000000004	2.6347846782837185e-15	1.4125160708602984e-10	3.646236367384451e-15	3.6144109517641283e-14	3.725604567896631e-19	2.7415313596888804e-09
0.0466	2.6689994452675736e-15	1.430856889780186e-10	3.677737003980062e-15	3.64563648506221e-14	3.7577910374420226e-19	2.7652036166947483e-09
0.0468	2.703509117201486e-15	1.449355761035965e-10	3.709373124872104e-15	3.6769963174170306e-14	3.7901159430350556e-19	2.7889775277360017e-09
0.047	2.7383149591524447e-15	1.4680133622275676e-10	3.74114473004077e-15	3.708490448791654e-14	3.8225792846724696e-19	2.8128530914249855e-09
0.0472	2.7734182361821474e-15	1.4868303709486398e-10	3.773051819466249e-15	3.740118879149145e-14	3.855181062351007e-19	2.836830306374056e-09
0.047400000000000005	2.8088202133470013e-15	1.5058074647865348e-10	3.805094393128735e-15	3.7718816084525683e-14	3.8879212760674083e-19	2.8609091711955837e-09
0.0476	2.844522155698113e-15	1.5249453213223158e-10	3.837272451008421e-15	3.803778636664987e-14	3.920799925818413e-19	2.885089684501948e-09
0.0478	2.8805253282812976e-15	1.5442446181307595e-10	3.8695859930854975e-15	3.835809963749467e-14	3.9538170116007617e-19	2.909371844905546e-09
0.048	2.916830996137081e-15	1.5637060327803486e-10	3.902035019340158e-15	3.867975589669071e-14	3.9869725334111963e-19	2.933755651018785e-09
0.0482	2.9534404243006902e-15	1.583330242833277e-10	3.934619529752594e-15	3.900275514386866e-14	4.020266491246458e-19	2.958241101454083e-09
0.048400000000000006	2.990354877802064e-15	1.6031179258454513e-10	3.967339524302998e-15	3.9327097378659154e-14	4.053698885103287e-19	2.982828194823875e-09
0.048600000000000004	3.027575621665842e-15	1.623069759366485e-10	4.000195002971562e-15	3.965278260069283e-14	4.087269714978424e-19	3.0075169297406038e-09
0.0488	3.06510392091137e-15	1.6431864209397019e-10	4.033185965738474e-15	3.9979810809600323e-14	4.1209789808686087e-19	3.0323073048167288e-09
0.049	3.1029410405527056e-15	1.6634685881021393e-10	4.0663124125839336e-15	4.0308182005012296e-14	4.1548266827705836e-19	3.0571993186647196e-09
0.0492	3.1410882455986104e-15	1.6839169383845417e-10	4.09957434348813e-15	4.0637896186559386e-14	4.1888128206810893e-19	3.0821929698970597e-09
0.0494	3.179546801052549e-15	1.7045321493113638e-10	4.132971758431253e-15	4.096895335387224e-14	4.222937394596865e-19	3.1072882571262447e-09
0.049600000000000005	3.2183179719126995e-15	1.7253148984007742e-10	4.166504657393499e-15	4.130135350658152e-14	4.257200404514655e-19	3.1324851789647837e-09
0.049800000000000004	3.257403023171938e-15	1.7462658631646483e-10	4.200173040355056e-15	4.163509664431784e-14	4.2916018504311965e-19	3.157783734025196e-09
0.05	3.2968032198178552e-15	1.7673857211085717e-10	4.233976907296118e-15	4.1970182766711845e-14	4.3261417323432314e-19	3.183183920920015e-09
0.0502	3.3365198268327413e-15	1.7886751497318443e-10	4.267916258196876e-15	4.2306611873394214e-14	4.360820050247499e-19	3.2086857382617884e-09
0.0504	3.376554109193597e-15	1.8101348265274728e-10	4.301991093037525e-15	4.2644383963995576e-14	4.395636804140743e-19	3.234289184663074e-09
0.0506	3.416907331872131e-15	1.831765428982175e-10	4.3362014117982545e-15	4.2983499038146554e-14	4.430591994019705e-19	3.2599942587364435e-09
0.050800000000000005	3.4575807598347553e-15	1.853567634576382e-10	4.370547214459256e-15	4.3323957095477835e-14	4.465685619881125e-19	3.2858009590944818e-09
0.051000000000000004	3.4985756580425858e-15	1.875542120784232e-10	4.4050285010007245e-15	4.366575813562004e-14	4.50091768172174e-19	3.3117092843497822e-09
0.0512	3.539893291451452e-15	1.8976895650735746e-10	4.4396452714028514e-15	4.400890215820379e-14	4.536288179538293e-19	3.3377192331149562e-09
0.0514	3.581534925011888e-15	1.9200106449059733e-10	4.474397525645827e-15	4.435338916285979e-14	4.571797113327526e-19	3.3638308040026263e-09
0.0516	3.623501823669128e-15	1.9425060377366975e-10	4.509285263709846e-15	4.4699219149218616e-14	4.60744448308618e-19	3.390043995625426e-09
0.051800000000000006	3.665795252363123e-15	1.9651764210147325e-10	4.5443084855750995e-15	4.504639211691098e-14	4.643230288810995e-19	3.416358806596003e-09
0.052000000000000005	3.708416476028522e-15	1.988022472182768e-10	4.579467191221779e-15	4.539490806556749e-14	4.67915453049871e-19	3.4427752355270157e-09
0.0522	3.751366759594686e-15	2.0110448686772112e-10	4.614761380630077e-15	4.5744766994818777e-14	4.715217208146068e-19	3.4692932810311376e-09
0.0524	3.794647367985679e-15	2.034244287928175e-10	4.6501910537801865e-15	4.609596890429555e-14	4.751418321749809e-19	3.4959129417210523e-09
0.0526	3.838259566120275e-15	2.0576214073594873e-10	4.6857562106522986e-15	4.644851379362838e-14	4.787757871306674e-19	3.5226342162094598e-09
0.0528	3.882204618911954e-15	2.0811769043886827e-10	4.721456851226606e-15	4.680240166244797e-14	4.824235856813405e-19	3.549457103109067e-09
0.053000000000000005	3.926483791268899e-15	2.104911456427013e-10	4.757292975483303e-15	4.715763251038494e-14	4.860852278266742e-19	3.5763816010326007e-09
0.053200000000000004	3.971098348094002e-15	2.128825740879432e-10	4.793264583402578e-15	4.7514206337069944e-14	4.897607135663425e-19	3.6034077085927917e-09
0.0534	4.016049554284864e-15	2.152920435144613e-10	4.829371674964625e-15	4.787212314213361e-14	4.934500429000195e-19	3.63053542440239e-09
0.0536	4.0613386747337934e-15	2.1771962166149358e-10	4.865614250149633e-15	4.8231382925206605e-14	4.971532158273792e-19	3.6577647470741566e-09
0.0538	4.106966974327796e-15	2.2016537626764935e-10	4.9019923089378e-15	4.859198568591957e-14	5.008702323480958e-19	3.6850956752208654e-09
0.054	4.152935717948597e-15	2.226293750709088e-10	4.938505851309314e-15	4.8953931423903156e-14	5.046010924618435e-19	3.712528207455301e-09
0.054200000000000005	4.199246170472622e-15	2.2511168580862366e-10	4.975154877244372e-15	4.9317220138788004e-14	5.083457961682963e-19	3.7400623423902625e-09
0.054400000000000004	4.245899596771003e-15	2.2761237621751614e-10	5.011939386723161e-15	4.9681851830204737e-14	5.121043434671282e-19	3.76769807863856e-09
0.0546	4.292897261709577e-15	2.3013151403368018e-10	5.0488593797258754e-15	5.0047826497784054e-14	5.158767343580132e-19	3.79543541481302e-09
0.0548	4.340240430148892e-15	2.3266916699258042e-10	5.085914856232705e-15	5.041514414115656e-14	5.196629688406254e-19	3.823274349526473e-09
0.055	4.387930366944205e-15	2.352254028290531e-10	5.123105816223847e-15	5.0783804759952917e-14	5.234630469146392e-19	3.8512148813917754e-09
0.055200000000000006	4.435968336945474e-15	2.378002892773051e-10	5.160432259679489e-15	5.115380835380378e-14	5.2727696857972825e-19	3.879257009021784e-09
0.055400000000000005	4.484355604997362e-15	2.4039389407091484e-10	5.197894186579825e-15	5.152515492233978e-14	5.311047338355669e-19	3.907400731029372e-09
0.055600000000000004	4.533093435939248e-15	2.4300628494283144e-10	5.235491596905047e-15	5.1897844465191555e-14	5.349463426818291e-19	3.935646046027429e-09
0.0558	4.582183094605212e-15	2.456375296253758e-10	5.273224490635347e-15	5.227187698198979e-14	5.388017951181892e-19	3.963992952628854e-09
0.056	4.6316258458240384e-15	2.4828769585023925e-10	5.311092867750918e-15	5.2647252472365086e-14	5.426710911443208e-19	3.992441449446558e-09
0.0562	4.6814229544192245e-15	2.50956851348485e-10	5.349096728231952e-15	5.302397093594813e-14	5.465542307598985e-19	4.020991535093466e-09
0.056400000000000006	4.7315756852089734e-15	2.5364506385054686e-10	5.387236072058641e-15	5.340203237236955e-14	5.504512139645962e-19	4.0496432081825156e-09
0.056600000000000004	4.782085303006192e-15	2.563524010862301e-10	5.425510899211177e-15	5.378143678125999e-14	5.543620407580876e-19	4.078396467326656e-09
0.0568	4.832953072618492e-15	2.590789307847108e-10	5.463921209669752e-15	5.41621841622501e-14	5.582867111400472e-19	4.10725131113885e-09
0.057	4.8841802588482e-15	2.6182472067453675e-10	5.502467003414559e-15	5.4544274514970526e-14	5.622252251101489e-19	4.1362077382320735e-09
0.0572	4.935768126492346e-15	2.645898384836265e-10	5.541148280425791e-15	5.4927707839051936e-14	5.661775826680671e-19	4.165265747219312e-09
0.0574	4.987717940342663e-15	2.6737435193927006e-10	5.579965040683637e-15	5.5312484134124946e-14	5.701437838134755e-19	4.1944253367135695e-09
0.057600000000000005	5.0400309651855975e-15	2.701783287681284e-10	5.6189172841682936e-15	5.5698603399820245e-14	5.741238285460485e-19	4.223686505327856e-09
0.057800000000000004	5.092708465802297e-15	2.730018366962337e-10	5.65800501085995e-15	5.6086065635768436e-14	5.781177168654596e-19	4.253049251675197e-09
0.058	5.145751706968622e-15	2.7584494344898936e-10	5.697228220738799e-15	5.6474870841600206e-14	5.821254487713835e-19	4.282513574368631e-09
0.0582	5.199161953455132e-15	2.787077167511702e-10	5.736586913785034e-15	5.686501901694614e-14	5.86147024263494e-19	4.312079472021209e-09
0.0584	5.2529404700271025e-15	2.815902243269217e-10	5.7760810899788415e-15	5.725651016143697e-14	5.901824433414654e-19	4.341746943245995e-09
0.058600000000000006	5.3070885214445135e-15	2.844925338997614e-10	5.8157107493004246e-15	5.76493442747033e-14	5.942317060049714e-19	4.371515986656065e-09
0.058800000000000005	5.361607372462047e-15	2.874147131925768e-10	5.8554758917299674e-15	5.804352135637574e-14	5.982948122536866e-19	4.4013866008645055e-09
0.059000000000000004	5.416498287829095e-15	2.9035682992762796e-10	5.895376517247663e-15	5.843904140608502e-14	6.023717620872844e-19	4.43135878448442e-09
0.0592	5.4717625322897594e-15	2.93318951826545e-10	5.935412625833706e-15	5.883590442346172e-14	6.064625555054395e-19	4.461432536128921e-09
0.0594	5.52740137058285e-15	2.963011466103303e-10	5.975584217468287e-15	5.923411040813653e-14	6.105671925078255e-19	4.491607854411136e-09
0.0596	5.583416067441874e-15	2.9930348199935637e-10	6.015891292131599e-15	5.963365935974008e-14	6.14685673094117e-19	4.5218847379442044e-09
0.059800000000000006	5.6398078875950605e-15	3.0232602571336816e-10	6.0563338498038336e-15	6.003455127790303e-14	6.188179972639875e-19	4.552263185341278e-09
0.060000000000000005	5.696578095765331e-15	3.053688454714804e-10	6.096911890465184e-15	6.043678616225603e-14	6.229641650171116e-19	4.5827431952155175e-09
0.060200000000000004	5.753727956670327e-15	3.084320089921805e-10	6.137625414095842e-15	6.08403640124297e-14	6.27124176353163e-19	4.613324766180104e-09
0.0604	5.8112587350223854e-15	3.11515583993326e-10	6.178474420676e-15	6.124528482805473e-14	6.312980312718162e-19	4.6440078968482244e-09
0.0606	5.869171695528561e-15	3.1461963819214636e-10	6.219458910185848e-15	6.165154860876171e-14	6.354857297727448e-19	4.6747925858330825e-09
0.0608	5.92746810289061e-15	3.177442393052419e-10	6.260578882605582e-15	6.205915535418135e-14	6.396872718556231e-19	4.705678831747892e-09
0.061000000000000006	5.986149221804997e-15	3.2088945504858463e-10	6.301834337915396e-15	6.246810506394427e-14	6.439026575201254e-19	4.736666633205882e-09
0.061200000000000004	6.04521631696289e-15	3.24055353137517e-10	6.343225276095473e-15	6.287839773768113e-14	6.481318867659254e-19	4.76775598882029e-09
0.0614	6.1046706530501715e-15	3.272420012867535e-10	6.384751697126014e-15	6.329003337502256e-14	6.523749595926973e-19	4.79894689720437e-09
0.0616	6.16451349474743e-15	3.3044946721037945e-10	6.426413600987208e-15	6.370301197559924e-14	6.566318760001152e-19	4.830239356971386e-09
0.0618	6.224746106729953e-15	3.336778186218518e-10	6.468210987659248e-15	6.411733353904177e-14	6.609026359878533e-19	4.861633366734617e-09
0.062	6.285369753667746e-15	3.3692712323399814e-10	6.510143857122324e-15	6.453299806498085e-14	6.651872395555855e-19	4.8931289251073545e-09
0.062200000000000005	6.346385700225518e-15	3.4019744875901814e-10	6.552212209356635e-15	6.495000555304713e-14	6.694856867029862e-19	4.924726030702901e-09
0.062400000000000004	6.407795211062684e-15	3.4348886290848207e-10	6.594416044342366e-15	6.536835600287118e-14	6.737979774297291e-19	4.9564246821345684e-09
0.0626	6.4695995508333615e-15	3.468014333933317e-10	6.6367553620597105e-15	6.578804941408376e-14	6.781241117354882e-19	4.988224878015689e-09
0.06280000000000001	6.531799984186388e-15	3.501352279238802e-10	6.679230162488862e-15	6.620908578631546e-14	6.824640896199383e-19	5.020126616959604e-09
0.063	6.594397775765294e-15	3.534903142098116e-10	6.7218404456100114e-15	6.66314651191969e-14	6.868179110827523e-19	5.0521298975796625e-09
0.0632	6.657394190208334e-15	3.56866759960182e-10	6.764586211403356e-15	6.705518741235881e-14	6.911855761236055e-19	5.084234718489235e-09
0.0634	6.720790492148446e-15	3.602646328834178e-10	6.807467459849081e-15	6.748025266543176e-14	6.955670847421712e-19	5.116441078301698e-09
0.0636	6.784587946213306e-15	3.636840006873176e-10	6.8504841909273865e-15	6.790666087804647e-14	6.99962436938124e-19	5.148748975630445e-09
0.06380000000000001	6.848787817025274e-15	3.671249310790508e-10	6.8936364046184615e-15	6.833441204983353e-14	7.043716327111375e-19	5.181158409088877e-09
0.064	6.9133913692014226e-15	3.7058749176515803e-10	6.9369241009024916e-15	6.87635061804236e-14	7.08794672060886e-19	5.213669377290412e-09
0.06420000000000001	6.97839986735354e-15	3.7407175045155166e-10	6.980347279759676e-15	6.919394326944739e-14	7.132315549870435e-19	5.246281878848481e-09
0.0644	7.043814576088107e-15	3.775777748435147e-10	7.023905941170208e-15	6.962572331653546e-14	7.176822814892842e-19	5.278995912376521e-09
0.0646	7.10963676000633e-15	3.8110563264570225e-10	7.067600085114277e-15	7.005884632131852e-14	7.221468515672822e-19	5.311811476487992e-09
0.0648	7.175867683704103e-15	3.8465539156214003e-10	7.111429711572076e-15	7.04933122834272e-14	7.266252652207114e-19	5.344728569796356e-09
0.065	7.242508611772049e-15	3.882271192962258e-10	7.155394820523796e-15	7.092912120249218e-14	7.31117522449246e-19	5.377747190915095e-09
0.06520000000000001	7.309560808795488e-15	3.918208835507279e-10	7.199495411949635e-15	7.136627307814409e-14	7.356236232525603e-19	5.410867338457703e-09
0.0654	7.377025539354437e-15	3.954367520277861e-10	7.243731485829775e-15	7.180476791001353e-14	7.401435676303278e-19	5.44408901103768e-09
0.0656	7.44490406802364e-15	3.990747924289122e-10	7.288103042144418e-15	7.224460569773124e-14	7.446773555822232e-19	5.4774122072685484e-09
0.0658	7.513197659372532e-15	4.0273507245498836e-10	7.332610080873751e-15	7.268578644092779e-14	7.4922498710792005e-19	5.510836925763833e-09
0.066	7.581907577965272e-15	4.064176598062691e-10	7.377252601997967e-15	7.312831013923391e-14	7.537864622070931e-19	5.544363165137082e-09
0.06620000000000001	7.651035088360711e-15	4.101226221823794e-10	7.422030605497263e-15	7.357217679228022e-14	7.583617808794159e-19	5.577990924001848e-09
0.0664	7.720581455112409e-15	4.1385002728231583e-10	7.466944091351822e-15	7.401738639969728e-14	7.629509431245623e-19	5.611720200971698e-09
0.0666	7.790547942768652e-15	4.175999428044467e-10	7.511993059541849e-15	7.446393896111588e-14	7.675539489422072e-19	5.645550994660215e-09
0.0668	7.86093581587241e-15	4.2137243644651096e-10	7.55717751004752e-15	7.491183447616657e-14	7.721707983320238e-19	5.679483303680989e-09
0.067	7.93174633896138e-15	4.2516757590561987e-10	7.602497442849046e-15	7.536107294448008e-14	7.7680149129368695e-19	5.713517126647627e-09
0.06720000000000001	8.002980776567952e-15	4.2898542887825525e-10	7.647952857926604e-15	7.581165436568701e-14	7.814460278268703e-19	5.747652462173751e-09
0.0674	8.074640393219224e-15	4.3282606306027004e-10	7.693543755260394e-15	7.6263578739418e-14	7.861044079312477e-19	5.781889308872983e-09
0.06760000000000001	8.14672645343702e-15	4.3668954614688986e-10	7.739270134830606e-15	7.671684606530375e-14	7.90776631606494e-19	5.816227665358977e-09
0.0678	8.219240221737848e-15	4.405759458327103e-10	7.785131996617428e-15	7.717145634297485e-14	7.954626988522824e-19	5.850667530245382e-09
0.068	8.292182962632942e-15	4.4448532981169907e-10	7.831129340601063e-15	7.762740957206202e-14	8.001626096682878e-19	5.885208902145871e-09
0.0682	8.365555940628232e-15	4.4841776577719487e-10	7.877262166761694e-15	7.808470575219586e-14	8.048763640541833e-19	5.919851779674119e-09
0.0684	8.439360420224361e-15	4.523733214219085e-10	7.923530475079522e-15	7.854334488300705e-14	8.096039620096441e-19	5.954596161443827e-09
0.06860000000000001	8.513597665916683e-15	4.563520644379212e-10	7.969934265534732e-15	7.900332696412623e-14	8.143454035343437e-19	5.989442046068699e-09
0.0688	8.588268942195243e-15	4.6035406251668596e-10	8.016473538107516e-15	7.946465199518403e-14	8.19100688627956e-19	6.024389432162452e-09
0.069	8.663375513544821e-15	4.643793833490276e-10	8.06314829277807e-15	7.992731997581116e-14	8.238698172901552e-19	6.05943831833882e-09
0.0692	8.738918644444882e-15	4.684280946251415e-10	8.109958529526586e-15	8.039133090563819e-14	8.286527895206157e-19	6.094588703211547e-09
0.0694	8.814899599369612e-15	4.725002640345952e-10	8.156904248333254e-15	8.085668478429585e-14	8.334496053190113e-19	6.1298405853943915e-09
0.06960000000000001	8.8913196427879e-15	4.765959592663277e-10	8.203985449178271e-15	8.132338161141476e-14	8.3826026468501635e-19	6.165193963501121e-09
0.0698	8.968180039163334e-15	4.80715248008648e-10	8.25120213204182e-15	8.179142138662555e-14	8.430847676183044e-19	6.200648836145517e-09
0.07	9.045482052954228e-15	4.848581979492386e-10	8.298554296904104e-15	8.226080410955891e-14	8.4792311411855e-19	6.2362052019413785e-09
0.0702	9.123226948613584e-15	4.890248767751514e-10	8.34604194374531e-15	8.273152977984544e-14	8.527753041854271e-19	6.271863059502507e-09
0.0704	9.201415990589136e-15	4.932153521728117e-10	8.393665072545634e-15	8.320359839711586e-14	8.576413378186098e-19	6.307622407442729e-09
0.07060000000000001	9.280050443323307e-15	4.974296918280146e-10	8.441423683285262e-15	8.367700996100082e-14	8.625212150177723e-19	6.343483244375873e-09
0.0708	9.359131571253226e-15	5.01667963425927e-10	8.48931777594439e-15	8.415176447113085e-14	8.67414935782588e-19	6.379445568915784e-09
0.07100000000000001	9.43866063881075e-15	5.059302346510879e-10	8.537347350503215e-15	8.462786192713679e-14	8.72322500112732e-19	6.415509379676322e-09
0.0712	9.518638910422417e-15	5.102165731874069e-10	8.585512406941916e-15	8.51053023286491e-14	8.772439080078778e-19	6.451674675271355e-09
0.0714	9.599067650509497e-15	5.145270467181659e-10	8.633812945240703e-15	8.55840856752986e-14	8.821791594676993e-19	6.4879414543147696e-09
0.0716	9.67994812348795e-15	5.18861722926017e-10	8.682248965379752e-15	8.606421196671579e-14	8.87128254491871e-19	6.524309715420457e-09
0.0718	9.761281593768463e-15	5.232206694929853e-10	8.73082046733927e-15	8.654568120253149e-14	8.92091193080067e-19	6.560779457202331e-09
0.07200000000000001	9.843069325756413e-15	5.276039541004663e-10	8.779527451099437e-15	8.702849338237625e-14	8.97067975231961e-19	6.597350678274309e-09
0.0722	9.92531258385189e-15	5.320116444292264e-10	8.828369916640452e-15	8.751264850588068e-14	9.020586009472275e-19	6.634023377250324e-09
0.0724	1.00080126324497e-14	5.364438081594054e-10	8.877347863942505e-15	8.799814657267554e-14	9.070630702255406e-19	6.6707975527443245e-09
0.0726	1.0091170735939345e-14	5.409005129705125e-10	8.926461292985789e-15	8.848498758239138e-14	9.120813830665732e-19	6.707673203370268e-09
0.0728	1.0174788158705047e-14	5.453818265414298e-10	8.9757102037505e-15	8.897317153465897e-14	9.171135394700014e-19	6.744650327742127e-09
0.07300000000000001	1.0258866165125727e-14	5.498878165504099e-10	9.025094596216827e-15	8.946269842910888e-14	9.221595394354977e-19	6.781728924473882e-09
0.0732	1.0343406019575008e-14	5.544185506750773e-10	9.074614470364957e-15	8.995356826537175e-14	9.272193829627365e-19	6.81890899217953e-09
0.0734	1.042840898642125e-14	5.589740965924283e-10	9.124269826175092e-15	9.04457810430783e-14	9.322930700513924e-19	6.856190529473085e-09
0.0736	1.0513876330027486e-14	5.635545219788298e-10	9.17406066362742e-15	9.093933676185911e-14	9.373806007011389e-19	6.893573534968564e-09
0.0738	1.0599809314751483e-14	5.681598945100213e-10	9.223986982702132e-15	9.143423542134489e-14	9.424819749116509e-19	6.931058007280004e-09
0.07400000000000001	1.0686209204945698e-14	5.727902818611127e-10	9.274048783379426e-15	9.193047702116629e-14	9.475971926826014e-19	6.968643945021452e-09
0.0742	1.0773077264957304e-14	5.774457517065858e-10	9.324246065639484e-15	9.242806156095391e-14	9.52726254013665e-19	7.0063313468069635e-09
0.07440000000000001	1.0860414759128187e-14	5.821263717202945e-10	9.374578829462511e-15	9.292698904033848e-14	9.578691589045162e-19	7.044120211250616e-09
0.0746	1.0948222951794923e-14	5.868322095754627e-10	9.425047074828686e-15	9.342725945895057e-14	9.630259073548281e-19	7.08201053696649e-09
0.0748	1.1036503107288833e-14	5.915633329446878e-10	9.475650801718218e-15	9.392887281642091e-14	9.681964993642759e-19	7.120002322568688e-09
0.075	1.1125256489935905e-14	5.963198094999367e-10	9.52639001011128e-15	9.44318291123801e-14	9.733809349325325e-19	7.158095566671315e-09
0.0752	1.1214484364056858e-14	6.011017069125497e-10	9.577264699988082e-15	9.493612834645882e-14	9.785792140592732e-19	7.1962902678884965e-09
0.07540000000000001	1.1304187993967115e-14	6.059090928532368e-10	9.628274871328805e-15	9.544177051828775e-14	9.837913367441714e-19	7.2345864248343695e-09
0.0756	1.1394368643976802e-14	6.107420349920804e-10	9.679420524113646e-15	9.594875562749746e-14	9.89017302986901e-19	7.272984036123075e-09
0.0758	1.1485027578390762e-14	6.156006009985349e-10	9.7307016583228e-15	9.645708367371869e-14	9.942571127871366e-19	7.31148310036878e-09
0.076	1.1576166061508534e-14	6.204848585414252e-10	9.782118273936448e-15	9.696675465658205e-14	9.995107661445518e-19	7.350083616185653e-09
0.0762	1.1667785357624387e-14	6.253948752889485e-10	9.833670370934798e-15	9.74777685757182e-14	1.004778263058821e-18	7.388785582187886e-09
0.07640000000000001	1.1759886731027277e-14	6.303307189086732e-10	9.885357949298031e-15	9.799012543075784e-14	1.0100596035296186e-18	7.4275889969896715e-09
0.0766	1.1852471446000871e-14	6.352924570675388e-10	9.937181009006345e-15	9.850382522133151e-14	1.0153547875566174e-18	7.46649385920522e-09
0.07680000000000001	1.1945540766823559e-14	6.402801574318575e-10	9.989139550039931e-15	9.901886794707001e-14	1.020663815139493e-18	7.505500167448758e-09
0.077	1.2039095957768418e-14	6.452938876673117e-10	1.004123357237898e-14	9.953525360760386e-14	1.0259866862779185e-18	7.54460792033452e-09
0.0772	1.2133138283103258e-14	6.503337154389566e-10	1.0093463076003683e-14	1.000529822025638e-13	1.0313234009715686e-18	7.583817116476758e-09
0.07740000000000001	1.2227669007090577e-14	6.553997084112175e-10	1.014582806089424e-14	1.0057205373158048e-13	1.036673959220117e-18	7.623127754489733e-09
0.0776	1.2322689393987578e-14	6.604919342478924e-10	1.0198328527030835e-14	1.0109246819428445e-13	1.0420383610232376e-18	7.662539832987707e-09
0.07780000000000001	1.2418200708046203e-14	6.656104606121509e-10	1.0250964474393667e-14	1.0161422559030655e-13	1.0474166063806053e-18	7.702053350584983e-09
0.078	1.251420421351307e-14	6.707553551665331e-10	1.030373590296292e-14	1.0213732591927726e-13	1.052808695291893e-18	7.74166830589585e-09
0.0782	1.2610701174629526e-14	6.759266855729518e-10	1.0356642812718795e-14	1.0266176918082732e-13	1.058214627756776e-18	7.781384697534623e-09
0.0784	1.2707692855631606e-14	6.811245194926905e-10	1.040968520364148e-14	1.0318755537458739e-13	1.0636344037749272e-18	7.821202524115626e-09
0.0786	1.2805180520750082e-14	6.863489245864051e-10	1.0462863075711169e-14	1.037146845001881e-13	1.0690680233460218e-18	7.861121784253197e-09
0.07880000000000001	1.2903165434210405e-14	6.915999685141223e-10	1.0516176428908058e-14	1.0424315655726012e-13	1.0745154864697334e-18	7.901142476561687e-09
0.079	1.3001648860232745e-14	6.968777189352405e-10	1.0569625263212326e-14	1.0477297154543409e-13	1.0799767931457355e-18	7.94126459965545e-09
0.0792	1.3100632063031997e-14	7.021822435085301e-10	1.0623209578604184e-14	1.0530412946434068e-13	1.0854519433737033e-18	7.98148815214887e-09
0.0794	1.3200116306817741e-14	7.075136098921327e-10	1.067692937506381e-14	1.0583663031361049e-13	1.0909409371533097e-18	8.021813132656325e-09
0.0796	1.3300102855794284e-14	7.128718857435621e-10	1.0730784652571405e-14	1.0637047409287428e-13	1.09644377448423e-18	8.062239539792226e-09
0.07980000000000001	1.3400592974160625e-14	7.182571387197026e-10	1.0784775411107155e-14	1.0690566080176264e-13	1.1019604553661373e-18	8.10276737217098e-09
0.08	1.3501587926110476e-14	7.236694364768106e-10	1.0838901650651258e-14	1.0744219043990619e-13	1.107490979798706e-18	8.14339662840701e-09
0.08020000000000001	1.3603088975832272e-14	7.291088466705148e-10	1.0893163371183903e-14	1.0798006300693566e-13	1.1130353477816108e-18	8.184127307114759e-09
0.0804	1.3705097387509126e-14	7.345754369558142e-10	1.0947560572685282e-14	1.0851927850248166e-13	1.1185935593145243e-18	8.22495940690867e-09
0.0806	1.3807614425318908e-14	7.400692749870808e-10	1.1002093255135592e-14	1.0905983692617486e-13	1.1241656143971222e-18	8.265892926403213e-09
0.08080000000000001	1.3910641353434149e-14	7.455904284180569e-10	1.1056761418515025e-14	1.0960173827764593e-13	1.1297515130290772e-18	8.306927864212863e-09
0.081	1.4014179436022104e-14	7.511389649018573e-10	1.1111565062803762e-14	1.1014498255652548e-13	1.1353512552100646e-18	8.348064218952101e-09
0.08120000000000001	1.4118229937244756e-14	7.567149520909679e-10	1.116650418798201e-14	1.1068956976244423e-13	1.1409648409397577e-18	8.389301989235436e-09
0.0814	1.422279412125876e-14	7.623184576372465e-10	1.1221578794029956e-14	1.1123549989503277e-13	1.1465922702178312e-18	8.430641173677375e-09
0.0816	1.4327873252215522e-14	7.679495491919227e-10	1.127678888092779e-14	1.1178277295392183e-13	1.1522335430439583e-18	8.47208177089245e-09
0.0818	1.443346859426111e-14	7.736082944055968e-10	1.1332134448655708e-14	1.1233138893874194e-13	1.1578886594178133e-18	8.513623779495195e-09
0.082	1.453958141153635e-14	7.792947609282423e-10	1.1387615497193901e-14	1.1288134784912393e-13	1.1635576193390712e-18	8.555267198100167e-09
0.08220000000000001	1.4646212968176745e-14	7.850090164092033e-10	1.1443232026522565e-14	1.1343264968469835e-13	1.1692404228074057e-18	8.597012025321922e-09
0.0824	1.4753364528312502e-14	7.907511284971947e-10	1.1498984036621883e-14	1.1398529444509582e-13	1.17493706982249e-18	8.638858259775039e-09
0.0826	1.4861037356068565e-14	7.965211648403049e-10	1.1554871527472061e-14	1.1453928212994708e-13	1.180647560383999e-18	8.680805900074108e-09
0.0828	1.4969232715564558e-14	8.023191930859924e-10	1.1610894499053276e-14	1.1509461273888274e-13	1.1863718944916062e-18	8.72285494483373e-09
0.083	1.5077951870914837e-14	8.081452808810886e-10	1.1667052951345732e-14	1.1565128627153347e-13	1.1921100721449867e-18	8.765005392668524e-09
0.08320000000000001	1.5187196086228454e-14	8.139994958717957e-10	1.172334688432962e-14	1.1620930272752991e-13	1.1978620933438138e-18	8.807257242193108e-09
0.0834	1.5296966625609153e-14	8.198819057036874e-10	1.1779776297985128e-14	1.1676866210650278e-13	1.2036279580877613e-18	8.849610492022126e-09
0.08360000000000001	1.5407264753155434e-14	8.257925780217102e-10	1.1836341192292454e-14	1.1732936440808265e-13	1.2094076663765043e-18	8.892065140770232e-09
0.0838	1.5518091732960457e-14	8.317315804701806e-10	1.1893041567231783e-14	1.1789140963190019e-13	1.2152012182097154e-18	8.934621187052086e-09
0.084	1.5629448829112126e-14	8.376989806927886e-10	1.1949877422783318e-14	1.1845479777758613e-13	1.2210086135870704e-18	8.97727862948237e-09
0.08420000000000001	1.5741337305693032e-14	8.436948463325946e-10	1.200684875892724e-14	1.190195288447711e-13	1.2268298525082424e-18	9.020037466675773e-09
0.0844	1.585375842678048e-14	8.4971924503203e-10	1.2063955575643751e-14	1.1958560283308568e-13	1.2326649349729053e-18	9.06289769724699e-09
0.08460000000000001	1.5966713456446487e-14	8.557722444329005e-10	1.2121197872913038e-14	1.2015301974216058e-13	1.2385138609807341e-18	9.105859319810746e-09
0.0848	1.6080203658757772e-14	8.618539121763807e-10	1.217857565071529e-14	1.2072177957162646e-13	1.2443766305314015e-18	9.14892233298176e-09
0.085	1.6194230297775782e-14	8.679643159030184e-10	1.2236088909030711e-14	1.21291882321114e-13	1.250253243624583e-18	9.192086735374783e-09
0.0852	1.6308794637556653e-14	8.741035232527323e-10	1.2293737647839482e-14	1.2186332799025382e-13	1.2561437002599516e-18	9.235352525604556e-09
0.0854	1.642389794215124e-14	8.802716018648144e-10	1.2351521867121808e-14	1.224361165786766e-13	1.2620480004371822e-18	9.278719702285854e-09
0.08560000000000001	1.6539541475605097e-14	8.864686193779265e-10	1.2409441566857871e-14	1.23010248086013e-13	1.2679661441559485e-18	9.32218826403345e-09
0.0858	1.665572650195849e-14	8.926946434301014e-10	1.2467496747027863e-14	1.2358572251189362e-13	1.2738981314159242e-18	9.365758209462132e-09
0.08600000000000001	1.6772454285246415e-14	8.989497416587476e-10	1.2525687407611982e-14	1.2416253985594922e-13	1.2798439622167843e-18	9.409429537186711e-09
0.0862	1.6889726089498532e-14	9.052339817006407e-10	1.2584013548590418e-14	1.2474070011781034e-13	1.2858036365582017e-18	9.453202245821995e-09
0.0864	1.7007543178739267e-14	9.115474311919312e-10	1.2642475169943364e-14	1.2532020329710772e-13	1.291777154439852e-18	9.49707633398282e-09
0.08660000000000001	1.7125906816987713e-14	9.17890157768139e-10	1.2701072271651015e-14	1.25901049393472e-13	1.2977645158614081e-18	9.541051800284025e-09
0.0868	1.724481826825767e-14	9.242622290641574e-10	1.2759804853693557e-14	1.2648323840653382e-13	1.3037657208225436e-18	9.585128643340453e-09
0.08700000000000001	1.736427879655769e-14	9.306637127142516e-10	1.2818672916051193e-14	1.2706677033592388e-13	1.3097807693229346e-18	9.629306861766984e-09
0.0872	1.748428966589097e-14	9.370946763520562e-10	1.2877676458704098e-14	1.2765164518127273e-13	1.3158096613622529e-18	9.673586454178489e-09
0.0874	1.7604852140255486e-14	9.4355518761058e-10	1.2936815481632485e-14	1.282378629422112e-13	1.3218523969401743e-18	9.717967419189865e-09
0.0876	1.7725967483643866e-14	9.500453141222027e-10	1.2996089984816532e-14	1.2882542361836975e-13	1.3279089760563718e-18	9.76244975541601e-09
0.0878	1.784763696004349e-14	9.565651235186757e-10	1.305549996823644e-14	1.2941432720937927e-13	1.3339793987105203e-18	9.807033461471843e-09
0.08800000000000001	1.796986183343641e-14	9.631146834311222e-10	1.31150454318724e-14	1.3000457371487023e-13	1.3400636649022938e-18	9.851718535972299e-09
0.0882	1.80926433677994e-14	9.696940614900353e-10	1.3174726375704594e-14	1.3059616313447328e-13	1.3461617746313652e-18	9.896504977532307e-09
0.0884	1.8215982827103965e-14	9.763033253252843e-10	1.3234542799713235e-14	1.3118909546781922e-13	1.35227372789741e-18	9.941392784766834e-09
0.0886	1.8339881475316277e-14	9.829425425661054e-10	1.3294494703878493e-14	1.317833707145386e-13	1.3583995247001015e-18	9.98638195629084e-09
0.0888	1.8464340576397268e-14	9.896117808411098e-10	1.3354582088180579e-14	1.3237898887426212e-13	1.3645391650391141e-18	1.003147249071931e-08
0.08900000000000001	1.8589361394302545e-14	9.96311107778279e-10	1.3414804952599675e-14	1.3297594994662044e-13	1.370692648914122e-18	1.0076664386667232e-08
0.0892	1.871494519298242e-14	1.003040591004966e-09	1.3475163297115976e-14	1.3357425393124418e-13	1.3768599763247984e-18	1.0121957642749607e-08
0.08940000000000001	1.8841093236381937e-14	1.0098002981478974e-09	1.3535657121709672e-14	1.3417390082776404e-13	1.3830411472708185e-18	1.0167352257581461e-08
0.0896	1.8967806788440828e-14	1.0165902968331688e-09	1.359628642636096e-14	1.3477489063581064e-13	1.389236161751856e-18	1.0212848229777817e-08
0.0898	1.909508711309356e-14	1.0234106546862502e-09	1.3657051211050036e-14	1.3537722335501472e-13	1.395445019767585e-18	1.0258445557953724e-08
0.09000000000000001	1.9222935474269283e-14	1.0302614393319823e-09	1.3717951475757086e-14	1.3598089898500683e-13	1.401667721317679e-18	1.0304144240724234e-08
0.0902	1.9351353135891856e-14	1.0371427183945761e-09	1.37789872204623e-14	1.365859175254177e-13	1.4079042664018132e-18	1.034994427670441e-08
0.09040000000000001	1.9480341361879882e-14	1.0440545594976182e-09	1.3840158445145881e-14	1.37192278975878e-13	1.4141546550196605e-18	1.0395845664509344e-08
0.0906	1.960990141614663e-14	1.0509970302640613e-09	1.3901465149788004e-14	1.3779998333601828e-13	1.420418887170896e-18	1.0441848402754114e-08
0.0908	1.9740034562600117e-14	1.0579701983162367e-09	1.396290733436888e-14	1.3840903060546932e-13	1.426696962855193e-18	1.0487952490053842e-08
0.091	1.987074206514303e-14	1.0649741312758416e-09	1.4024484998868695e-14	1.3901942078386172e-13	1.4329888820722263e-18	1.053415792502363e-08
0.0912	2.00020251876728e-14	1.0720088967639484e-09	1.408619814326764e-14	1.396311538708262e-13	1.439294644821669e-18	1.0580464706278627e-08
0.09140000000000001	2.013388519408155e-14	1.0790745624009998e-09	1.4148046767545912e-14	1.4024422986599336e-13	1.4456142511031962e-18	1.0626872832433961e-08
0.0916	2.0266323348256093e-14	1.0861711958068105e-09	1.4210030871683692e-14	1.408586487689938e-13	1.4519477009164812e-18	1.067338230210479e-08
0.0918	2.0399340914078007e-14	1.0932988646005687e-09	1.4272150455661186e-14	1.4147441057945835e-13	1.458294994261199e-18	1.0719993113906286e-08
0.092	2.0532939155423527e-14	1.100457636400831e-09	1.4334405519458576e-14	1.420915152970175e-13	1.4646561311370222e-18	1.0766705266453632e-08
0.0922	2.066711933616363e-14	1.1076475788255286e-09	1.4396796063056066e-14	1.4270996292130204e-13	1.4710311115436268e-18	1.081351875836202e-08
0.09240000000000001	2.0801882720163975e-14	1.1148687594919646e-09	1.445932208643384e-14	1.4332975345194257e-13	1.4774199354806855e-18	1.0860433588246657e-08
0.0926	2.0937230571284943e-14	1.1221212460168115e-09	1.4521983589572092e-14	1.4395088688856973e-13	1.4838226029478725e-18	1.0907449754722758e-08
0.09280000000000001	2.1073164153381637e-14	1.1294051060161167e-09	1.4584780572451018e-14	1.445733632308142e-13	1.4902391139448626e-18	1.0954567256405559e-08
0.093	2.1209684730303838e-14	1.1367204071052955e-09	1.46477130350508e-14	1.4519718247830663e-13	1.4966694684713287e-18	1.1001786091910299e-08
0.0932	2.1346793565896084e-14	1.1440672168991402e-09	1.4710780977351648e-14	1.458223446306777e-13	1.5031136665269465e-18	1.1049106259852244e-08
0.09340000000000001	2.1484491923997593e-14	1.1514456030118112e-09	1.4773984399333743e-14	1.4644884968755806e-13	1.5095717081113888e-18	1.109652775884666e-08
0.0936	2.162278106844226e-14	1.1588556330568404e-09	1.4837323300977274e-14	1.4707669764857834e-13	1.5160435932243299e-18	1.1144050587508818e-08
0.09380000000000001	2.1761662263058758e-14	1.166297374647134e-09	1.4900797682262447e-14	1.4770588851336924e-13	1.5225293218654443e-18	1.1191674744454029e-08
0.094	2.1901136771670412e-14	1.1737708953949681e-09	1.4964407543169443e-14	1.483364222815614e-13	1.5290288940344054e-18	1.1239400228297588e-08
0.0942	2.20412058580953e-14	1.181276262911993e-09	1.5028152883678457e-14	1.4896829895278553e-13	1.5355423097308882e-18	1.1287227037654822e-08
0.0944	2.2181870786146174e-14	1.1888135448092275e-09	1.5092033703769684e-14	1.496015185266722e-13	1.5420695689545657e-18	1.1335155171141058e-08
0.0946	2.2323132819630545e-14	1.1963828086970645e-09	1.515605000342332e-14	1.5023608100285216e-13	1.5486106717051129e-18	1.1383184627371649e-08
0.09480000000000001	2.246499322235055e-14	1.2039841221852693e-09	1.5220201782619544e-14	1.50871986380956e-13	1.5551656179822039e-18	1.1431315404961947e-08
0.095	2.260745325810311e-14	1.2116175528829766e-09	1.5284489041338563e-14	1.5150923466061441e-13	1.5617344077855117e-18	1.1479547502527315e-08
0.0952	2.2750514190679848e-14	1.2192831683986946e-09	1.5348911779560563e-14	1.5214782584145806e-13	1.568317041114712e-18	1.1527880918683149e-08
0.0954	2.289417728386703e-14	1.226981036340304e-09	1.541346999726574e-14	1.5278775992311761e-13	1.5749135179694771e-18	1.1576315652044835e-08
0.0956	2.3038443801445734e-14	1.2347112243150566e-09	1.5478163694434283e-14	1.5342903690522373e-13	1.5815238383494824e-18	1.162485170122779e-08
0.09580000000000001	2.3183315007191668e-14	1.2424737999295758e-09	1.5542992871046388e-14	1.5407165678740703e-13	1.5881480022544018e-18	1.1673489064847426e-08
0.096	2.3328792164875277e-14	1.2502688307898558e-09	1.5607957527082246e-14	1.5471561956929815e-13	1.5947860096839086e-18	1.1722227741519183e-08
0.09620000000000001	2.347487653826174e-14	1.2580963845012653e-09	1.5673057662522045e-14	1.5536092525052792e-13	1.6014378606376779e-18	1.1771067729858499e-08
0.0964	2.3621569391110866e-14	1.2659565286685433e-09	1.5738293277345987e-14	1.5600757383072679e-13	1.6081035551153828e-18	1.1820009028480833e-08
0.0966	2.3768871987177287e-14	1.2738493308958019e-09	1.580366437153426e-14	1.5665556530952556e-13	1.6147830931166982e-18	1.1869051636001665e-08
0.09680000000000001	2.3916785590210257e-14	1.2817748587865227e-09	1.586917094506706e-14	1.5730489968655484e-13	1.621476474641298e-18	1.1918195551036472e-08
0.097	2.4065311463953768e-14	1.289733179943561e-09	1.5934812997924563e-14	1.5795557696144527e-13	1.6281836996888558e-18	1.1967440772200746e-08
0.09720000000000001	2.4214450872146548e-14	1.297724361969145e-09	1.6000590530086987e-14	1.5860759713382763e-13	1.6349047682590464e-18	1.2016787298110003e-08
0.0974	2.4364205078521965e-14	1.3057484724648712e-09	1.6066503541534498e-14	1.5926096020333234e-13	1.641639680351543e-18	1.2066235127379762e-08
0.0976	2.4514575346808177e-14	1.313805579031712e-09	1.613255203224731e-14	1.5991566616959035e-13	1.6483884359660207e-18	1.2115784258625557e-08
0.0978	2.4665562940728003e-14	1.3218957492700094e-09	1.619873600220561e-14	1.6057171503223207e-13	1.6551510351021524e-18	1.2165434690462931e-08
0.098	2.4817169123998982e-14	1.330019050779479e-09	1.6265055451389586e-14	1.6122910679088835e-13	1.6619274777596135e-18	1.2215186421507452e-08
0.09820000000000001	2.4969395160333393e-14	1.3381755511592064e-09	1.6331510379779448e-14	1.6188784144518979e-13	1.6687177639380773e-18	1.2265039450374684e-08
0.0984	2.5122242313438155e-14	1.3463653180076489e-09	1.6398100787355354e-14	1.6254791899476696e-13	1.6755218936372177e-18	1.231499377568021e-08
0.09860000000000001	2.5275711847014958e-14	1.3545884189226377e-09	1.646482667409753e-14	1.6320933943925064e-13	1.6823398668567095e-18	1.2365049396039634e-08
0.0988	2.542980502476019e-14	1.3628449215013754e-09	1.6531688039986147e-14	1.6387210277827144e-13	1.6891716835962258e-18	1.2415206310068558e-08
0.099	2.558452311036495e-14	1.3711348933404368e-09	1.6598684885001416e-14	1.6453620901146003e-13	1.6960173438554416e-18	1.2465464516382612e-08
0.09920000000000001	2.573986736751501e-14	1.3794584020357662e-09	1.666581720912351e-14	1.652016581384471e-13	1.7028768476340311e-18	1.2515824013597424e-08
0.0994	2.5895839059890894e-14	1.3878155151826829e-09	1.6733085012332636e-14	1.658684501588632e-13	1.709750194931667e-18	1.2566284800328642e-08
0.09960000000000001	2.605243945116783e-14	1.396206300375877e-09	1.680048829460898e-14	1.6653658507233917e-13	1.7166373857480253e-18	1.2616846875191931e-08
0.0998	2.620966980501574e-14	1.4046308252094094e-09	1.686802705593273e-14	1.672060628785055e-13	1.723538420082778e-18	1.2667510236802955e-08
0.1	2.6367531385099284e-14	1.4130891572767145e-09	1.6935701296284098e-14	1.6787688357699293e-13	1.7304532979356012e-18	1.2718274883777408e-08
0.10020000000000001	2.6526025455077783e-14	1.4215813641705994e-09	1.700351101564326e-14	1.6854904716743223e-13	1.7373820193061677e-18	1.2769140814730982e-08
