0.0	0.0	0.0	0.0	0.0	0.0	0.0
0.0002	1.6884028381680966e-21	9.054241223261381e-17	5.419556204560638e-19	5.37230602414057e-18	5.537472237969912e-23	4.079089594849581e-13
0.0004	1.3507208580151944e-20	7.243376182355005e-16	2.1678223761798873e-18	2.1489222126580023e-17	2.2149888778055054e-22	1.6316284214301521e-12
0.0006000000000000001	4.558678128553688e-20	2.4446337928222005e-15	4.8776001087049304e-18	4.8350745352345396e-17	4.983724935951853e-22	3.671147261146912e-12
0.0008	1.0805744263848481e-19	5.7946740719709185e-15	8.671288659564668e-18	8.595687274646421e-17	8.859955372162345e-22	6.526454354047701e-12
0.001	2.110494719478451e-19	1.1317696552853737e-14	1.3548887870292592e-17	1.343076013539646e-16	1.3843680160363297e-21	1.0197538575646113e-11
0.0012000000000000001	3.6469310614726534e-19	1.9556934293865828e-14	1.9510397582422207e-17	1.934029282198753e-16	1.9934899274481016e-21	1.468438880155688e-11
0.0014	5.791185397953017e-19	3.1055615314654643e-14	2.6555817637487025e-17	2.6324285038922525e-16	2.7133612688441817e-21	1.998699390749586e-11
0.0016	8.644559250755308e-19	4.635696259614916e-14	3.4685147877020614e-17	3.4382736490704447e-16	3.543982037617201e-21	2.610534276928004e-11
0.0018000000000000002	1.2308353717966598e-18	6.60041940805891e-14	4.389838814255649e-17	4.351564688183631e-16	4.485352231159792e-21	3.303942426282755e-11
0.002	1.6883869473926356e-18	9.0540522671554e-14	5.4195538275628245e-17	5.372301591682118e-16	5.5374718468645836e-21	4.0789227264157604e-11
0.0022	2.2472406769227588e-18	1.2050915623399271e-13	6.557659811776946e-17	6.500484330016222e-16	6.700340882124209e-21	4.935474064939062e-11
0.0024000000000000002	2.917526543071794e-18	1.5645329759425224e-13	7.80415675105137e-17	7.736112873636264e-16	7.973959334331302e-21	5.873595329474806e-11
0.0026000000000000003	3.7093744861500775e-18	1.9891614454010735e-13	9.159044629539462e-17	9.07918719299256e-16	9.358327200878488e-21	6.893285407655263e-11
0.0028	4.632914404093626e-18	2.4844088982078926e-13	1.0622323431394581e-16	1.0529707258535446e-15	1.0853444479158404e-20	7.994543187122795e-11
0.003	5.698276152464262e-18	3.0557072114701567e-13	1.2193993140770101e-16	1.2087673040715257e-15	1.2459311166563678e-20	9.177367555529903e-11
0.0032	6.915589544449705e-18	3.708488211910188e-13	1.3874053741819376e-16	1.3753084509982334e-15	1.4175927260486943e-20	1.044175740053918e-10
0.0034000000000000002	8.2949843508637e-18	4.44818367586576e-13	1.566250521869578e-16	1.552594163678702e-15	1.6003292758320837e-20	1.1787711609823344e-10
0.0036000000000000003	9.846590300146104e-18	5.280225329290377e-13	1.7559347555552682e-16	1.7406244391579674e-15	1.7941407657457982e-20	1.3215229071065216e-10
0.0038	1.1580537078363028e-17	6.210044847753569e-13	1.9564580736543445e-16	1.939399274481064e-15	1.9990271955291004e-20	1.4724308671957732e-10
0.004	1.3506954329206924e-17	7.243073856441196e-13	2.1678204745821458e-16	2.1489186666930293e-15	2.214988564921256e-20	1.6314949300203942e-10
0.004200000000000001	1.5635971653996717e-17	8.384743930155725e-13	2.390021956754008e-16	2.3691826128389005e-15	2.4420248736615262e-20	1.7987149843517018e-10
0.0044	1.7977718611677868e-17	9.640486593316516e-13	2.6230625185852696e-16	2.6001911099637116e-15	2.680136121489174e-20	1.9740909189620218e-10
0.0046	2.054232471882256e-17	1.1015733319960145e-12	2.866942158491267e-16	2.8419441551125044e-15	2.929322308143462e-20	2.1576226226246938e-10
0.0048000000000000004	2.3339919449629767e-17	1.251591553374067e-12	3.121660874887339e-16	3.094441745330316e-15	3.189583433363657e-20	2.349309984114066e-10
0.005	2.638063223592532e-17	1.4146464607929925e-12	3.387218666188823e-16	3.3576838776621837e-15	3.4609194968890186e-20	2.549152892205501e-10
0.005200000000000001	2.9674592467162126e-17	1.5912811865417817e-12	3.6636155308110587e-16	3.631670549153149e-15	3.7433304984588114e-20	2.757151235675371e-10
0.0054	3.3231929490420135e-17	1.7820388578712618e-12	3.9508514671693817e-16	3.916401756848251e-15	4.036816437812299e-20	2.9733049033010566e-10
0.0056	3.7062772610406635e-17	1.9874625969941254e-12	4.2489264736791323e-16	4.21187749779253e-15	4.3413773146887434e-20	3.197613783860955e-10
0.0058000000000000005	4.1177251089456205e-17	2.2080955210849627e-12	4.557840548755651e-16	4.5180977690310305e-15	4.6570131288274076e-20	3.4300777661344717e-10
0.006	4.558549414753084e-17	2.4444807422802825e-12	4.877593690814273e-16	4.835062567608788e-15	4.9837238799675567e-20	3.67069673890202e-10
0.006200000000000001	5.0297630962220195e-17	2.697161367678552e-12	5.208185898270339e-16	5.162771890570851e-15	5.3215095678484535e-20	3.9194705909450313e-10
0.0064	5.532379066874151e-17	2.9666804993402188e-12	5.549617169539187e-16	5.501225734962256e-15	5.670370192209358e-20	4.176399211045942e-10
0.0066	6.067410235993991e-17	3.253581234287742e-12	5.901887503036157e-16	5.850424097828051e-15	6.030305752789537e-20	4.4414824879882035e-10
0.0068000000000000005	6.635869508628836e-17	3.558406664505625e-12	6.264996897176589e-16	6.210366976213278e-15	6.401316249328255e-20	4.714720310556277e-10
0.007	7.238769785588778e-17	3.8816998769404335e-12	6.63894535037582e-16	6.581054367162982e-15	6.783401681564768e-20	4.996112567535633e-10
0.007200000000000001	7.877123963446737e-17	4.224003953500843e-12	7.023732861049194e-16	6.962486267722208e-15	7.176562049238351e-20	5.285659147712758e-10
0.0074	8.551944934538438e-17	4.585861971057646e-12	7.419359427612047e-16	7.354662674936e-15	7.580797352088256e-20	5.583359939875143e-10
0.0076	9.264245586962459e-17	4.9678170014438026e-12	7.825825048479719e-16	7.757583585849406e-15	7.99610758985375e-20	5.889214832811295e-10
0.0078000000000000005	1.0015038804580206e-16	5.3704121114544566e-12	8.243129722067557e-16	8.17124899750747e-15	8.422492762274102e-20	6.20322371531073e-10
0.008	1.080533746701595e-16	5.794190362846964e-12	8.671273446790891e-16	8.595658906955241e-15	8.859952869088566e-20	6.525386476163975e-10
0.0082	1.1636154449656835e-16	6.2396948123409345e-12	9.110256221065068e-16	9.030813311237769e-15	9.30848791003641e-20	6.855703004162573e-10
0.008400000000000001	1.2508502623652868e-16	6.707468511618245e-12	9.560078043305426e-16	9.4767122074001e-15	9.768097884856899e-20	7.194173188099065e-10
0.0086	1.3423394855916954e-16	7.198054507323071e-12	1.0020738911927307e-15	9.933355592487275e-15	1.0238782793289291e-19	7.54079691676702e-10
0.0088	1.4381844009124914e-16	7.711995841061942e-12	1.0492238825346054e-15	1.0400743463544356e-14	1.0720542635072854e-19	7.895574078961005e-10
0.009000000000000001	1.5384862941715456e-16	8.24983554940373e-12	1.0974577781977002e-15	1.087887581761639e-14	1.121337740994685e-19	8.258504563476604e-10
0.0092	1.6433464507890221e-16	8.812116663879698e-12	1.1467755780235499e-15	1.1367752651748416e-14	1.1717287117650534e-19	8.629588259110411e-10
0.0094	1.7528661557613796e-16	9.399382210983551e-12	1.1971772818536882e-15	1.1867373962985496e-14	1.2232271757923188e-19	9.00882505466003e-10
0.009600000000000001	1.8671466936613686e-16	1.0012175212171417e-11	1.2486628895296493e-15	1.2377739748372684e-14	1.2758331330504063e-19	9.396214838924079e-10
0.0098	1.9862893486380374e-16	1.065103868386192e-11	1.3012324008929675e-15	1.289885000495502e-14	1.329546583513242e-19	9.791757500702181e-10
0.01	2.1103954044167312e-16	1.1316515637436189e-11	1.3548858157851771e-15	1.3430704729777565e-14	1.3843675271547527e-19	1.0195452928794978e-09
0.0102	2.239566144299091e-16	1.200914907923788e-11	1.4096231340478122e-15	1.3973303919885373e-14	1.440295963948865e-19	1.0607301012004113e-09
0.010400000000000001	2.3739028511630595e-16	1.2729482010573238e-11	1.4654443555224068e-15	1.452664757232349e-14	1.4973318938695043e-19	1.1027301639132257e-09
0.0106	2.513506807462874e-16	1.3478057427711079e-11	1.5223494800504947e-15	1.5090735684136975e-14	1.5554753168905978e-19	1.1455454698983063e-09
0.0108	2.6584792952290826e-16	1.425541832188286e-11	1.5803385074736118e-15	1.5665568252370886e-14	1.614726232986072e-19	1.1891760080361225e-09
0.011000000000000001	2.808921596068527e-16	1.506210767928269e-11	1.6394114376332913e-15	1.6251145274070277e-14	1.6750846421298524e-19	1.233621767207244e-09
0.0112	2.9649349911643543e-16	1.589866848106734e-11	1.6995682703710664e-15	1.6847466746280192e-14	1.7365505442958653e-19	1.2788827362923393e-09
0.0114	3.1266207612760193e-16	1.676564370335634e-11	1.7608090055284734e-15	1.7454532666045703e-14	1.7991239394580372e-19	1.324958904172182e-09
0.011600000000000001	3.294080186739279e-16	1.7663576317231927e-11	1.8231336429470457e-15	1.8072343030411866e-14	1.8628048275902953e-19	1.3718502597276432e-09
0.0118	3.4674145474661953e-16	1.85930092887391e-11	1.886542182468317e-15	1.870089783642372e-14	1.9275932086665647e-19	1.419556791839696e-09
0.012	3.6467251229451466e-16	1.9554485578885692e-11	1.951034623933823e-15	1.934019708112634e-14	1.993489082660773e-19	1.4680784893894173e-09
0.0122	3.8321131922408117e-16	2.0548548143642335e-11	2.0166109671850963e-15	1.9990240761564787e-14	2.0604924495468462e-19	1.5174153412579809e-09
0.012400000000000001	4.023680033994181e-16	2.157573993394255e-11	2.0832712120636737e-15	2.0651028874784112e-14	2.12860330929871e-19	1.5675673363266647e-09
0.0126	4.221526926422556e-16	2.2636603895682718e-11	2.1510153584110874e-15	2.132256141782937e-14	2.1978216618902896e-19	1.618534463476846e-09
0.0128	4.4257551473195567e-16	2.3731682969722137e-11	2.2198434060688726e-15	2.2004838387745627e-14	2.2681475072955145e-19	1.6703167115900046e-09
0.013000000000000001	4.636465974055107e-16	2.486152009188309e-11	2.289755354878563e-15	2.2697859781577947e-14	2.3395808454883094e-19	1.7229140695477205e-09
0.0132	4.853760683575452e-16	2.602665819295077e-11	2.3607512046816944e-15	2.3401625596371383e-14	2.4121216764425992e-19	1.7763265262316741e-09
0.0134	5.077740552403148e-16	2.7227640198673452e-11	2.4328309553198006e-15	2.4116135829171004e-14	2.4857700001323126e-19	1.8305540705236485e-09
0.013600000000000001	5.3085068566370705e-16	2.846500902976239e-11	2.5059946066344163e-15	2.4841390477021867e-14	2.560525816531375e-19	1.8855966913055273e-09
0.013800000000000002	5.546160871952412e-16	2.9739307601891904e-11	2.5802421584670755e-15	2.5577389536969045e-14	2.636389125613712e-19	1.941454377459295e-09
0.014	5.790803873600682e-16	3.105107882569941e-11	2.6555736106593122e-15	2.6324133006057583e-14	2.71335992735325e-19	1.9981271178670358e-09
0.0142	6.042537136409715e-16	3.24008656067855e-11	2.731988963052662e-15	2.7081620881332567e-14	2.7914382217239175e-19	2.0556149014109377e-09
0.014400000000000001	6.301461934783666e-16	3.3789210845713824e-11	2.8094882154886604e-15	2.784985315983904e-14	2.870624008699639e-19	2.1139177169732885e-09
0.0146	6.567679542703002e-16	3.521665743801126e-11	2.888071367808838e-15	2.862882983862209e-14	2.95091728825434e-19	2.1730355534364764e-09
0.0148	6.841291233724529e-16	3.6683748274167936e-11	2.9677384198547343e-15	2.941855091472675e-14	3.032318060361949e-19	2.232968399682991e-09
0.015000000000000001	7.122398280981367e-16	3.819102623963715e-11	3.0484893714678805e-15	3.021901638519812e-14	3.114826324996391e-19	2.2937162445954255e-09
0.0152	7.411101957182963e-16	3.9739034214835466e-11	3.130324222489812e-15	3.103022624708124e-14	3.198442082131592e-19	2.355279077056468e-09
0.0154	7.707503534615093e-16	4.132831507514281e-11	3.213242972762064e-15	3.185218049742121e-14	3.283165331741479e-19	2.4176568859489153e-09
0.015600000000000001	8.011704285139858e-16	4.2959411690902395e-11	3.2972456221261715e-15	3.268487913326305e-14	3.36899607379998e-19	2.48084966015566e-09
0.0158	8.323805480195692e-16	4.4632866927420775e-11	3.382332170423667e-15	3.352832215165187e-14	3.4559343082810185e-19	2.544857388559698e-09
0.016	8.643908390797348e-16	4.634922364496789e-11	3.4685026174960874e-15	3.438250954963271e-14	3.543980035158522e-19	2.6096800600441238e-09
0.0162	8.972114287535925e-16	4.8109024698777115e-11	3.555756963184966e-15	3.524744132425066e-14	3.6331332544064163e-19	2.675317663492137e-09
0.0164	9.308524440578854e-16	4.9912812939045313e-11	3.644095207331838e-15	3.6123117472550795e-14	3.723393965998629e-19	2.7417701877870362e-09
0.0166	9.65324011966988e-16	5.1761131210932676e-11	3.733517349778237e-15	3.700953799157817e-14	3.8147621699090856e-19	2.809037621812219e-09
0.016800000000000002	1.0006362594129107e-15	5.3654522354563076e-11	3.8240233903657005e-15	3.790670287837786e-14	3.907237866111714e-19	2.877119954451188e-09
0.017	1.0367993132852948e-15	5.559352920502374e-11	3.91561332893576e-15	3.881461212999492e-14	4.000821054580437e-19	2.9460171745875446e-09
0.0172	1.0738233004314177e-15	5.757869459236557e-11	4.008287165329953e-15	3.973326574347444e-14	4.0955117352891834e-19	3.0157292711049898e-09
0.017400000000000002	1.1117183476561907e-15	5.961056134160309e-11	4.1020448993898135e-15	4.0662663715861504e-14	4.1913099082118798e-19	3.0862562328873294e-09
0.0176	1.1504945817221552e-15	6.168967227271428e-11	4.196886530956875e-15	4.160280604420116e-14	4.2882155733224516e-19	3.1575980488184673e-09
0.0178	1.1901621293494913e-15	6.38165702006409e-11	4.292812059872671e-15	4.255369272553849e-14	4.386228730594825e-19	3.229754707782409e-09
0.018000000000000002	1.2307311172160106e-15	6.599179793528841e-11	4.389821485978741e-15	4.351532375691859e-14	4.485349380002928e-19	3.3027261986632644e-09
0.0182	1.2722116719571599e-15	6.821589828152584e-11	4.487914809116616e-15	4.4487699135386504e-14	4.585577521520686e-19	3.3765125103452397e-09
0.0184	1.3146139201660187e-15	7.048941403918604e-11	4.587092029127833e-15	4.547081885798731e-14	4.686913155122022e-19	3.4511136317126435e-09
0.018600000000000002	1.357947988393304e-15	7.281288800306572e-11	4.6873531458539255e-15	4.64646829217661e-14	4.78935628078087e-19	3.5265295516498867e-09
0.0188	1.4022240031473633e-15	7.518686296292511e-11	4.788698159136428e-15	4.7469291323767934e-14	4.892906898471148e-19	3.6027602590414792e-09
0.019	1.4474520908941822e-15	7.761188170348855e-11	4.891127068816874e-15	4.8484644061037906e-14	4.997565008166788e-19	3.679805742772036e-09
0.019200000000000002	1.4936423780573808e-15	8.00884870044441e-11	4.994639874736805e-15	4.9510741130621104e-14	5.103330609841715e-19	3.75766599172627e-09
0.0194	1.5408049910182112e-15	8.261722164044368e-11	5.099236576737749e-15	5.054758252956255e-14	5.210203703469854e-19	3.836340994788995e-09
0.0196	1.5889500561155634e-15	8.519862838110316e-11	5.2049171746612425e-15	5.159516825490737e-14	5.318184289025133e-19	3.915830740845126e-09
0.0198	1.6380876996459614e-15	8.783324999100238e-11	5.3116816683488235e-15	5.265349830370065e-14	5.427272366481478e-19	3.9961352187796816e-09
0.02	1.6882280478635645e-15	9.052162922968508e-11	5.419530057642024e-15	5.372257267298744e-14	5.537467935812813e-19	4.077254417477776e-09
0.020200000000000003	1.7393812269801671e-15	9.326430885165903e-11	5.52846234238238e-15	5.480239135981283e-14	5.648770996993067e-19	4.159188325824632e-09
0.0204	1.7915573631651994e-15	9.606183160639599e-11	5.6384785224114235e-15	5.589295436122192e-14	5.761181549996168e-19	4.2419369327055664e-09
0.0206	1.8447665825457263e-15	9.891474023833189e-11	5.749578597570694e-15	5.699426167425975e-14	5.874699594796036e-19	4.325500227006003e-09
0.020800000000000003	1.8990190112064515e-15	1.0182357748686662e-10	5.861762567701726e-15	5.810631329597144e-14	5.989325131366605e-19	4.409878197611461e-09
0.021	1.9543247751897085e-15	1.047888860863642e-10	5.975030432646052e-15	5.922910922340206e-14	6.105058159681795e-19	4.495070833407564e-09
0.0212	2.0106940004954717e-15	1.078112087661529e-10	6.089382192245207e-15	6.036264945359668e-14	6.221898679715536e-19	4.581078123280035e-09
0.021400000000000002	2.068136813081352e-15	1.1089108825052505e-10	6.204817846340731e-15	6.150693398360041e-14	6.339846691441754e-19	4.667900056114703e-09
0.0216	2.1266633388625907e-15	1.1402906725873716e-10	6.3213373947741514e-15	6.26619628104583e-14	6.458902194834375e-19	4.75553662079749e-09
0.0218	2.186283703712071e-15	1.1722568850501006e-10	6.438940837387009e-15	6.382773593121544e-14	6.579065189867323e-19	4.843987806214427e-09
0.022000000000000002	2.2470080334603125e-15	1.2048149469852896e-10	6.557628174020839e-15	6.500425334291698e-14	6.70033567651453e-19	4.93325360125164e-09
0.0222	2.308846453895464e-15	1.2379702854344295e-10	6.677399404517173e-15	6.619151504260791e-14	6.822713654749916e-19	5.023333994795357e-09
0.0224	2.3718090907633207e-15	1.2717283273886584e-10	6.798254528717546e-15	6.738952102733336e-14	6.946199124547411e-19	5.1142289757319085e-09
0.022600000000000002	2.435906069767308e-15	1.3060944997887573e-10	6.9201935464635006e-15	6.859827129413843e-14	7.070792085880938e-19	5.20593853294773e-09
0.0228	2.501147516568489e-15	1.3410742295251477e-10	7.043216457596561e-15	6.981776584006818e-14	7.196492538724428e-19	5.298462655329352e-09
0.023	2.5675435567855646e-15	1.3766729434378997e-10	7.167323261958268e-15	7.104800466216771e-14	7.3233004830518035e-19	5.391801331763404e-09
0.023200000000000002	2.635104315994875e-15	1.4128960683167254e-10	7.292513959390162e-15	7.228898775748215e-14	7.451215918836997e-19	5.485954551136626e-09
0.0234	2.7038399197303916e-15	1.4497490309009807e-10	7.418788549733768e-15	7.354071512305652e-14	7.580238846053928e-19	5.5809223023358486e-09
0.0236	2.7737604934837267e-15	1.4872372578796683e-10	7.546147032830628e-15	7.480318675593592e-14	7.710369264676524e-19	5.6767045742480124e-09
0.0238	2.844876162704135e-15	1.525366175891435e-10	7.674589408522275e-15	7.607640265316548e-14	7.841607174678717e-19	5.773301355760156e-09
0.024	2.9171970527984946e-15	1.5641412115245745e-10	7.804115676650245e-15	7.736036281179025e-14	7.973952576034425e-19	5.870712635759415e-09
0.024200000000000003	2.9907332891313365e-15	1.6035677913170236e-10	7.934725837056074e-15	7.865506722885537e-14	8.107405468717581e-19	5.968938403133031e-09
0.0244	3.0654949970248205e-15	1.643651341756368e-10	8.06641988958129e-15	7.996051590140587e-14	8.241965852702108e-19	6.067978646768342e-09
0.0246	3.1414923017587465e-15	1.6843972892798393e-10	8.199197834067441e-15	8.127670882648686e-14	8.377633727961931e-19	6.1678333555527915e-09
0.024800000000000003	3.2187353285705517e-15	1.7258110602743132e-10	8.333059670356056e-15	8.260364600114349e-14	8.514409094470981e-19	6.268502518373925e-09
0.025	3.297234202655312e-15	1.7678980810763156e-10	8.468005398288667e-15	8.394132742242075e-14	8.65229195220318e-19	6.369986124119383e-09
0.0252	3.376999049165739e-15	1.8106637779720193e-10	8.604035017706815e-15	8.528975308736385e-14	8.791282301132452e-19	6.472284161676911e-09
0.025400000000000002	3.4580399932121912e-15	1.8541135771972423e-10	8.741148528452032e-15	8.66489229930178e-14	8.931380141232738e-19	6.57539661993436e-09
0.0256	3.540367159862649e-15	1.898252904937452e-10	8.879345930365852e-15	8.80188371364277e-14	9.072585472477945e-19	6.6793234877796666e-09
0.0258	3.623990674142749e-15	1.9430871873277648e-10	9.018627223289815e-15	8.939949551463868e-14	9.214898294842012e-19	6.784064754100888e-09
0.026000000000000002	3.708920661035755e-15	1.9886218504529454e-10	9.158992407065454e-15	9.079089812469585e-14	9.358318608298864e-19	6.889620407786172e-09
0.0262	3.795167245482573e-15	2.034862320347404e-10	9.300441481534304e-15	9.219304496364425e-14	9.502846412822419e-19	6.995990437723764e-09
0.0264	3.882740552381748e-15	2.0818140229952036e-10	9.4429744465379e-15	9.360593602852899e-14	9.648481708386613e-19	7.103174832802021e-09
0.026600000000000002	3.971650706589464e-15	2.1294823843300569e-10	9.586591301917786e-15	9.502957131639523e-14	9.795224494965371e-19	7.2111735819093945e-09
0.0268	4.061907832919542e-15	2.1778728302353212e-10	9.731292047515479e-15	9.646395082428796e-14	9.943074772532613e-19	7.3199866739344316e-09
0.027	4.153522056143441e-15	2.2269907865440092e-10	9.87707668317253e-15	9.790907454925238e-14	1.009203254106227e-18	7.429614097765793e-09
0.027200000000000002	4.2465035009902705e-15	2.2768416790387824e-10	1.0023945208730473e-14	9.93649424883335e-14	1.0242097800528271e-18	7.540055842292234e-09
0.0274	4.3408622921467584e-15	2.3274309334519494e-10	1.0171897624030836e-14	1.0083155463857651e-13	1.0393270550904536e-18	7.651311896402605e-09
0.027600000000000003	4.436608554257297e-15	2.3787639754654746e-10	1.0320933928915163e-14	1.0230891099702648e-13	1.0545550792164996e-18	7.763382248985873e-09
0.027800000000000002	4.5337524119238924e-15	2.4308462307109694e-10	1.0471054123224985e-14	1.0379701156072848e-13	1.0698938524283573e-18	7.876266888931086e-09
0.028	4.6323039897062124e-15	2.4836831247696987e-10	1.0622258206801834e-14	1.0529585632672761e-13	1.0853433747234196e-18	7.98996580512741e-09
0.028200000000000003	4.732273412121552e-15	2.53728008317258e-10	1.0774546179487251e-14	1.0680544529206904e-13	1.1009036460990799e-18	8.104478986464104e-09
0.0284	4.833670803644848e-15	2.5916425314001795e-10	1.0927918041122773e-14	1.0832577845379778e-13	1.1165746665527295e-18	8.219806421830527e-09
0.0286	4.936506288708682e-15	2.6467758948827167e-10	1.1082373791549934e-14	1.0985685580895896e-13	1.1323564360817616e-18	8.335948100116145e-09
0.028800000000000003	5.040789991703271e-15	2.702685599000068e-10	1.1237913430610269e-14	1.1139867735459774e-13	1.1482489546835694e-18	8.452904010210524e-09
0.029	5.146532036976472e-15	2.759377069081755e-10	1.139453695814531e-14	1.1295124308775921e-13	1.1642522223555446e-18	8.570674141003323e-09
0.0292	5.2537425488337816e-15	2.8168557304069587e-10	1.1552244373996594e-14	1.1451455300548842e-13	1.1803662390950804e-18	8.689258481384308e-09
0.029400000000000003	5.362431651538347e-15	2.8751270082045114e-10	1.1711035678005666e-14	1.1608860710483044e-13	1.1965910048995693e-18	8.808657020243349e-09
0.0296	5.4726094693109376e-15	2.934196327652897e-10	1.1870910870014049e-14	1.176734053828305e-13	1.2129265197664038e-18	8.928869746470411e-09
0.0298	5.584286126329982e-15	2.994069113880257e-10	1.2031869949863285e-14	1.1926894783653362e-13	1.2293727836929765e-18	9.049896648955566e-09
0.030000000000000002	5.6974717467315374e-15	3.054750791964386e-10	1.2193912917394909e-14	1.20875234462985e-13	1.2459297966766804e-18	9.171737716588982e-09
0.0302	5.812176454609307e-15	3.1162467869327303e-10	1.2357039772450455e-14	1.2249226525922962e-13	1.2625975587149077e-18	9.294392938260926e-09
0.0304	5.9284103740146334e-15	3.1785625237623944e-10	1.2521250514871461e-14	1.2412004022231264e-13	1.2793760698050515e-18	9.417862302861773e-09
0.030600000000000002	6.0461836289565004e-15	3.2417034273801394e-10	1.2686545144499465e-14	1.2575855934927918e-13	1.2962653299445044e-18	9.542145799282e-09
0.0308	6.165506343401533e-15	3.3056749226623754e-10	1.2852923661175997e-14	1.2740782263717437e-13	1.3132653391306585e-18	9.667243416412171e-09
0.031	6.286388641273995e-15	3.370482434435175e-10	1.3020386064742595e-14	1.2906783008304325e-13	1.330376097360907e-18	9.79315514314297e-09
0.031200000000000002	6.408840646455802e-15	3.436131387474264e-10	1.3188932355040802e-14	1.3073858168393097e-13	1.3475976046326426e-18	9.919880968365168e-09
0.031400000000000004	6.532872482786497e-15	3.502627206505024e-10	1.3358562531912141e-14	1.3242007743688274e-13	1.3649298609432575e-18	1.0047420880969645e-08
0.0316	6.658494274063272e-15	3.5699753162024924e-10	1.3529276595198156e-14	1.341123173389435e-13	1.382372866290144e-18	1.0175774869847373e-08
0.0318	6.785716144040955e-15	3.638181141191366e-10	1.370107454474038e-14	1.3581530138715842e-13	1.3999266206706958e-18	1.0304942923889438e-08
0.032	6.9145482164320325e-15	3.7072501060459983e-10	1.3873956380380352e-14	1.3752902957857261e-13	1.4175911240823044e-18	1.0434925031987013e-08
0.0322	7.045000614906612e-15	3.7771876352904e-10	1.4047922101959602e-14	1.3925350191023124e-13	1.4353663765223632e-18	1.0565721183031386e-08
0.0324	7.177083463092454e-15	3.847999153398238e-10	1.4222971709319675e-14	1.409887183791794e-13	1.4532523779882648e-18	1.0697331365913933e-08
0.032600000000000004	7.310806884574965e-15	3.919690084792843e-10	1.4399105202302102e-14	1.427346789824622e-13	1.471249128477402e-18	1.0829755569526145e-08
0.0328	7.446181002897179e-15	3.992265853847193e-10	1.4576322580748413e-14	1.444913837171247e-13	1.4893566279871664e-18	1.0962993782759597e-08
0.033	7.583215941559787e-15	4.065731884883934e-10	1.4754623844500146e-14	1.462588325802121e-13	1.507574876514952e-18	1.1097045994505972e-08
0.0332	7.721921824021115e-15	4.1400936021753686e-10	1.493400899339885e-14	1.480370255687694e-13	1.5259038740581503e-18	1.1231912193657066e-08
0.0334	7.862308773697134e-15	4.215356429943458e-10	1.511447802728605e-14	1.4982596267984183e-13	1.5443436206141547e-18	1.136759236910476e-08
0.033600000000000005	8.004386913961465e-15	4.291525792359827e-10	1.5296030946003285e-14	1.5162564391047452e-13	1.562894116180358e-18	1.1504086509741049e-08
0.033800000000000004	8.148166368145348e-15	4.36860711354575e-10	1.5478667749392087e-14	1.5343606925771247e-13	1.581555360754152e-18	1.164139460445801e-08
0.034	8.293657259537696e-15	4.446605817572171e-10	1.566238843729399e-14	1.5525723871860083e-13	1.6003273543329297e-18	1.1779516642147845e-08
0.0342	8.440869711385048e-15	4.5255273284596915e-10	1.584719300955054e-14	1.5708915229018478e-13	1.6192100969140836e-18	1.1918452611702832e-08
0.0344	8.589813846891585e-15	4.6053770701785727e-10	1.603308146600327e-14	1.589318099695094e-13	1.6382035884950067e-18	1.2058202502015374e-08
0.0346	8.740499789219144e-15	4.686160466648738e-10	1.622005380649371e-14	1.607852117536198e-13	1.6573078290730913e-18	1.2198766301977955e-08
0.034800000000000005	8.892937661487197e-15	4.767882941739777e-10	1.6408110030863406e-14	1.6264935763956117e-13	1.6765228186457307e-18	1.2340144000483184e-08
0.035	9.047137586772851e-15	4.850549919270927e-10	1.659725013895388e-14	1.6452424762437855e-13	1.6958485572103164e-18	1.248233558642374e-08
0.0352	9.203109688110866e-15	4.934166823011099e-10	1.678747413060668e-14	1.6640988170511703e-13	1.7152850447642422e-18	1.2625341048692424e-08
0.0354	9.360864088493652e-15	5.018739076678865e-10	1.6978782005663332e-14	1.6830625987882184e-13	1.7348322813048995e-18	1.2769160376182135e-08
0.0356	9.520410910871255e-15	5.104272103942455e-10	1.717117376396538e-14	1.7021338214253803e-13	1.7544902668296825e-18	1.2913793557785868e-08
0.0358	9.681760278151361e-15	5.190771328419766e-10	1.7364649405354365e-14	1.7213124849331072e-13	1.7742590013359824e-18	1.3059240582396727e-08
0.036000000000000004	9.844922313199313e-15	5.278242173678358e-10	1.755920892967182e-14	1.7405985892818518e-13	1.7941384848211934e-18	1.3205501438907913e-08
0.0362	1.0009907138838084e-14	5.366690063235448e-10	1.775485233675927e-14	1.759992134442063e-13	1.8141287172827066e-18	1.335257611621272e-08
0.0364	1.01767248778483e-14	5.456120420557922e-10	1.7951579626458264e-14	1.7794931203841933e-13	1.834229698717915e-18	1.3500464603204558e-08
0.0366	1.0345385652968222e-14	5.54653866906233e-10	1.814939079861033e-14	1.7991015470786932e-13	1.854441429124211e-18	1.3649166888776917e-08
0.0368	1.0515899586893772e-14	5.637950232114885e-10	1.8348285853057012e-14	1.818817414496015e-13	1.874763908498988e-18	1.3798682961823414e-08
0.037000000000000005	1.068827680227851e-14	5.730360533031469e-10	1.8548264789639843e-14	1.8386407226066098e-13	1.895197136839639e-18	1.394901281123775e-08
0.037200000000000004	1.0862527421733626e-14	5.823774995077621e-10	1.8749327608200354e-14	1.858571471380928e-13	1.9157411141435555e-18	1.4100156425913728e-08
0.0374	1.1038661567827965e-14	5.918199041468544e-10	1.8951474308580087e-14	1.8786096607894214e-13	1.9363958404081302e-18	1.4252113794745253e-08
0.0376	1.1216689363088032e-14	6.013638095369117e-10	1.9154704890620577e-14	1.8987552908025412e-13	1.9571613156307567e-18	1.440488490662634e-08
0.0378	1.1396620929997957e-14	6.110097579893878e-10	1.9359019354163353e-14	1.9190083613907388e-13	1.9780375398088267e-18	1.4558469750451098e-08
0.038	1.1578466390999516e-14	6.20758291810703e-10	1.9564417699049963e-14	1.9393688725244656e-13	1.9990245129397335e-18	1.4712868315113731e-08
0.038200000000000005	1.1762235868492152e-14	6.306099533022445e-10	1.9770899925121944e-14	1.9598368241741732e-13	2.0201222350208704e-18	1.4868080589508561e-08
0.038400000000000004	1.194793948483292e-14	6.405652847603661e-10	1.997846603222083e-14	1.980412216310312e-13	2.0413307060496274e-18	1.5024106562529982e-08
0.0386	1.213558736233655e-14	6.506248284763883e-10	2.0187116020188145e-14	2.0010950489033334e-13	2.0626499260234e-18	1.5180946223072524e-08
0.0388	1.2325189623275394e-14	6.607891267365976e-10	2.0396849888865442e-14	2.021885321923689e-13	2.0840798949395787e-18	1.533859956003079e-08
0.039	1.2516756389879473e-14	6.710587218222486e-10	2.060766763809425e-14	2.0427830353418303e-13	2.105620612795558e-18	1.5497066562299498e-08
0.0392	1.271029778433644e-14	6.814341560095616e-10	2.0819569267716103e-14	2.0637881891282081e-13	2.1272720795887287e-18	1.5656347218773466e-08
0.039400000000000004	1.2905823928791597e-14	6.919159715697245e-10	2.103255477757255e-14	2.0849007832532748e-13	2.149034295316486e-18	1.581644151834761e-08
0.0396	1.3103344945347879e-14	7.025047107688908e-10	2.124662416750511e-14	2.1061208176874808e-13	2.1709072599762197e-18	1.597734944991695e-08
0.0398	1.3302870956065894e-14	7.132009158681824e-10	2.1461777437355328e-14	2.127448292401277e-13	2.1928909735653233e-18	1.6139071002376595e-08
0.04	1.3504412082963875e-14	7.240051291236868e-10	2.1678014586964736e-14	2.148883207365116e-13	2.21498543608119e-18	1.6301606164621773e-08
0.0402	1.3707978448017703e-14	7.349178927864589e-10	2.1895335616174877e-14	2.170425562549448e-13	2.2371906475212128e-18	1.6464954925547807e-08
0.040400000000000005	1.3913580173160931e-14	7.459397491025214e-10	2.2113740524827294e-14	2.1920753579247253e-13	2.2595066078827832e-18	1.662911727405012e-08
0.040600000000000004	1.412122738028472e-14	7.57071240312862e-10	2.2333229312763502e-14	2.2138325934613986e-13	2.2819333171632948e-18	1.6794093199024223e-08
0.0408	1.4330930191237895e-14	7.683129086534373e-10	2.255380197982506e-14	2.23569726912992e-13	2.30447077536014e-18	1.6959882689365745e-08
0.041	1.454269872782693e-14	7.7966529635517e-10	2.2775458525853486e-14	2.2576693849007396e-13	2.3271189824707107e-18	1.7126485733970423e-08
0.0412	1.475654311181596e-14	7.911289456439503e-10	2.2998198950690327e-14	2.2797489407443093e-13	2.349877938492401e-18	1.7293902321734064e-08
0.0414	1.4972473464926734e-14	8.027043987406349e-10	2.322202325417712e-14	2.3019359366310813e-13	2.3727476434226017e-18	1.7462132441552608e-08
0.041600000000000005	1.5190499908838683e-14	8.143921978610482e-10	2.3446931436155402e-14	2.324230372531506e-13	2.3957280972587077e-18	1.7631176082322077e-08
0.041800000000000004	1.541063256518884e-14	8.261928852159814e-10	2.3672923496466707e-14	2.3466322484160357e-13	2.41881929999811e-18	1.78010332329386e-08
0.042	1.5632881555571945e-14	8.381070030111929e-10	2.3899999434952572e-14	2.3691415642551206e-13	2.4420212516382005e-18	1.7971703882298405e-08
0.0422	1.5857257001540336e-14	8.501350934474086e-10	2.412815925145453e-14	2.391758320019213e-13	2.465333952176374e-18	1.8143188019297822e-08
0.0424	1.6083769024604016e-14	8.622776987203216e-10	2.4357402945814117e-14	2.414482515678763e-13	2.4887574016100217e-18	1.8315485632833288e-08
0.0426	1.6312427746230648e-14	8.745353610205913e-10	2.4587730517872878e-14	2.4373141512042247e-13	2.5122915999365364e-18	1.8488596711801333e-08
0.042800000000000005	1.6543243287845535e-14	8.86908622533847e-10	2.4819141967472357e-14	2.4602532265660474e-13	2.535936547153312e-18	1.8662521245098594e-08
0.043000000000000003	1.6776225770831603e-14	8.993980254406814e-10	2.5051637294454068e-14	2.483299741734683e-13	2.5596922432577398e-18	1.8837259221621798e-08
0.0432	1.7011385316529455e-14	9.120041119166581e-10	2.528521649865956e-14	2.506453696680582e-13	2.5835586882472122e-18	1.901281063026778e-08
0.0434	1.7248732046237343e-14	9.247274241323056e-10	2.551987957993037e-14	2.529715091374197e-13	2.607535882119122e-18	1.9189175459933494e-08
0.0436	1.7488276081211152e-14	9.37568504253122e-10	2.575562653810803e-14	2.553083925785979e-13	2.6316238248708627e-18	1.9366353699515952e-08
0.0438	1.773002754266443e-14	9.50527894439571e-10	2.5992457373034084e-14	2.57656019988638e-13	2.6558225164998262e-18	1.954434533791231e-08
0.044000000000000004	1.7973996551768367e-14	9.636061368470856e-10	2.623037208455008e-14	2.600143913645852e-13	2.6801319570034066e-18	1.9723150364019806e-08
0.0442	1.8220193229651783e-14	9.768037736260633e-10	2.646937067249752e-14	2.6238350670348445e-13	2.704552146378994e-18	1.9902768766735767e-08
0.0444	1.8468627697401167e-14	9.901213469218725e-10	2.6709453136717964e-14	2.64763366002381e-13	2.7290830846239826e-18	2.0083200534957647e-08
0.0446	1.8719310076060677e-14	1.0035593988748468e-09	2.695061947705295e-14	2.6715396925832e-13	2.753724771735765e-18	2.0264445657582976e-08
0.0448	1.8972250486632072e-14	1.0171184716202894e-09	2.7192869693344002e-14	2.695553164683465e-13	2.7784772077117336e-18	2.0446504123509416e-08
0.045000000000000005	1.9227459050074808e-14	1.0307991072884692e-09	2.7436203785432686e-14	2.7196740762950595e-13	2.803340392549281e-18	2.0629375921634702e-08
0.045200000000000004	1.9484945887305936e-14	1.0446018480046237e-09	2.7680621753160507e-14	2.7439024273884313e-13	2.8283143262458e-18	2.0813061040856673e-08
0.0454	1.974472111920021e-14	1.0585272358889572e-09	2.7926123596369e-14	2.768238217934033e-13	2.8533990087986832e-18	2.099755947007328e-08
0.0456	2.0006794866590006e-14	1.0725758130566435e-09	2.817270931489973e-14	2.7926814479023174e-13	2.8785944402053227e-18	2.1182871198182575e-08
0.0458	2.0271177250265344e-14	1.0867481216178223e-09	2.8420378908594212e-14	2.8172321172637345e-13	2.9039006204631125e-18	2.1368996214082697e-08
0.046	2.0537878390973923e-14	1.1010447036776028e-09	2.8669132377293993e-14	2.841890225988737e-13	2.9293175495694434e-18	2.1555934506671895e-08
0.046200000000000005	2.080690840942107e-14	1.1154661013360603e-09	2.891896972084062e-14	2.866655774047776e-13	2.9548452275217106e-18	2.1743686064848533e-08
0.046400000000000004	2.1078277426269748e-14	1.1300128566882387e-09	2.916989093907561e-14	2.8915287614113027e-13	2.9804836543173046e-18	2.1932250877511043e-08
0.0466	2.135199556214059e-14	1.1446855118241489e-09	2.94218960318405e-14	2.916509188049768e-13	3.006232829953618e-18	2.2121628933557987e-08
0.0468	2.162807293761189e-14	1.159484608828772e-09	2.9674984998976835e-14	2.9415970539336245e-13	3.0320927544280445e-18	2.2311820221888013e-08
0.047	2.1906519673219558e-14	1.174410689782054e-09	2.992915784032616e-14	2.966792359033323e-13	3.0580634277379757e-18	2.2502824731399884e-08
0.0472	2.218734588945718e-14	1.1894642967589118e-09	3.0184414555729995e-14	2.992095103319316e-13	3.0841448498808055e-18	2.2694642450992446e-08
0.047400000000000005	2.247056170677601e-14	1.2046459718292278e-09	3.044075514502988e-14	3.0175052867620547e-13	3.1103370208539267e-18	2.288727336956467e-08
0.0476	2.2756177245584904e-14	1.2199562570578526e-09	3.069817960806737e-14	3.04302290933199e-13	3.1366399406547302e-18	2.3080717476015585e-08
0.0478	2.304420262625038e-14	1.2353956945046076e-09	3.095668794468398e-14	3.0686479709995734e-13	3.1630536092806093e-18	2.3274974759244368e-08
0.048	2.3334647969096648e-14	1.2509648262242789e-09	3.1216280154721264e-14	3.094380471735257e-13	3.189578026728957e-18	2.347004520815028e-08
0.0482	2.3627523394405522e-14	1.2666641942666217e-09	3.147695623802075e-14	3.120220411509493e-13	3.2162131929971663e-18	2.3665928811632663e-08
0.048400000000000006	2.3922839022416512e-14	1.282494340676361e-09	3.173871619442399e-14	3.1461677902927323e-13	3.2429591080826296e-18	2.3862625558591e-08
0.048600000000000004	2.4220604973326737e-14	1.298455807493188e-09	3.200156002377249e-14	3.1722226080554266e-13	3.269815771982739e-18	2.406013543792483e-08
0.0488	2.452083136729096e-14	1.3145491367517615e-09	3.2265487725907794e-14	3.198384864768026e-13	3.296783184694887e-18	2.425845843853383e-08
0.049	2.4823528324421645e-14	1.3307748704817115e-09	3.253049930067147e-14	3.2246545604009837e-13	3.323861346216467e-18	2.4457594549317757e-08
0.0492	2.5128705964788883e-14	1.3471335507076333e-09	3.279659474790504e-14	3.251031694924751e-13	3.3510502565448714e-18	2.4657543759176478e-08
0.0494	2.5436374408420392e-14	1.363625719449091e-09	3.3063774067450027e-14	3.2775162683097794e-13	3.378349915677492e-18	2.4858306057009958e-08
0.049600000000000005	2.5746543775301596e-14	1.3802519187206193e-09	3.333203725914799e-14	3.3041082805265217e-13	3.405760323611724e-18	2.505988143171827e-08
0.049800000000000004	2.6059224185375506e-14	1.3970126905317186e-09	3.360138432284045e-14	3.330807731545427e-13	3.4332814803449572e-18	2.526226987220157e-08
0.05	2.6374425758542842e-14	1.4139085768868574e-09	3.387181525836894e-14	3.3576146213369476e-13	3.460913385874585e-18	2.546547136736012e-08
0.0502	2.669215861466193e-14	1.4309401197854754e-09	3.414333006557501e-14	3.384528949871537e-13	3.4886560401979995e-18	2.5669485906094307e-08
0.0504	2.7012432873548775e-14	1.4481078612219783e-09	3.44159287443002e-14	3.411550717119646e-13	3.5165094433125945e-18	2.5874313477304592e-08
0.0506	2.7335258654977047e-14	1.46541234318574e-09	3.4689611294386036e-14	3.4386799230517243e-13	3.544473595215764e-18	2.607995406989155e-08
0.050800000000000005	2.7660646078678042e-14	1.4828541076611057e-09	3.496437771567405e-14	3.465916567638227e-13	3.5725484959049e-18	2.6286407672755854e-08
0.051000000000000004	2.7988605264340686e-14	1.5004336966273856e-09	3.5240228008005796e-14	3.493260650849603e-13	3.600734145377392e-18	2.6493674274798258e-08
0.0512	2.8319146331611615e-14	1.5181516520588597e-09	3.551716217122281e-14	3.5207121726563033e-13	3.629030543630634e-18	2.670175386491965e-08
0.0514	2.86522794000951e-14	1.5360085159247787e-09	3.5795180205166616e-14	3.548271133028783e-13	3.6574376906620206e-18	2.691064643202101e-08
0.0516	2.8988014589353024e-14	1.554004830189358e-09	3.607428210967877e-14	3.5759375319374893e-13	3.685955586468944e-18	2.7120351965003408e-08
0.051800000000000006	2.932636201890499e-14	1.572141136811786e-09	3.6354467884600796e-14	3.6037113693528783e-13	3.714584231048796e-18	2.7330870452768025e-08
0.052000000000000005	2.9667331808228175e-14	1.5904179777462144e-09	3.663573752977423e-14	3.631592645245399e-13	3.743323624398968e-18	2.7542201884216126e-08
0.0522	3.001093407675749e-14	1.608835894941769e-09	3.691809104504062e-14	3.659581359585502e-13	3.7721737665168545e-18	2.77543462482491e-08
0.0524	3.035717894388543e-14	1.62739543034254e-09	3.720152843024149e-14	3.687677512343644e-13	3.801134657399847e-18	2.796730353376842e-08
0.0526	3.07060765289622e-14	1.6460971258875899e-09	3.748604968521839e-14	3.7158811034902704e-13	3.830206297045339e-18	2.8181073729675678e-08
0.0528	3.105763695129563e-14	1.6649415235109462e-09	3.777165480981285e-14	3.7441921329958374e-13	3.859388685450724e-18	2.8395656824872535e-08
0.053000000000000005	3.1411870330151194e-14	1.6839291651416103e-09	3.805834380386642e-14	3.7726106008307953e-13	3.888681822613394e-18	2.8611052808260805e-08
0.053200000000000004	3.1768786784752017e-14	1.7030605927035456e-09	3.8346116667220624e-14	3.8011365069655955e-13	3.91808570853074e-18	2.8827261668742333e-08
0.0534	3.212839643427891e-14	1.7223363481156904e-09	3.8634973399717e-14	3.829769851370689e-13	3.947600343200156e-18	2.904428339521912e-08
0.0536	3.249070939787035e-14	1.7417569732919486e-09	3.8924914001197067e-14	3.8585106340165284e-13	3.977225726619033e-18	2.9262117976593252e-08
0.0538	3.285573579462237e-14	1.7613230101411948e-09	3.92159384715024e-14	3.8873588548735655e-13	4.006961858784766e-18	2.9480765401766923e-08
0.054	3.322348574358878e-14	1.7810350005672705e-09	3.950804681047451e-14	3.9163145139122524e-13	4.036808739694748e-18	2.970022565964241e-08
0.054200000000000005	3.3593969363780976e-14	1.8008934864689893e-09	3.9801239017954975e-14	3.9453776111030403e-13	4.06676636934637e-18	2.99204987391221e-08
0.054400000000000004	3.396719677416802e-14	1.8208990097401291e-09	4.009551509378529e-14	3.974548146416379e-13	4.0968347477370254e-18	3.014158462910848e-08
0.0546	3.434317809367662e-14	1.8410521122694414e-09	4.0390875037807004e-14	4.0038261198227243e-13	4.127013874864105e-18	3.036348331850416e-08
0.0548	3.472192344119114e-14	1.8613533359406434e-09	4.068731884986164e-14	4.033211531292525e-13	4.1573037507250035e-18	3.058619479621179e-08
0.055	3.510344293555364e-14	1.8818032226324247e-09	4.098484652979078e-14	4.0627043807962333e-13	4.187704375317113e-18	3.0809719051134203e-08
0.055200000000000006	3.5487746695563794e-14	1.902402314218441e-09	4.128345807743591e-14	4.0923046683043023e-13	4.218215748637826e-18	3.103405607217427e-08
0.055400000000000005	3.58748448399789e-14	1.9231511525673187e-09	4.15831534926386e-14	4.122012393787182e-13	4.2488378706845355e-18	3.125920584823498e-08
0.055600000000000004	3.626474748751398e-14	1.9440502795426516e-09	4.1883932775240375e-14	4.1518275572153244e-13	4.279570741454633e-18	3.148516836821943e-08
0.0558	3.66574647568417e-14	1.9651002370030064e-09	4.2185795925082777e-14	4.1817501585591833e-13	4.3104143609455134e-18	3.171194362103083e-08
0.056	3.705300676659231e-14	1.986301566801914e-09	4.248874294200734e-14	4.211780197789207e-13	4.3413687291545664e-18	3.193953159557246e-08
0.0562	3.7451383635353796e-14	2.00765481078788e-09	4.2792773825855616e-14	4.2419176748758505e-13	4.372433846079188e-18	3.2167932280747726e-08
0.056400000000000006	3.785260548167179e-14	2.029160510804375e-09	4.309788857646913e-14	4.272162589789564e-13	4.4036097117167695e-18	3.2397145665460125e-08
0.056600000000000004	3.825668242404954e-14	2.0508192086898408e-09	4.3404087193689415e-14	4.302514942500799e-13	4.434896326064701e-18	3.262717173861325e-08
0.0568	3.8663624580947936e-14	2.0726314462776866e-09	4.3711369677358014e-14	4.332974732980008e-13	4.466293689120378e-18	3.28580104891108e-08
0.057	3.90734420707856e-14	2.094597765396294e-09	4.4019736027316475e-14	4.363541961197642e-13	4.497801800881191e-18	3.308966190585659e-08
0.0572	3.948614501193877e-14	2.116718707869012e-09	4.432918624340633e-14	4.394216627124155e-13	4.529420661344537e-18	3.33221259777545e-08
0.0574	3.9901743522741305e-14	2.1389948155141605e-09	4.4639720325469096e-14	4.4249987307299957e-13	4.561150270507804e-18	3.3555402693708556e-08
0.057600000000000005	4.032024772148478e-14	2.1614266301450272e-09	4.495133827334635e-14	4.4558882719856196e-13	4.592990628368388e-18	3.378949204262285e-08
0.057800000000000004	4.0741667726418376e-14	2.1840146935698698e-09	4.52640400868796e-14	4.486885250861475e-13	4.624941734923677e-18	3.402439401340158e-08
0.058	4.116601365574898e-14	2.206759547591915e-09	4.557782576591039e-14	4.5179896673280165e-13	4.657003590171068e-18	3.4260108594949045e-08
0.0582	4.159329562764106e-14	2.2296617340093618e-09	4.589269531028027e-14	4.549201521355691e-13	4.689176194107952e-18	3.4496635776169675e-08
0.0584	4.202352376021682e-14	2.2527217946153737e-09	4.620864871983073e-14	4.580520812914958e-13	4.721459546731723e-18	3.473397554596796e-08
0.058600000000000006	4.245670817155611e-14	2.2759402711980914e-09	4.6525685994403397e-14	4.611947541976264e-13	4.7538536480397716e-18	3.497212789324852e-08
0.058800000000000005	4.289285897969638e-14	2.2993177055406145e-09	4.684380713383974e-14	4.643481708510059e-13	4.786358498029493e-18	3.5211092806916044e-08
0.059000000000000004	4.333198630263276e-14	2.3228546394210237e-09	4.7163012137981306e-14	4.675123312486802e-13	4.8189740966982754e-18	3.545087027587536e-08
0.0592	4.3774100258318075e-14	2.34655161461236e-09	4.748330100666965e-14	4.706872353876937e-13	4.851700444043516e-18	3.569146028903137e-08
0.0594	4.42192109646628e-14	2.3704091728826422e-09	4.78046737397463e-14	4.738728832650923e-13	4.884537540062604e-18	3.593286283528909e-08
0.0596	4.4667328539534994e-14	2.394427855994851e-09	4.812713033705279e-14	4.770692748779207e-13	4.917485384752936e-18	3.6175077903553635e-08
0.059800000000000006	4.5118463100760484e-14	2.4186082057069453e-09	4.845067079843067e-14	4.802764102232242e-13	4.9505439781119e-18	3.6418105482730224e-08
0.060000000000000005	4.557262476612265e-14	2.4429507637718433e-09	4.877529512372147e-14	4.834942892980483e-13	4.983713320136893e-18	3.666194556172414e-08
0.060200000000000004	4.6029823653362617e-14	2.467456071937444e-09	4.9101003312766735e-14	4.867229120994376e-13	5.016993410825304e-18	3.6906598129440834e-08
0.0604	4.6490069880179083e-14	2.492124671946608e-09	4.9427795365408e-14	4.899622786244378e-13	5.0503842501745294e-18	3.7152063174785796e-08
0.0606	4.6953373564228487e-14	2.516957105537171e-09	4.9755671281486786e-14	4.932123888700937e-13	5.083885838181958e-18	3.739834068666466e-08
0.0608	4.741974482312488e-14	2.5419539144419352e-09	5.008463106084466e-14	4.964732428334508e-13	5.117498174844985e-18	3.7645430653983136e-08
0.061000000000000006	4.788919377443998e-14	2.567115640388677e-09	5.0414674703323166e-14	4.997448405115542e-13	5.151221260161003e-18	3.7893333065647056e-08
0.061200000000000004	4.836173053570312e-14	2.592442825100136e-09	5.074580220876379e-14	5.030271819014491e-13	5.185055094127403e-18	3.814204791056232e-08
0.0614	4.883736522440137e-14	2.617936010294028e-09	5.107801357700811e-14	5.063202670001805e-13	5.218999676741579e-18	3.839157517763496e-08
0.0616	4.931610795797944e-14	2.6435957376830356e-09	5.141130880789766e-14	5.096240958047939e-13	5.2530550080009214e-18	3.8641914855771087e-08
0.0618	4.9797968853839624e-14	2.6694225489748143e-09	5.174568790127398e-14	5.129386683123342e-13	5.2872210879028265e-18	3.8893066933876937e-08
0.062	5.028295802934197e-14	2.695416985871985e-09	5.2081150856978595e-14	5.162639845198468e-13	5.321497916444684e-18	3.9145031400858836e-08
0.062200000000000005	5.0771085601804145e-14	2.721579590072145e-09	5.241769767485308e-14	5.19600044424377e-13	5.3558854936238895e-18	3.939780824562321e-08
0.062400000000000004	5.126236168850147e-14	2.7479109032678566e-09	5.2755328354738925e-14	5.229468480229695e-13	5.390383819437833e-18	3.965139745707655e-08
0.0626	5.175679640666689e-14	2.7744114671466536e-09	5.3094042896477684e-14	5.263043953126701e-13	5.424992893883906e-18	3.990579902412551e-08
0.06280000000000001	5.2254399873491104e-14	2.8010818233910417e-09	5.3433841299910895e-14	5.296726862905237e-13	5.459712716959506e-18	4.016101293567683e-08
0.063	5.275518220612235e-14	2.827922513678493e-09	5.377472356488009e-14	5.330517209535752e-13	5.494543288662019e-18	4.04170391806373e-08
0.0632	5.3259153521666673e-14	2.854934079681456e-09	5.411668969122685e-14	5.364414992988705e-13	5.529484608988844e-18	4.067387774791388e-08
0.0634	5.376632393718757e-14	2.8821170630673426e-09	5.445973967879265e-14	5.398420213234541e-13	5.56453667793737e-18	4.093152862641358e-08
0.0636	5.427670356970645e-14	2.909472005498541e-09	5.480387352741909e-14	5.432532870243718e-13	5.599699495504992e-18	4.118999180504356e-08
0.06380000000000001	5.4790302536202195e-14	2.9369994486324065e-09	5.514909123694769e-14	5.466752963986682e-13	5.6349730616891e-18	4.144926727271102e-08
0.064	5.530713095361138e-14	2.9646999341212642e-09	5.549539280721993e-14	5.501080494433888e-13	5.670357376487088e-18	4.17093550183233e-08
0.06420000000000001	5.582719893882832e-14	2.9925740036124133e-09	5.584277823807741e-14	5.535515461555791e-13	5.705852439896348e-18	4.197025503078785e-08
0.0644	5.6350516608704856e-14	3.0206221987481177e-09	5.6191247529361666e-14	5.570057865322837e-13	5.741458251914273e-18	4.223196729901217e-08
0.0646	5.687709408005064e-14	3.048845061165618e-09	5.6540800680914213e-14	5.604707705705482e-13	5.777174812538258e-18	4.2494491811903934e-08
0.0648	5.740694146963282e-14	3.0772431324971202e-09	5.68914376925766e-14	5.639464982674176e-13	5.813002121765691e-18	4.2757828558370845e-08
0.065	5.794006889417639e-14	3.1058169543698064e-09	5.724315856419037e-14	5.674329696199375e-13	5.848940179593968e-18	4.302197752732076e-08
0.06520000000000001	5.84764864703639e-14	3.134567068405823e-09	5.759596329559708e-14	5.709301846251527e-13	5.8849889860204825e-18	4.3286938707661626e-08
0.0654	5.90162043148355e-14	3.163494016222289e-09	5.79498518866382e-14	5.744381432801083e-13	5.921148541042623e-18	4.355271208830144e-08
0.0656	5.955923254418912e-14	3.1925983394312976e-09	5.830482433715534e-14	5.779568455818499e-13	5.957418844657786e-18	4.381929765814839e-08
0.0658	6.010558127498025e-14	3.221880579639907e-09	5.866088064699001e-14	5.814862915274223e-13	5.9937998968633604e-18	4.408669540611066e-08
0.066	6.065526062372218e-14	3.2513412784501526e-09	5.901802081598374e-14	5.850264811138713e-13	6.030291697656745e-18	4.435490532109665e-08
0.06620000000000001	6.120828070688569e-14	3.2809809774590354e-09	5.93762448439781e-14	5.885774143382417e-13	6.066894247035327e-18	4.4623927392014785e-08
0.0664	6.176465164089927e-14	3.3108002182585267e-09	5.973555273081458e-14	5.921390911975782e-13	6.103607544996499e-18	4.489376160777359e-08
0.0666	6.232438354214922e-14	3.3407995424355737e-09	6.009594447633479e-14	5.957115116889271e-13	6.140431591537658e-18	4.516440795728172e-08
0.0668	6.288748652697928e-14	3.3709794915720876e-09	6.045742008038015e-14	5.992946758093326e-13	6.17736638665619e-18	4.543586642944791e-08
0.067	6.345397071169104e-14	3.401340607244959e-09	6.081997954279237e-14	6.028885835558406e-13	6.2144119303494956e-18	4.570813701318102e-08
0.06720000000000001	6.402384621254362e-14	3.431883431026042e-09	6.118362286341283e-14	6.064932349254961e-13	6.251568222614962e-18	4.5981219697390006e-08
0.0674	6.45971231457538e-14	3.4626085044821603e-09	6.154835004208315e-14	6.10108629915344e-13	6.2888352634499815e-18	4.6255114470983865e-08
0.06760000000000001	6.517381162749615e-14	3.493516369175119e-09	6.191416107864485e-14	6.1373476852243e-13	6.326213052851952e-18	4.652982132287181e-08
0.0678	6.575392177390278e-14	3.5246075666616823e-09	6.228105597293942e-14	6.173716507437988e-13	6.363701590818259e-18	4.680534024196306e-08
0.068	6.633746370106353e-14	3.5558826384935925e-09	6.26490347248085e-14	6.210192765764962e-13	6.401300877346302e-18	4.708167121716697e-08
0.0682	6.692444752502585e-14	3.587342126217559e-09	6.301809733409355e-14	6.246776460175669e-13	6.439010912433466e-18	4.735881423739295e-08
0.0684	6.751488336179489e-14	3.618986571375268e-09	6.338824380063618e-14	6.283467590640564e-13	6.476831696077153e-18	4.7636769291550614e-08
0.06860000000000001	6.810878132733346e-14	3.6508165155033695e-09	6.375947412427786e-14	6.320266157130099e-13	6.51476322827475e-18	4.791553636854959e-08
0.0688	6.870615153756194e-14	3.6828325001334877e-09	6.413178830486012e-14	6.357172159614722e-13	6.552805509023648e-18	4.819511545729962e-08
0.069	6.930700410835857e-14	3.7150350667922207e-09	6.450518634222456e-14	6.394185598064893e-13	6.590958538321242e-18	4.847550654671056e-08
0.0692	6.991134915555906e-14	3.747424757001132e-09	6.487966823621269e-14	6.431306472451055e-13	6.6292223161649254e-18	4.875670962569237e-08
0.0694	7.05191967949569e-14	3.780002112276762e-09	6.525523398666603e-14	6.468534782743668e-13	6.667596842552091e-18	4.903872468315513e-08
0.06960000000000001	7.11305571423032e-14	3.8127676741306215e-09	6.563188359342617e-14	6.505870528913181e-13	6.706082117480131e-18	4.932155170800897e-08
0.0698	7.174544031330667e-14	3.845721984069184e-09	6.600961705633456e-14	6.543313710930044e-13	6.744678140946435e-18	4.960519068916414e-08
0.07	7.236385642363382e-14	3.878865583593909e-09	6.638843437523283e-14	6.580864328764713e-13	6.7833849129484e-18	4.988964161553103e-08
0.0702	7.298581558890867e-14	3.912199014201212e-09	6.676833554996248e-14	6.618522382387635e-13	6.8222024334834165e-18	5.0174904476020056e-08
0.0704	7.361132792471309e-14	3.945722817382494e-09	6.714932058036507e-14	6.656287871769269e-13	6.861130702548878e-18	5.0460979259541835e-08
0.07060000000000001	7.424040354658645e-14	3.979437534624117e-09	6.75313894662821e-14	6.694160796880066e-13	6.900169720142178e-18	5.074786595500698e-08
0.0708	7.487305257002581e-14	4.013343707407416e-09	6.791454220755512e-14	6.732141157690468e-13	6.939319486260704e-18	5.103556455132627e-08
0.07100000000000001	7.5509285110486e-14	4.047441877208703e-09	6.829877880402572e-14	6.770228954170943e-13	6.978580000901856e-18	5.132407503741058e-08
0.0712	7.614911128337933e-14	4.0817325854992556e-09	6.868409925553533e-14	6.808424186291928e-13	7.017951264063022e-18	5.161339740217084e-08
0.0714	7.679254120407598e-14	4.116216373745327e-09	6.907050356192562e-14	6.846726854023888e-13	7.057433275741595e-18	5.1903531634518157e-08
0.0716	7.74395849879036e-14	4.150893783408136e-09	6.945799172303801e-14	6.885136957337263e-13	7.097026035934968e-18	5.2194477723363656e-08
0.0718	7.80902527501477e-14	4.185765355943882e-09	6.984656373871416e-14	6.923654496202519e-13	7.136729544640536e-18	5.248623565761865e-08
0.07200000000000001	7.87445546060513e-14	4.22083163280373e-09	7.02362196087955e-14	6.9622794705901e-13	7.176543801855689e-18	5.2778805426194474e-08
0.0722	7.940250067081511e-14	4.256093155433812e-09	7.062695933312361e-14	7.001011880470455e-13	7.21646880757782e-18	5.307218701800259e-08
0.0724	8.00641010595976e-14	4.2915504652752436e-09	7.101878291154004e-14	7.039851725814043e-13	7.256504561804324e-18	5.3366380421954596e-08
0.0726	8.072936588751476e-14	4.3272041037641e-09	7.141169034388631e-14	7.07879900659131e-13	7.296651064532586e-18	5.366138562696214e-08
0.0728	8.139830526964038e-14	4.363054612331438e-09	7.1805681630004e-14	7.117853722772718e-13	7.336908315760011e-18	5.3957202621937015e-08
0.07300000000000001	8.207092932100582e-14	4.399102532403279e-09	7.220075676973461e-14	7.15701587432871e-13	7.377276315483981e-18	5.4253831395791053e-08
0.0732	8.274724815660006e-14	4.435348405400618e-09	7.259691576291966e-14	7.19628546122974e-13	7.417755063701892e-18	5.455127193743624e-08
0.0734	8.342727189137e-14	4.471792772739426e-09	7.299415860940074e-14	7.235662483446264e-13	7.45834456041114e-18	5.484952423578468e-08
0.0736	8.411101064021989e-14	4.5084361758306385e-09	7.339248530901936e-14	7.275146940948729e-13	7.499044805609111e-18	5.5148588279748513e-08
0.0738	8.479847451801186e-14	4.54527915608017e-09	7.379189586161705e-14	7.314738833707591e-13	7.539855799293207e-18	5.544846405824003e-08
0.07400000000000001	8.548967363956558e-14	4.5823222548889015e-09	7.419239026703541e-14	7.354438161693303e-13	7.580777541460811e-18	5.574915156017162e-08
0.0742	8.618461811965843e-14	4.619566013652686e-09	7.459396852511587e-14	7.394244924876313e-13	7.62181003210932e-18	5.605065077445571e-08
0.07440000000000001	8.68833180730255e-14	4.657010973762356e-09	7.499663063570009e-14	7.434159123227078e-13	7.66295327123613e-18	5.635296169000493e-08
0.0746	8.758578361435939e-14	4.694657676603702e-09	7.540037659862949e-14	7.474180756716046e-13	7.704207258838625e-18	5.665608429573192e-08
0.0748	8.829202485831066e-14	4.732506663557503e-09	7.580520641374574e-14	7.514309825313673e-13	7.745571994914207e-18	5.69600185805495e-08
0.075	8.900205191948724e-14	4.7705584759994935e-09	7.621112008089024e-14	7.554546328990408e-13	7.78704747946026e-18	5.726476453337052e-08
0.0752	8.971587491245487e-14	4.8088136553003976e-09	7.661811759990466e-14	7.594890267716706e-13	7.828633712474186e-18	5.757032214310797e-08
0.07540000000000001	9.043350395173692e-14	4.847272742825894e-09	7.702619897063044e-14	7.63534164146302e-13	7.870330693953371e-18	5.7876691398674956e-08
0.0756	9.115494915181442e-14	4.8859362799366435e-09	7.743536419290917e-14	7.675900450199797e-13	7.912138423895208e-18	5.81838722889846e-08
0.0758	9.18802206271261e-14	4.924804807988279e-09	7.78456132665824e-14	7.716566693897495e-13	7.954056902297093e-18	5.849186480295024e-08
0.076	9.260932849206828e-14	4.963878868331402e-09	7.825694619149159e-14	7.757340372526564e-13	7.996086129156414e-18	5.8800668929485224e-08
0.0762	9.334228286099509e-14	5.003159002311588e-09	7.866936296747838e-14	7.798221486057456e-13	8.038226104470568e-18	5.911028465750309e-08
0.07640000000000001	9.407909384821821e-14	5.042645751269385e-09	7.908286359438425e-14	7.839210034460627e-13	8.080476828236949e-18	5.942071197591737e-08
0.0766	9.481977156800697e-14	5.082339656540311e-09	7.949744807205076e-14	7.880306017706521e-13	8.12283830045294e-18	5.973195087364176e-08
0.07680000000000001	9.556432613458847e-14	5.12224125945486e-09	7.991311640031945e-14	7.921509435765601e-13	8.165310521115945e-18	6.004400133959006e-08
0.077	9.631276766214735e-14	5.162351101338494e-09	8.032986857903184e-14	7.962820288608308e-13	8.207893490223348e-18	6.035686336267616e-08
0.0772	9.706510626482607e-14	5.202669723511653e-09	8.074770460802947e-14	8.004238576205104e-13	8.250587207772549e-18	6.067053693181406e-08
0.07740000000000001	9.782135205672462e-14	5.24319766728974e-09	8.116662448715392e-14	8.045764298526438e-13	8.293391673760937e-18	6.098502203591786e-08
0.0776	9.858151515190063e-14	5.2839354739831395e-09	8.158662821624668e-14	8.087397455542756e-13	8.3363068881859e-18	6.130031866390166e-08
0.07780000000000001	9.934560566436962e-14	5.324883684897207e-09	8.200771579514934e-14	8.129138047224524e-13	8.379332851044842e-18	6.161642680467987e-08
0.078	1.0011363370810456e-13	5.366042841332265e-09	8.242988722370335e-14	8.170986073542181e-13	8.422469562335145e-18	6.19333464471668e-08
0.0782	1.0088560939703621e-13	5.407413484583614e-09	8.285314250175036e-14	8.212941534466186e-13	8.465717022054208e-18	6.225107758027699e-08
0.0784	1.0166154284505285e-13	5.448996155941524e-09	8.327748162913184e-14	8.255004429966991e-13	8.509075230199418e-18	6.256962019292501e-08
0.0786	1.0244144416600065e-13	5.490791396691241e-09	8.370290460568935e-14	8.297174760015048e-13	8.552544186768175e-18	6.288897427402557e-08
0.07880000000000001	1.0322532347368324e-13	5.532799748112978e-09	8.412941143126447e-14	8.33945252458081e-13	8.596123891757867e-18	6.320913981249349e-08
0.079	1.0401319088186196e-13	5.575021751481924e-09	8.455700210569861e-14	8.381837723634727e-13	8.639814345165884e-18	6.35301167972436e-08
0.0792	1.0480505650425597e-13	5.617457948068241e-09	8.498567662883347e-14	8.424330357147254e-13	8.683615546989626e-18	6.385190521719096e-08
0.0794	1.0560093045454193e-13	5.660108879137061e-09	8.541543500051047e-14	8.466930425088839e-13	8.727527497226478e-18	6.41745050612506e-08
0.0796	1.0640082284635427e-13	5.702975085948497e-09	8.584627722057124e-14	8.509637927429943e-13	8.77155019587384e-18	6.449791631833781e-08
0.07980000000000001	1.07204743793285e-13	5.746057109757621e-09	8.627820328885724e-14	8.552452864141011e-13	8.815683642929099e-18	6.482213897736785e-08
0.08	1.0801270340888381e-13	5.789355491814485e-09	8.671121320521007e-14	8.595375235192495e-13	8.859927838389647e-18	6.514717302725608e-08
0.08020000000000001	1.0882471180665818e-13	5.832870773364119e-09	8.714530696947123e-14	8.638405040554853e-13	8.904282782252886e-18	6.547301845691807e-08
0.0804	1.0964077910007301e-13	5.876603495646513e-09	8.758048458148225e-14	8.681542280198533e-13	8.948748474516195e-18	6.579967525526936e-08
0.0806	1.1046091540255126e-13	5.920554199896646e-09	8.801674604108474e-14	8.724786954093989e-13	8.993324915176978e-18	6.61271434112257e-08
0.08080000000000001	1.1128513082747319e-13	5.9647234273444556e-09	8.84540913481202e-14	8.768139062211674e-13	9.038012104232618e-18	6.64554229137029e-08
0.081	1.1211343548817683e-13	6.009111719214858e-09	8.889252050243009e-14	8.811598604522038e-13	9.082810041680517e-18	6.678451375161681e-08
0.08120000000000001	1.1294583949795805e-13	6.0537196167277434e-09	8.933203350385608e-14	8.855165580995538e-13	9.127718727518061e-18	6.711441591388349e-08
0.0814	1.1378235297007008e-13	6.098547661097972e-09	8.977263035223965e-14	8.898839991602622e-13	9.17273816174265e-18	6.7445129389419e-08
0.0816	1.1462298601772418e-13	6.1435963935353815e-09	9.021431104742232e-14	8.942621836313746e-13	9.217868344351667e-18	6.77766541671396e-08
0.0818	1.154677487540889e-13	6.188866355244775e-09	9.065707558924567e-14	8.986511115099355e-13	9.263109275342506e-18	6.810899023596156e-08
0.082	1.163166512922908e-13	6.234358087425939e-09	9.110092397755121e-14	9.030507827929915e-13	9.30846095471257e-18	6.844213758480133e-08
0.08220000000000001	1.1716970374541396e-13	6.2800721312736265e-09	9.154585621218052e-14	9.074611974775868e-13	9.353923382459245e-18	6.877609620257538e-08
0.0824	1.1802691622650002e-13	6.326009027977557e-09	9.199187229297506e-14	9.118823555607666e-13	9.39949655857992e-18	6.911086607820031e-08
0.0826	1.1888829884854852e-13	6.372169318722439e-09	9.243897221977649e-14	9.163142570395766e-13	9.445180483071992e-18	6.944644720059287e-08
0.0828	1.1975386172451646e-13	6.418553544687939e-09	9.288715599242621e-14	9.20756901911062e-13	9.49097515593285e-18	6.978283955866984e-08
0.083	1.206236149673187e-13	6.465162247048709e-09	9.333642361076585e-14	9.252102901722678e-13	9.536880577159893e-18	7.012004314134819e-08
0.08320000000000001	1.2149756868982763e-13	6.511995966974366e-09	9.378677507463696e-14	9.296744218202393e-13	9.58289674675051e-18	7.045805793754487e-08
0.0834	1.2237573300487323e-13	6.559055245629499e-09	9.423821038388103e-14	9.341492968520222e-13	9.62902366470209e-18	7.0796883936177e-08
0.08360000000000001	1.2325811802524347e-13	6.606340624173682e-09	9.469072953833963e-14	9.386349152646612e-13	9.675261331012034e-18	7.113652112616186e-08
0.0838	1.2414473386368366e-13	6.653852643761445e-09	9.514433253785427e-14	9.431312770552015e-13	9.721609745677723e-18	7.147696949641669e-08
0.084	1.25035590632897e-13	6.701591845542309e-09	9.559901938226654e-14	9.47638382220689e-13	9.768068908696563e-18	7.181822903585897e-08
0.08420000000000001	1.2593069844554426e-13	6.7495587706607565e-09	9.605479007141793e-14	9.521562307581687e-13	9.81463882006594e-18	7.216029973340618e-08
0.0844	1.2683006741424383e-13	6.79775396025624e-09	9.651164460515001e-14	9.566848226646854e-13	9.861319479783243e-18	7.250318157797591e-08
0.08460000000000001	1.277337076515719e-13	6.846177955463204e-09	9.69695829833043e-14	9.612241579372847e-13	9.908110887845873e-18	7.284687455848597e-08
0.0848	1.2864162927006217e-13	6.894831297411045e-09	9.742860520572231e-14	9.657742365730117e-13	9.955013044251212e-18	7.319137866385408e-08
0.085	1.2955384238220625e-13	6.943714527224147e-09	9.788871127224569e-14	9.70335058568912e-13	1.0002025948996664e-17	7.353669388299826e-08
0.0852	1.3047035710045322e-13	6.992828186021859e-09	9.834990118271585e-14	9.749066239220306e-13	1.0049149602079613e-17	7.388282020483645e-08
0.0854	1.3139118353720991e-13	7.042172814918515e-09	9.881217493697446e-14	9.794889326294128e-13	1.0096384003497458e-17	7.422975761828683e-08
0.08560000000000001	1.3231633180484077e-13	7.091748955023412e-09	9.927553253486297e-14	9.84081984688104e-13	1.0143729153247588e-17	7.45775061122676e-08
0.0858	1.3324581201566792e-13	7.141557147440811e-09	9.97399739762229e-14	9.88685780095149e-13	1.0191185051327393e-17	7.492606567569706e-08
0.08600000000000001	1.3417963428197132e-13	7.191597933269981e-09	1.0020549926089586e-13	9.933003188475938e-13	1.0238751697734275e-17	7.527543629749369e-08
0.0862	1.3511780871598826e-13	7.241871853605125e-09	1.0067210838872334e-13	9.979256009424827e-13	1.0286429092465614e-17	7.562561796657596e-08
0.0864	1.3606034542991413e-13	7.29237944953545e-09	1.0113980135954691e-13	1.0025616263768618e-12	1.0334217235518815e-17	7.597661067186256e-08
0.08660000000000001	1.370072545359017e-13	7.343121262145112e-09	1.0160857817320812e-13	1.007208395147776e-12	1.0382116126891265e-17	7.63284144022722e-08
0.0868	1.3795854614606137e-13	7.394097832513259e-09	1.0207843882954845e-13	1.0118659072522705e-12	1.0430125766580348e-17	7.668102914672363e-08
0.08700000000000001	1.3891423037246152e-13	7.445309701714013e-09	1.0254938332840954e-13	1.016534162687391e-12	1.0478246154583477e-17	7.703445489413587e-08
0.0872	1.3987431732712776e-13	7.49675741081645e-09	1.0302141166963279e-13	1.0212131614501818e-12	1.0526477290898023e-17	7.738869163342791e-08
0.0874	1.408388171220439e-13	7.54844150088464e-09	1.0349452385305988e-13	1.0259029035376897e-12	1.0574819175521394e-17	7.774373935351892e-08
0.0876	1.4180773986915093e-13	7.600362512977622e-09	1.0396871987853226e-13	1.030603388946958e-12	1.0623271808450974e-17	7.809959804332808e-08
0.0878	1.427810956803479e-13	7.652520988149406e-09	1.0444399974589153e-13	1.0353146176750342e-12	1.0671835189684163e-17	7.845626769177475e-08
0.08800000000000001	1.4375889466749128e-13	7.704917467448977e-09	1.049203634549792e-13	1.0400365897189618e-12	1.072050931921835e-17	7.881374828777839e-08
0.0882	1.447411469423952e-13	7.757552491920282e-09	1.0539781100563675e-13	1.0447693050757862e-12	1.0769294197050921e-17	7.917203982025846e-08
0.0884	1.4572786261683172e-13	7.810426602602274e-09	1.0587634239770588e-13	1.0495127637425537e-12	1.081818982317928e-17	7.953114227813467e-08
0.0886	1.4671905180253022e-13	7.863540340528843e-09	1.0635595763102794e-13	1.0542669657163088e-12	1.0867196197600812e-17	7.989105565032672e-08
0.0888	1.4771472461117814e-13	7.916894246728879e-09	1.0683665670544463e-13	1.059031910994097e-12	1.0916313320312913e-17	8.025177992575448e-08
0.08900000000000001	1.4871489115442036e-13	7.970488862226231e-09	1.073184396207974e-13	1.0638075995729635e-12	1.0965541191312976e-17	8.061331509333786e-08
0.0892	1.4971956154385935e-13	8.024324728039728e-09	1.0780130637692781e-13	1.0685940314499534e-12	1.1014879810598387e-17	8.097566114199685e-08
0.08940000000000001	1.507287458910555e-13	8.078402385183179e-09	1.0828525697367738e-13	1.0733912066221124e-12	1.1064329178166548e-17	8.133881806065169e-08
0.0896	1.5174245430752662e-13	8.13272237466535e-09	1.0877029141088769e-13	1.078199125086485e-12	1.1113889294014849e-17	8.170278583822254e-08
0.0898	1.5276069690474848e-13	8.187285237490002e-09	1.0925640968840029e-13	1.0830177868401178e-12	1.116356015814068e-17	8.20675644636298e-08
0.09000000000000001	1.5378348379415426e-13	8.242091514655858e-09	1.0974361180605669e-13	1.0878471918800547e-12	1.1213341770541432e-17	8.243315392579388e-08
0.0902	1.5481082508713484e-13	8.297141747156609e-09	1.102318977636984e-13	1.0926873402033417e-12	1.1263234131214506e-17	8.279955421363529e-08
0.09040000000000001	1.5584273089503905e-13	8.352436475980946e-09	1.1072126756116705e-13	1.097538231807024e-12	1.1313237240157284e-17	8.316676531607475e-08
0.0906	1.5687921132917303e-13	8.40797624211249e-09	1.1121172119830403e-13	1.1023998666881463e-12	1.1363351097367168e-17	8.353478722203291e-08
0.0908	1.5792027650080094e-13	8.463761586529894e-09	1.1170325867495104e-13	1.1072722448437546e-12	1.1413575702841544e-17	8.390361992043074e-08
0.091	1.5896593652114424e-13	8.519793050206733e-09	1.1219587999094956e-13	1.1121553662708938e-12	1.146391105657781e-17	8.427326340018904e-08
0.0912	1.600162015013824e-13	8.576071174111587e-09	1.1268958514614112e-13	1.1170492309666096e-12	1.1514357158573351e-17	8.464371765022902e-08
0.09140000000000001	1.610710815526524e-13	8.632596499207998e-09	1.131843741403673e-13	1.1219538389279469e-12	1.156491400882557e-17	8.501498265947169e-08
0.0916	1.6213058678604874e-13	8.689369566454484e-09	1.1368024697346954e-13	1.1268691901519505e-12	1.161558160733185e-17	8.538705841683831e-08
0.0918	1.6319472731262406e-13	8.74639091680455e-09	1.1417720364528949e-13	1.1317952846356668e-12	1.1666359954089592e-17	8.575994491125029e-08
0.092	1.6426351324338822e-13	8.803661091206648e-09	1.146752441556686e-13	1.13673212237614e-12	1.1717249049096178e-17	8.613364213162906e-08
0.0922	1.6533695468930904e-13	8.861180630604229e-09	1.1517436850444853e-13	1.1416797033704163e-12	1.1768248892349014e-17	8.650815006689616e-08
0.09240000000000001	1.664150617613118e-13	8.918950075935717e-09	1.1567457669147072e-13	1.1466380276155406e-12	1.1819359483845484e-17	8.688346870597326e-08
0.0926	1.6749784457027954e-13	8.976969968134492e-09	1.1617586871657674e-13	1.1516070951085578e-12	1.187058082358298e-17	8.725959803778206e-08
0.09280000000000001	1.685853132270531e-13	9.035240848128933e-09	1.1667824457960814e-13	1.1565869058465136e-12	1.19219129115589e-17	8.763653805124447e-08
0.093	1.696774778424307e-13	9.093763256842364e-09	1.171817042804064e-13	1.161577459826453e-12	1.1973355747770629e-17	8.801428873528239e-08
0.0932	1.7077434852716867e-13	9.152537735193121e-09	1.1768624781881319e-13	1.1665787570454216e-12	1.2024909332215572e-17	8.839285007881795e-08
0.09340000000000001	1.7187593539198074e-13	9.21156482409449e-09	1.1819187519466994e-13	1.1715907975004645e-12	1.207657366489111e-17	8.877222207077328e-08
0.0936	1.729822485475381e-13	9.270845064454723e-09	1.186985864078182e-13	1.1766135811886267e-12	1.2128348745794639e-17	8.915240470007055e-08
0.09380000000000001	1.7409329810447007e-13	9.330378997177072e-09	1.1920638145809957e-13	1.1816471081069539e-12	1.2180234574923555e-17	8.953339795563223e-08
0.094	1.752090941733633e-13	9.390167163159745e-09	1.1971526034535554e-13	1.1866913782524912e-12	1.2232231152275243e-17	8.99152018263807e-08
0.0942	1.763296468647624e-13	9.450210103295944e-09	1.2022522306942765e-13	1.1917463916222842e-12	1.2284338477847105e-17	9.029781630123857e-08
0.0944	1.774549662891694e-13	9.51050835847382e-09	1.2073626963015747e-13	1.1968121482133776e-12	1.2336556551636525e-17	9.068124136912847e-08
0.0946	1.7858506255704436e-13	9.571062469576516e-09	1.2124840002738655e-13	1.2018886480228173e-12	1.2388885373640903e-17	9.106547701897319e-08
0.09480000000000001	1.797199457788044e-13	9.631872977482154e-09	1.2176161426095635e-13	1.206975891047648e-12	1.2441324943857631e-17	9.145052323969557e-08
0.095	1.8085962606482488e-13	9.692940423063813e-09	1.222759123307085e-13	1.2120738772849153e-12	1.2493875262284094e-17	9.183638002021852e-08
0.0952	1.8200411352543878e-13	9.754265347189556e-09	1.227912942364845e-13	1.2171826067316644e-12	1.2546536328917696e-17	9.222304734946519e-08
0.0954	1.8315341827093624e-13	9.815848290722431e-09	1.2330775997812592e-13	1.222302079384941e-12	1.2599308143755817e-17	9.261052521635868e-08
0.0956	1.8430755041156587e-13	9.877689794520452e-09	1.2382530955547427e-13	1.2274322952417898e-12	1.2652190706795859e-17	9.299881360982232e-08
0.09580000000000001	1.8546652005753334e-13	9.939790399436607e-09	1.243439429683711e-13	1.2325732542992562e-12	1.2705184018035215e-17	9.338791251877941e-08
0.096	1.8663033731900222e-13	1.0002150646318846e-08	1.2486366021665797e-13	1.2377249565543852e-12	1.2758288077471269e-17	9.377782193215347e-08
0.09620000000000001	1.8779901230609393e-13	1.0064771076010122e-08	1.2538446130017636e-13	1.2428874020042234e-12	1.2811502885101423e-17	9.416854183886799e-08
0.0964	1.8897255512888692e-13	1.0127652229348346e-08	1.259063462187679e-13	1.2480605906458143e-12	1.2864828440923062e-17	9.456007222784667e-08
0.0966	1.901509758974183e-13	1.0190794647166415e-08	1.2642931497227408e-13	1.2532445224762045e-12	1.2918264744933585e-17	9.495241308801332e-08
0.09680000000000001	1.9133428472168206e-13	1.0254198870292181e-08	1.2695336756053647e-13	1.2584391974924387e-12	1.2971811797130384e-17	9.534556440829178e-08
0.097	1.9252249171163014e-13	1.0317865439548488e-08	1.274785039833965e-13	1.2636446156915622e-12	1.3025469597510846e-17	9.573952617760597e-08
0.09720000000000001	1.9371560697717238e-13	1.038179489575316e-08	1.280047242406959e-13	1.268860777070621e-12	1.3079238146072371e-17	9.613429838488002e-08
0.0974	1.9491364062817572e-13	1.044598777971897e-08	1.2853202833227599e-13	1.2740876816266587e-12	1.3133117442812344e-17	9.65298810190381e-08
0.0976	1.9611660277446541e-13	1.0510444632253697e-08	1.2906041625797848e-13	1.2793253293567228e-12	1.3187107487728165e-17	9.692627406900446e-08
0.0978	1.9732450352582402e-13	1.0575165994160075e-08	1.295898880176449e-13	1.2845737202578565e-12	1.3241208280817219e-17	9.732347752370345e-08
0.098	1.9853735299199186e-13	1.0640152406235832e-08	1.301204436111167e-13	1.2898328543271068e-12	1.3295419822076908e-17	9.772149137205962e-08
0.09820000000000001	1.9975516128266714e-13	1.0705404409273651e-08	1.3065208303823558e-13	1.2951027315615183e-12	1.3349742111504619e-17	9.812031560299747e-08
0.0984	2.0097793850750524e-13	1.0770922544061191e-08	1.3118480629884283e-13	1.3003833519581357e-12	1.3404175149097742e-17	9.851995020544168e-08
0.09860000000000001	2.0220569477611966e-13	1.0836707351381102e-08	1.3171861339278024e-13	1.3056747155140052e-12	1.3458718934853676e-17	9.892039516831707e-08
0.0988	2.0343844019808153e-13	1.0902759372011003e-08	1.3225350431988917e-13	1.3109768222261715e-12	1.3513373468769806e-17	9.932165048054847e-08
0.099	2.046761848829196e-13	1.0969079146723495e-08	1.3278947908001133e-13	1.3162896720916803e-12	1.3568138750843533e-17	9.97237161310609e-08
0.09920000000000001	2.0591893894012007e-13	1.103566721628613e-08	1.3332653767298808e-13	1.3216132651075767e-12	1.3623014781072249e-17	1.001265921087794e-07
0.0994	2.0716671247912715e-13	1.1102524121461463e-08	1.338646800986611e-13	1.3269476012709056e-12	1.3678001559453336e-17	1.0053027840262913e-07
0.09960000000000001	2.0841951560934265e-13	1.1169650403007016e-08	1.3440390635687184e-13	1.3322926805787134e-12	1.3733099085984203e-17	1.0093477500153545e-07
0.0998	2.0967735844012593e-13	1.1237046601675276e-08	1.3494421644746185e-13	1.337648503028044e-12	1.3788307360662224e-17	1.0134008189442364e-07
0.1	2.1094025108079427e-13	1.1304713258213716e-08	1.3548561037027279e-13	1.3430150686159435e-12	1.384362638348481e-17	1.0174619907021927e-07
0.10020000000000001	2.1220820364062227e-13	1.1372650913364795e-08	1.3602808812514607e-13	1.3483923773394578e-12	1.3899056154449342e-17	1.0215312651784785e-07
