0.0	0.0	0.0	0.0	0.0	0.0	0.0
0.0002	7.386762416985424e-22	3.961230535176854e-17	2.371055839495279e-19	2.350383885561499e-18	2.4226441041118365e-23	1.7846016977466918e-13
0.0004	5.909403753816476e-21	3.1689770797803147e-16	9.484222895787007e-19	9.40153468037876e-18	9.690576340399086e-23	7.138374343756916e-13
0.0006000000000000001	1.9944216812422386e-20	1.0695272843597127e-15	2.1339500475584073e-18	2.1153451091651113e-17	2.1803796594789358e-22	1.6061269267517742e-12
0.0008	4.727513115433711e-20	2.535169906487277e-15	3.793688788559542e-18	3.7606131826578093e-17	3.876230475321026e-22	2.8553237798958693e-12
0.001	9.233414397718225e-20	4.95149224187351e-15	5.9276384432530085e-18	5.875957559235951e-17	6.056610070158942e-22	4.461423126845175e-12
0.0012000000000000001	1.595532339394286e-19	8.556158753566299e-15	8.535798942309715e-18	8.461378109619545e-17	8.721518432585445e-22	6.424420100681137e-12
0.0014	2.5336436116044455e-19	1.3586831700161408e-14	1.1618170216400573e-17	1.1516874704528604e-16	1.1870955551193293e-21	8.744309834529437e-12
0.0016	3.781994672205448e-19	2.028117113581526e-14	1.5174752196196516e-17	1.5042447214683195e-16	1.5504921414575252e-21	1.1421087461560019e-11
0.0018000000000000002	5.384904751610386e-19	2.8876834910257727e-14	1.9205544812368466e-17	1.9038095510803384e-16	1.9623416011324088e-21	1.4454748114987052e-11
0.002	7.386692894842781e-19	3.961147866880488e-14	2.3710547995587357e-17	2.3503819463609265e-16	2.422643933003255e-21	1.784528692806895e-11
0.0022	9.831677961537073e-19	5.272275585237181e-14	2.8689761676524134e-17	2.8439618943820974e-16	2.9313991359293417e-21	2.1592699034108396e-11
0.0024000000000000002	1.2764178625939102e-18	6.844831769748536e-14	3.414318578584975e-17	3.3845493822158656e-16	3.4886072087699446e-21	2.5696979566452282e-11
0.0026000000000000003	1.6228513376906591e-18	8.702581323629696e-14	4.007082025423515e-17	3.972144396934246e-16	4.094268150384339e-21	3.0158123658491775e-11
0.0028	2.0269000517909617e-18	1.0869288929659532e-13	4.647266501235129e-17	4.606746925609258e-16	4.748381959631802e-21	3.497612644366222e-11
0.003	2.4929958167031152e-18	1.3368719050181936e-13	5.3348719990869184e-17	5.288356955312925e-16	5.450948635371608e-21	4.015098305544333e-11
0.0032	3.0255704256967465e-18	1.6224635927107073e-13	6.069898512045977e-17	6.016974473117272e-16	6.201968176463038e-21	4.5682688627358913e-11
0.0034000000000000002	3.629055653502869e-18	1.94608035819127e-13	6.852346033179403e-17	6.792599466094322e-16	7.001440581765367e-21	5.157123829297713e-11
0.0036000000000000003	4.307883256313921e-18	2.3100985815645397e-13	7.6822145555543e-17	7.615231921316107e-16	7.849365850137866e-21	5.781662718591032e-11
0.0038	5.066484971783826e-18	2.716894620892186e-13	8.559504072237756e-17	8.484871825854656e-16	8.745743980439814e-21	6.441885043981508e-11
0.004	5.909292519028031e-18	3.168844812193023e-13	9.484214576296888e-17	9.401519166782002e-16	9.690574971530493e-21	7.137790318839226e-11
0.004200000000000001	6.840737598623565e-18	3.6683254694431305e-13	1.0456346060798785e-16	1.036517393117019e-15	1.0683858822269176e-20	7.869378056538694e-11
0.0044	7.865251892609067e-18	4.2177128845759764e-13	1.1475898518810553e-16	1.1375836106091239e-15	1.1725595531515135e-20	8.636647770458846e-11
0.0046	8.987267064484871e-18	4.819383327482564e-13	1.2542871943399292e-16	1.2433505678617206e-15	1.2815785098127646e-20	9.439598973983035e-11
0.0048000000000000004	1.0211214759213023e-17	5.475713046011544e-13	1.3657266327632108e-16	1.3538182635820133e-15	1.3954427520966e-20	1.0278231180499041e-10
0.005	1.1541526603217331e-17	6.189078265969343e-13	1.4819081664576101e-16	1.4689866964772054e-15	1.5141522798889455e-20	1.1152543903399067e-10
0.005200000000000001	1.298263420438343e-17	6.961855191120295e-13	1.6028317947298383e-16	1.588855865254503e-15	1.63770709307573e-20	1.206253665607975e-10
0.0054	1.4538969152058814e-17	7.79642000318677e-13	1.7284975168866044e-16	1.7134257686211099e-15	1.7661071915428805e-20	1.3008208951942123e-10
0.0056	1.6214963017052908e-17	8.695148861849299e-13	1.8589053322346202e-16	1.842696405284232e-15	1.899352575176325e-20	1.3989560304391675e-10
0.0058000000000000005	1.8015047351637092e-17	9.660417904746711e-13	1.9940552400805973e-16	1.9766677739510756e-15	2.0374432438619905e-20	1.5006590226838315e-10
0.006	1.9943653689544747e-17	1.0694603247476236e-12	2.1339472397312442e-16	2.115339873328845e-15	2.1803791974858057e-20	1.605929823269634e-10
0.006200000000000001	2.200521354597134e-17	1.1800080983593665e-12	2.2785813304932734e-16	2.2587127021247474e-15	2.328160435933698e-20	1.7147683835384513e-10
0.0064	2.4204158417574416e-17	1.2979227184613458e-12	2.427957511673394e-16	2.406786259045987e-15	2.480786959091594e-20	1.8271746548325998e-10
0.0066	2.6544919782473717e-17	1.4234417900008873e-12	2.582075782578318e-16	2.5595605427997723e-15	2.638258766845422e-20	1.943148588494839e-10
0.0068000000000000005	2.903192910025116e-17	1.556802915721211e-12	2.7409361425147574e-16	2.717035552093309e-15	2.8005758590811115e-20	2.0626901358683713e-10
0.007	3.166961781195091e-17	1.6982436961614398e-12	2.9045385907894214e-16	2.8792112856338046e-15	2.9677382356845856e-20	2.1857992482968401e-10
0.007200000000000001	3.446241734007947e-17	1.8480017296566185e-12	3.0728831267090225e-16	3.046087742128466e-15	3.139745896541778e-20	2.312475877124332e-10
0.0074	3.741475908860567e-17	2.0063146123377203e-12	3.2459697495802707e-16	3.2176649202845e-15	3.316598841538612e-20	2.442719973695375e-10
0.0076	4.053107444296077e-17	2.1734199381316637e-12	3.423798458709877e-16	3.3939428188091154e-15	3.4982970705610153e-20	2.5765314893549414e-10
0.0078000000000000005	4.381579477003841e-17	2.349555298761325e-12	3.606369253404556e-16	3.574921436409518e-15	3.684840583494919e-20	2.7139103754484446e-10
0.008	4.7273351418194786e-17	2.5349582837455465e-12	3.7936821329710146e-16	3.7606007717929186e-15	3.876229380226247e-20	2.854856583321739e-10
0.0082	5.0908175717248654e-17	2.729866480399159e-12	3.985737096715967e-16	3.950980823666524e-15	4.072463460640929e-20	2.999370064321126e-10
0.008400000000000001	5.472469897848131e-17	2.9345174738329823e-12	4.182534143946124e-16	4.146061590737544e-15	4.273542824624893e-20	3.1474507697933413e-10
0.0086	5.872735249463667e-17	3.1491488469538435e-12	4.3840732739681965e-16	4.345843071713183e-15	4.4794674720640644e-20	3.2990986510855714e-10
0.0088	6.29205675399215e-17	3.3739981804645996e-12	4.590354486088898e-16	4.550325265300656e-15	4.690237402844373e-20	3.45431365954544e-10
0.009000000000000001	6.730877537000514e-17	3.609303052864132e-12	4.801377779614938e-16	4.75950817020717e-15	4.9058526168517466e-20	3.6130957465210147e-10
0.0092	7.189640722201973e-17	3.855301040447369e-12	5.01714315385303e-16	4.973391785139932e-15	5.126313113972109e-20	3.775444863360805e-10
0.0094	7.668789431456037e-17	4.112229717305304e-12	5.237650608109885e-16	5.191976108806155e-15	5.351618894091394e-20	3.9413609614137635e-10
0.009600000000000001	8.168766784768489e-17	4.380326655324995e-12	5.462900141692216e-16	5.4152611399130495e-15	5.581769957095528e-20	4.110843992029285e-10
0.0098	8.690015900291416e-17	4.65982942418959e-12	5.692891753906732e-16	5.6432468771678214e-15	5.816766302870434e-20	4.2838939065572047e-10
0.01	9.232979894323201e-17	4.950975591378333e-12	5.92762544406015e-16	5.875933319277685e-15	6.056607931302043e-20	4.4605106563478033e-10
0.0102	9.798101881308525e-17	5.254002722166573e-12	6.167101211459177e-16	6.113320464949851e-15	6.301294842276283e-20	4.6406941927517997e-10
0.010400000000000001	1.0385824973838385e-16	5.569148379625791e-12	6.4113190554105305e-16	6.355408312891528e-15	6.550827035679082e-20	4.824444467120363e-10
0.0106	1.0996592282650077e-16	5.896650124623596e-12	6.660278975220914e-16	6.6021968618099274e-15	6.805204511396365e-20	5.01176143080509e-10
0.0108	1.1630846916627237e-16	6.2367455158237505e-12	6.913980970197051e-16	6.853686110412263e-15	7.064427269314063e-20	5.202645035158036e-10
0.011000000000000001	1.2289031982799808e-16	6.589672109686176e-12	7.17242503964565e-16	7.109876057405747e-15	7.328495309318103e-20	5.397095231531692e-10
0.0112	1.2971590586344052e-16	6.955667460466962e-12	7.435611182873416e-16	7.370766701497585e-15	7.597408631294409e-20	5.595111971278985e-10
0.0114	1.3678965830582586e-16	7.334969120218399e-12	7.703539399187071e-16	7.636358041394995e-15	7.871167235128912e-20	5.796695205753296e-10
0.011600000000000001	1.4411600816984348e-16	7.727814638788968e-12	7.976209687893325e-16	7.90665007580519e-15	8.149771120707541e-20	6.001844886308439e-10
0.0118	1.5169938645164608e-16	8.134441563823355e-12	8.253622048298887e-16	8.181642803435378e-15	8.43322028791622e-20	6.210560964298671e-10
0.012	1.595442241288502e-16	8.55508744076249e-12	8.535776479710475e-16	8.461336222992774e-15	8.721514736640882e-20	6.422843391078701e-10
0.0122	1.6765495216053554e-16	8.98998981284352e-12	8.822672981434797e-16	8.745730333184596e-15	9.014654466767452e-20	6.638692118003667e-10
0.012400000000000001	1.7603600148724548e-16	9.439386221099865e-12	9.114311552778572e-16	9.034825132718048e-15	9.312639478181856e-20	6.858107096429159e-10
0.0126	1.8469180303098686e-16	9.903514204361189e-12	9.410692193048507e-16	9.328620620300351e-15	9.615469770770017e-20	7.081088277711203e-10
0.0128	1.9362678769523064e-16	1.0382611299253436e-11	9.711814901551315e-16	9.627116794638711e-15	9.923145344417876e-20	7.30763561320627e-10
0.013000000000000001	2.0284538636491098e-16	1.0876915040198852e-11	1.0017679677593714e-15	9.930313654440352e-15	1.0235666199011352e-19	7.537749054271276e-10
0.0132	2.1235202990642603e-16	1.1386662959415963e-11	1.0328286520482412e-15	1.023821119841248e-14	1.0553032334436369e-19	7.771428552263574e-10
0.0134	2.221511491676377e-16	1.1912092586919635e-11	1.0643635429524129e-15	1.0550809425262315e-14	1.0875243750578868e-19	8.008674058540962e-10
0.013600000000000001	2.3224717497787185e-16	1.2453441450521045e-11	1.0963726404025571e-15	1.0868108333697068e-14	1.1202300447324766e-19	8.249485524461683e-10
0.013800000000000002	2.426445381479181e-16	1.3010947075827708e-11	1.1288559443293455e-15	1.1190107922423958e-14	1.153420242455999e-19	8.493862901384415e-10
0.014	2.5334766947002987e-16	1.3584846986243495e-11	1.161813454663449e-15	1.1516808190150193e-14	1.1870949682170467e-19	8.741806140668282e-10
0.0142	2.6436099971792507e-16	1.4175378702968655e-11	1.1952451713355397e-15	1.1848209135582998e-14	1.221254222004214e-19	8.993315193672853e-10
0.014400000000000001	2.756889596467854e-16	1.4782779744999797e-11	1.229151094276289e-15	1.218431075742958e-14	1.255898003806092e-19	9.248390011758138e-10
0.0146	2.8733597999325636e-16	1.5407287629129928e-11	1.2635312234163667e-15	1.2525113054397163e-14	1.2910263136112738e-19	9.507030546284585e-10
0.0148	2.993064914754482e-16	1.6049139869948473e-11	1.2983855586864462e-15	1.2870616025192952e-14	1.3266391514083526e-19	9.769236748613088e-10
0.015000000000000001	3.116049247929349e-16	1.6708573979841253e-11	1.3337141000171977e-15	1.3220819668524176e-14	1.3627365171859208e-19	1.0035008570104985e-09
0.0152	3.2423571062675472e-16	1.7385827468990517e-11	1.3695168473392927e-15	1.3575723983098043e-14	1.3993184109325714e-19	1.0304345962122047e-09
0.0154	3.372032796394104e-16	1.808113784537498e-11	1.4057938005834029e-15	1.3935328967621777e-14	1.436384832636897e-19	1.0577248876026505e-09
0.015600000000000001	3.5051206247486884e-16	1.87947426147698e-11	1.4425449596802002e-15	1.4299634620802583e-14	1.473935782287491e-19	1.0853717263181014e-09
0.0158	3.641664897585616e-16	1.952687928074659e-11	1.4797703245603543e-15	1.4668640941347697e-14	1.5119712598729454e-19	1.1133751074948677e-09
0.016	3.78170992097384e-16	2.027778534467345e-11	1.5174698951545382e-15	1.5042347927964313e-14	1.5504912653818532e-19	1.1417350262693042e-09
0.0162	3.925300000796968e-16	2.1047698305714988e-11	1.5556436713934223e-15	1.5420755579359668e-14	1.5894957988028072e-19	1.1704514777778099e-09
0.0164	4.072479442753249e-16	2.1836855660832326e-11	1.5942916532076792e-15	1.5803863894240973e-14	1.6289848601244002e-19	1.1995244571568285e-09
0.0166	4.223292552355573e-16	2.2645494904783047e-11	1.6334138405279784e-15	1.6191672871315453e-14	1.6689584493352248e-19	1.2289539595428459e-09
0.016800000000000002	4.3777836349314855e-16	2.3473853530121348e-11	1.6730102332849938e-15	1.6584182509290315e-14	1.7094165664238745e-19	1.2587399800723947e-09
0.017	4.535996995623167e-16	2.4322169027197884e-11	1.7130808314093951e-15	1.698139280687278e-14	1.750359211378941e-19	1.2888825138820509e-09
0.0172	4.697976939387453e-16	2.5190678884159937e-11	1.7536256348318544e-15	1.738330376277007e-14	1.7917863841890176e-19	1.319381556108433e-09
0.017400000000000002	4.863767770995835e-16	2.6079620586951348e-11	1.7946446434830432e-15	1.778991537568941e-14	1.8336980848426972e-19	1.3502371018882068e-09
0.0176	5.03341379503443e-16	2.6989231619312494e-11	1.8361378572936327e-15	1.8201227644338007e-14	1.8760943133285724e-19	1.3814491463580792e-09
0.0178	5.206959315904026e-16	2.791974946278039e-11	1.8781052761942933e-15	1.8617240567423088e-14	1.9189750696352357e-19	1.413017684654804e-09
0.018000000000000002	5.384448637820048e-16	2.887141159668868e-11	1.920546900115699e-15	1.9037954143651886e-14	1.9623403537512813e-19	1.4449427119151784e-09
0.0182	5.565926064812575e-16	2.9844455498167556e-11	1.9634627289885195e-15	1.9463368371731595e-14	2.0061901656652997e-19	1.4772242232760424e-09
0.0184	5.751435900726332e-16	3.08391186421439e-11	2.0068527627434265e-15	1.989348325036945e-14	2.0505245053658843e-19	1.5098622138742815e-09
0.018600000000000002	5.941022449220706e-16	3.185563850134125e-11	2.050717001311092e-15	2.032829877827267e-14	2.0953433728416301e-19	1.5428566788468255e-09
0.0188	6.134730013769716e-16	3.289425254627974e-11	2.0950554446221867e-15	2.076781495414847e-14	2.1406467680811273e-19	1.5762076133306475e-09
0.019	6.332602897662048e-16	3.395519824527624e-11	2.1398680926073823e-15	2.1212031776704084e-14	2.18643469107297e-19	1.6099150124627657e-09
0.019200000000000002	6.534685404001042e-16	3.503871306444429e-11	2.185154945197352e-15	2.1660949244646734e-14	2.2327071418057506e-19	1.6439788713802434e-09
0.0194	6.741021835704674e-16	3.614503446769411e-11	2.230916002322765e-15	2.2114567356683617e-14	2.279464120268061e-19	1.6783991852201855e-09
0.0196	6.951656495505591e-16	3.727439991673264e-11	2.2771512639142936e-15	2.257288611152198e-14	2.3267056264484957e-19	1.7131759491197427e-09
0.0198	7.166633685951083e-16	3.8427046871063543e-11	2.32386072990261e-15	2.3035905507869034e-14	2.374431660335647e-19	1.7483091582161107e-09
0.02	7.385997709403096e-16	3.960321278798722e-11	2.371044400218385e-15	2.3503625544432005e-14	2.4226422219181057e-19	1.783798807646527e-09
0.020200000000000003	7.609792868038233e-16	4.0803135122600824e-11	2.4187022747922914e-15	2.3976046219918114e-14	2.4713373111844673e-19	1.819644892548277e-09
0.0204	7.838063463847749e-16	4.202705132779825e-11	2.4668343535549976e-15	2.4453167533034592e-14	2.520516928123323e-19	1.8558474080586853e-09
0.0206	8.070853798637554e-16	4.3275198854270194e-11	2.5154406364371787e-15	2.4934989482488643e-14	2.5701810727232655e-19	1.8924063493151265e-09
0.020800000000000003	8.308208174028225e-16	4.4547815150504145e-11	2.5645211233695053e-15	2.542151206698751e-14	2.6203297449728895e-19	1.9293217114550145e-09
0.021	8.550170891454976e-16	4.584513766278434e-11	2.6140758142826478e-15	2.59127352852384e-14	2.6709629448607853e-19	1.9665934896158093e-09
0.0212	8.79678625216769e-16	4.7167403835191886e-11	2.6641047091072776e-15	2.6408659135948546e-14	2.7220806723755467e-19	2.0042216789350157e-09
0.021400000000000002	9.048098557230916e-16	4.8514851109604706e-11	2.7146078077740698e-15	2.6909283617825175e-14	2.7736829275057674e-19	2.0422062745501827e-09
0.0216	9.304152107523837e-16	4.988771692569751e-11	2.765585110213691e-15	2.7414608729575503e-14	2.8257697102400386e-19	2.0805472715989023e-09
0.0218	9.564991203740313e-16	5.1286238720941914e-11	2.8170366163568166e-15	2.792463446990676e-14	2.878341020566954e-19	2.1192446652188122e-09
0.022000000000000002	9.830660146388868e-16	5.271065393060641e-11	2.8689623261341173e-15	2.8439360837526175e-14	2.931396858475107e-19	2.1582984505475925e-09
0.0222	1.0101203235792657e-15	5.4161199987756284e-11	2.921362239476263e-15	2.8958787831140967e-14	2.984937223953088e-19	2.1977086227229685e-09
0.0224	1.0376664772089531e-15	5.5638114323253806e-11	2.974236356313926e-15	2.9482915449458344e-14	3.038962116989492e-19	2.23747517688271e-09
0.022600000000000002	1.0657089055231975e-15	5.7141634365758124e-11	3.027584676577781e-15	3.0011743691185566e-14	3.0934715375729103e-19	2.2775981081646315e-09
0.0228	1.094252038498714e-15	5.867199754172521e-11	3.081407200198495e-15	3.0545272555029835e-14	3.1484654856919375e-19	2.3180774117065912e-09
0.023	1.1233003060936847e-15	6.022944127540811e-11	3.1357039271067427e-15	3.1083502039698377e-14	3.2039439613351643e-19	2.358913082646489e-09
0.023200000000000002	1.152858138247758e-15	6.181420298885675e-11	3.1904748572331957e-15	3.162643214389844e-14	3.2599069644911863e-19	2.400105116122274e-09
0.0234	1.1829299648820464e-15	6.342652010191791e-11	3.2457199905085236e-15	3.217406286633723e-14	3.3163544951485933e-19	2.441653507271934e-09
0.0236	1.2135202158991306e-15	6.506663003223547e-11	3.301439326863399e-15	3.272639420572197e-14	3.373286553295979e-19	2.4835582512335057e-09
0.0238	1.2446333211830591e-15	6.673477019525027e-11	3.3576328662284946e-15	3.32834261607599e-14	3.4307031389219383e-19	2.5258193431450683e-09
0.024	1.2762737105993417e-15	6.843117800420012e-11	3.4143006085344816e-15	3.3845158730158234e-14	3.4886042520150604e-19	2.5684367781447443e-09
0.024200000000000003	1.30844581399496e-15	7.015609087011978e-11	3.4714425537120325e-15	3.441159191262422e-14	3.5469898925639417e-19	2.611410551370701e-09
0.0244	1.3411540611983592e-15	7.19097462018411e-11	3.5290587016918144e-15	3.498272570686507e-14	3.605860060557172e-19	2.6547406579611494e-09
0.0246	1.3744028820194519e-15	7.369238140599297e-11	3.587149052404505e-15	3.5558560111588006e-14	3.6652147559833446e-19	2.6984270930543464e-09
0.024800000000000003	1.4081967062496167e-15	7.550423388700121e-11	3.645713605780774e-15	3.6139095125500276e-14	3.725053978831054e-19	2.7424698517885927e-09
0.025	1.4425399636616992e-15	7.734554104708881e-11	3.704752361751292e-15	3.672433074730908e-14	3.7853777290888903e-19	2.7868689293022296e-09
0.0252	1.477437084010011e-15	7.921654028627585e-11	3.764265320246731e-15	3.731426697572169e-14	3.846186006745448e-19	2.831624320733649e-09
0.025400000000000002	1.5128924970303339e-15	8.111746900237934e-11	3.824252481197764e-15	3.7908903809445285e-14	3.907478811789322e-19	2.8767360212212823e-09
0.0256	1.5489106324399094e-15	8.304856459101354e-11	3.8847138445350604e-15	3.850824124718712e-14	3.969256144209101e-19	2.9222040259036044e-09
0.0258	1.5854959199374528e-15	8.501006444558971e-11	3.945649410189293e-15	3.911227928765442e-14	4.0315180039933804e-19	2.968028329919139e-09
0.026000000000000002	1.6226527892031431e-15	8.700220595731636e-11	4.007059178091136e-15	3.972101792955443e-14	4.094264391130752e-19	3.0142089284064503e-09
0.0262	1.6603856698986262e-15	8.902522651519892e-11	4.068943148171258e-15	4.033445717159436e-14	4.157495305609808e-19	3.0607458165041467e-09
0.0264	1.6986989916670153e-15	9.107936350604016e-11	4.1313013203603316e-15	4.095259701248143e-14	4.2212107474191424e-19	3.1076389893508846e-09
0.026600000000000002	1.7375971841328904e-15	9.316485431444e-11	4.1941336945890306e-15	4.157543745092291e-14	4.2854107165473495e-19	3.1548884420853597e-09
0.0268	1.7770846769023e-15	9.52819363227953e-11	4.257440270788022e-15	4.2202978485625985e-14	4.350095212983018e-19	3.202494169846314e-09
0.027	1.817165899562756e-15	9.743084691130041e-11	4.321221048887982e-15	4.2835220115297915e-14	4.415264236714743e-19	3.2504561677725346e-09
0.027200000000000002	1.8578452816832435e-15	9.961182345794673e-11	4.385476028819581e-15	4.347216233864591e-14	4.480917787731118e-19	3.298774431002852e-09
0.0274	1.8991272528142075e-15	1.0182510333852278e-10	4.450205210513491e-15	4.4113805154377224e-14	4.547055866020734e-19	3.34744895467614e-09
0.027600000000000003	1.941016242487568e-15	1.0407092392661453e-10	4.515408593900383e-15	4.476014856119909e-14	4.613678471572185e-19	3.396479733931319e-09
0.027800000000000002	1.9835166802167034e-15	1.0634952259360491e-10	4.58108617891093e-15	4.541119255781871e-14	4.680785604374063e-19	3.4458667639073504e-09
0.028	2.0266329954964682e-15	1.0866113670867432e-10	4.647237965475802e-15	4.606693714294333e-14	4.748377264414961e-19	3.4956100397432418e-09
0.028200000000000003	2.070369617803179e-15	1.1100600363880039e-10	4.713863953525673e-15	4.672738231528021e-14	4.816453451683474e-19	3.545709556578046e-09
0.0284	2.1147309765946217e-15	1.1338436074875784e-10	4.7809641429912126e-15	4.739252807353653e-14	4.885014166168191e-19	3.596165309550856e-09
0.0286	2.1597215013100487e-15	1.1579644540111885e-10	4.848538533803095e-15	4.806237441641955e-14	4.954059407857707e-19	3.6469772938008137e-09
0.028800000000000003	2.205345621370181e-15	1.1824249495625297e-10	4.916587125891993e-15	4.873692134263651e-14	5.023589176740616e-19	3.698145504467105e-09
0.029	2.2516077661772068e-15	1.207227467723268e-10	4.985109919188573e-15	4.9416168850894656e-14	5.093603472805508e-19	3.749669936688954e-09
0.0292	2.2985123651147796e-15	1.2323743820530443e-10	5.05410691362351e-15	5.0100116939901175e-14	5.164102296040976e-19	3.801550585605635e-09
0.029400000000000003	2.3460638475480272e-15	1.2578680660894738e-10	5.123578109127479e-15	5.0788765608363325e-14	5.235085646435616e-19	3.853787446356466e-09
0.0296	2.3942666428235355e-15	1.2837108933481425e-10	5.1935235056311465e-15	5.148211485498834e-14	5.306553523978016e-19	3.906380514080805e-09
0.0298	2.4431251802693676e-15	1.3099052373226125e-10	5.2639431030651864e-15	5.218016467848346e-14	5.378505928656771e-19	3.9593297839180606e-09
0.030000000000000002	2.4926438891950486e-15	1.3364534714844189e-10	5.334836901360272e-15	5.288291507755593e-14	5.450942860460477e-19	4.012635251007679e-09
0.0302	2.5428271988915724e-15	1.3633579692830695e-10	5.406204900447074e-15	5.3590366050912956e-14	5.523864319377721e-19	4.066296910489155e-09
0.0304	2.593679538631403e-15	1.3906211041460476e-10	5.478047100256264e-15	5.4302517597261776e-14	5.5972703053971e-19	4.120314757502025e-09
0.030600000000000002	2.645205337668469e-15	1.4182452494788108e-10	5.550363500718516e-15	5.501936971530965e-14	5.6711608185072065e-19	4.174688787185875e-09
0.0308	2.6974090252381713e-15	1.4462327786647894e-10	5.623154101764498e-15	5.5740922403763784e-14	5.745535858696631e-19	4.229418994680324e-09
0.031	2.750295030557373e-15	1.474586065065389e-10	5.696418903324885e-15	5.646717566133143e-14	5.820395425953967e-19	4.284505375125049e-09
0.031200000000000002	2.8038677828244135e-15	1.5033074820199906e-10	5.770157905330351e-15	5.719812948671981e-14	5.895739520267811e-19	4.339947923659761e-09
0.031400000000000004	2.8581317112190925e-15	1.5323994028459482e-10	5.8443711077115616e-15	5.79337838786362e-14	5.97156814162675e-19	4.39574663542422e-09
0.0316	2.9130912449026817e-15	1.5618642008385906e-10	5.9190585103991935e-15	5.867413883578778e-14	6.04788129001938e-19	4.451901505558226e-09
0.0318	2.968750813017918e-15	1.5917042492712227e-10	5.994220113323916e-15	5.94191943568818e-14	6.124678965434293e-19	4.508412529201629e-09
0.032	3.0251148446890147e-15	1.6219219213951242e-10	6.069855916416404e-15	6.016895044062553e-14	6.201961167860081e-19	4.565279701494318e-09
0.0322	3.0821877690216434e-15	1.6525195904395498e-10	6.145965919607326e-15	6.092340708572616e-14	6.279727897285339e-19	4.622503017576231e-09
0.0324	3.1399740151029488e-15	1.6834996296117292e-10	6.222550122827357e-15	6.1682564290891e-14	6.357979153698658e-19	4.6800824725873456e-09
0.032600000000000004	3.198478012001548e-15	1.7148644120968687e-10	6.299608526007169e-15	6.244642205482721e-14	6.436714937088633e-19	4.7380180616676885e-09
0.0328	3.2577041887675166e-15	1.746616311058147e-10	6.377141129077431e-15	6.321498037624206e-14	6.5159352474438525e-19	4.7963097799573235e-09
0.033	3.3176569744324076e-15	1.7787576996367213e-10	6.455147931968815e-15	6.39882392538428e-14	6.595640084752914e-19	4.854957622596363e-09
0.0332	3.378340798009238e-15	1.8112909509517238e-10	6.533628934611996e-15	6.476619868633663e-14	6.675829449004408e-19	4.913961584724967e-09
0.0334	3.4397600884924968e-15	1.844218438100263e-10	6.612584136937646e-15	6.554885867243082e-14	6.756503340186926e-19	4.9733216614833324e-09
0.033600000000000005	3.5019192748581416e-15	1.8775425341574244e-10	6.692013538876437e-15	6.633621921083261e-14	6.837661758289065e-19	5.033037848011708e-09
0.033800000000000004	3.56482278606359e-15	1.9112656121762656e-10	6.771917140359038e-15	6.71282803002492e-14	6.919304703299414e-19	5.09311013945038e-09
0.034	3.628475051047743e-15	1.9453900451878248e-10	6.852294941316122e-15	6.792504193938788e-14	7.001432175206566e-19	5.153538530939682e-09
0.0342	3.6928804987309595e-15	1.979918206201115e-10	6.933146941678363e-15	6.872650412695585e-14	7.084044173999115e-19	5.21432301761999e-09
0.0344	3.758043558015069e-15	2.0148524682031256e-10	7.01447314137643e-15	6.953266686166037e-14	7.167140699665654e-19	5.275463594631726e-09
0.0346	3.823968657783376e-15	2.050195204158823e-10	7.0962735403409975e-15	7.034353014220866e-14	7.250721752194775e-19	5.336960257115355e-09
0.034800000000000005	3.890660226900649e-15	2.0859487870111525e-10	7.178548138502739e-15	7.115909396730802e-14	7.334787331575071e-19	5.3988130002113935e-09
0.035	3.958122694213123e-15	2.1221155896810307e-10	7.261296935792322e-15	7.197935833566562e-14	7.419337437795134e-19	5.461021819060386e-09
0.0352	4.026360488548505e-15	2.158697985067356e-10	7.344519932140422e-15	7.28043232459887e-14	7.504372070843559e-19	5.523586708802935e-09
0.0354	4.095378038715974e-15	2.1956983460470032e-10	7.428217127477708e-15	7.363398869698456e-14	7.589891230708936e-19	5.586507664579684e-09
0.0356	4.165179773506175e-15	2.233119045474824e-10	7.512388521734855e-15	7.446835468736038e-14	7.6758949173798605e-19	5.649784681531318e-09
0.0358	4.2357701216912205e-15	2.2709624561836475e-10	7.597034114842534e-15	7.530742121582345e-14	7.762383130844922e-19	5.713417754798568e-09
0.036000000000000004	4.3071535120247006e-15	2.3092309509842818e-10	7.682153906731422e-15	7.615118828108102e-14	7.849355871092721e-19	5.7774068795222126e-09
0.0362	4.379334373241663e-15	2.347926902665508e-10	7.767747897332181e-15	7.699965588184025e-14	7.93681313811184e-19	5.841752050843065e-09
0.0364	4.452317134058632e-15	2.387052683994091e-10	7.853816086575489e-15	7.785282401680846e-14	8.024754931890877e-19	5.906453263901994e-09
0.0366	4.526106223173597e-15	2.4266106677147693e-10	7.94035847439202e-15	7.871069268469283e-14	8.113181252418423e-19	5.971510513839901e-09
0.0368	4.600706069266026e-15	2.4666032265502625e-10	8.027375060712442e-15	7.957326188420066e-14	8.202092099683071e-19	6.036923795797743e-09
0.037000000000000005	4.6761211009968486e-15	2.5070327332012675e-10	8.114865845467432e-15	8.044053161403918e-14	8.29148747367342e-19	6.102693104916517e-09
0.037200000000000004	4.752355747008462e-15	2.547901560346459e-10	8.202830828587654e-15	8.131250187291561e-14	8.381367374378054e-19	6.168818436337256e-09
0.0374	4.8294144359247356e-15	2.589212080642488e-10	8.291270010003787e-15	8.218917265953718e-14	8.47173180178557e-19	6.235299785201049e-09
0.0376	4.907301596351015e-15	2.630966666723989e-10	8.3801833896465e-15	8.307054397261117e-14	8.562580755884561e-19	6.302137146649025e-09
0.0378	4.9860216568741065e-15	2.6731676912035716e-10	8.469570967446466e-15	8.395661581084483e-14	8.653914236663616e-19	6.3693305158223555e-09
0.038	5.065579046062288e-15	2.715817526671825e-10	8.559432743334357e-15	8.484738817294537e-14	8.745732244111334e-19	6.436879887862257e-09
0.038200000000000005	5.145978192465317e-15	2.7589185456973203e-10	8.64976871724085e-15	8.574286105762008e-14	8.838034778216308e-19	6.504785257909995e-09
0.038400000000000004	5.227223524614404e-15	2.802473120826602e-10	8.740578889096613e-15	8.664303446357616e-14	8.93082183896712e-19	6.573046621106868e-09
0.0386	5.309319471022241e-15	2.846483624584199e-10	8.831863258832315e-15	8.754790838952085e-14	9.024093426352372e-19	6.641663972594229e-09
0.0388	5.392270460182986e-15	2.890952429472615e-10	8.92362182637863e-15	8.84574828341614e-14	9.117849540360655e-19	6.710637307513471e-09
0.039	5.47608092057227e-15	2.9358819079723375e-10	9.015854591666233e-15	8.937175779620508e-14	9.212090180980563e-19	6.779966621006031e-09
0.0392	5.5607552806471934e-15	2.9812744325418323e-10	9.108561554625796e-15	9.029073327435912e-14	9.306815348200688e-19	6.849651908213391e-09
0.039400000000000004	5.6462979688463255e-15	3.0271323756175444e-10	9.201742715187991e-15	9.121440926733079e-14	9.402025042009626e-19	6.919693164277081e-09
0.0396	5.732713413589698e-15	3.0734581096138976e-10	9.295398073283486e-15	9.214278577382728e-14	9.497719262395961e-19	6.990090384338665e-09
0.0398	5.82000604327883e-15	3.1202540069232984e-10	9.389527628842955e-15	9.307586279255587e-14	9.59389800934829e-19	7.06084356353976e-09
0.04	5.908180286296697e-15	3.1675224399161295e-10	9.484131381797071e-15	9.401364032222383e-14	9.690561282855207e-19	7.131952697022026e-09
0.0402	5.9972405710077464e-15	3.215265780940758e-10	9.579209332076507e-15	9.495611836153835e-14	9.787709082905306e-19	7.2034177799271655e-09
0.040400000000000005	6.087191325757908e-15	3.263486402323531e-10	9.674761479611943e-15	9.590329690920674e-14	9.885341409487178e-19	7.275238807396928e-09
0.040600000000000004	6.1780369788745655e-15	3.312186676368771e-10	9.770787824334033e-15	9.68551759639362e-14	9.983458262589414e-19	7.347415774573098e-09
0.0408	6.26978195866658e-15	3.361368975358788e-10	9.86728836617346e-15	9.7811755524434e-14	1.0082059642200613e-18	7.419948676597514e-09
0.041	6.362430693424284e-15	3.4110356715538685e-10	9.9642631050609e-15	9.877303558940737e-14	1.0181145548309359e-18	7.49283750861206e-09
0.0412	6.4559876114194825e-15	3.4611891371922825e-10	1.0061712040927018e-14	9.973901615756353e-14	1.0280715980904253e-18	7.566082265758655e-09
0.0414	6.5504571409054475e-15	3.5118317444902776e-10	1.0159635173702489e-14	1.007096972276098e-13	1.0380770939973883e-18	7.639682943179265e-09
0.041600000000000005	6.6458437101169234e-15	3.562965865642086e-10	1.025803250331799e-14	1.0168507879825341e-13	1.0481310425506847e-18	7.71363953601591e-09
0.041800000000000004	6.742151747270119e-15	3.614593872819918e-10	1.0356904029704183e-14	1.0266516086820156e-13	1.0582334437491732e-18	7.787952039410638e-09
0.042	6.839385680562726e-15	3.666718138173969e-10	1.045624975279175e-14	1.0364994343616152e-13	1.0683842975917128e-18	7.862620448505552e-09
0.0422	6.9375499381738975e-15	3.7193410338324123e-10	1.0556069672511356e-14	1.0463942650084057e-13	1.0785836040771636e-18	7.937644758442797e-09
0.0424	7.036648948264258e-15	3.7724649319014067e-10	1.0656363788793676e-14	1.056336100609459e-13	1.0888313632043844e-18	8.013024964364563e-09
0.0426	7.13668713897591e-15	3.826092204465087e-10	1.0757132101569385e-14	1.0663249411518483e-13	1.0991275749722346e-18	8.088761061413084e-09
0.042800000000000005	7.237668938432422e-15	3.8802252235855805e-10	1.0858374610769156e-14	1.0763607866226457e-13	1.109472239379574e-18	8.164853044730635e-09
0.043000000000000003	7.339598774738828e-15	3.934866361302981e-10	1.0960091316323653e-14	1.0864436370089236e-13	1.119865356425261e-18	8.241300909459537e-09
0.0432	7.442481075981638e-15	3.990017989635379e-10	1.1062282218163557e-14	1.0965734922977545e-13	1.130306926108155e-18	8.318104650742156e-09
0.0434	7.546320270228839e-15	4.0456824805788367e-10	1.1164947316219538e-14	1.1067503524762112e-13	1.1407969484271158e-18	8.395264263720904e-09
0.0436	7.651120785529881e-15	4.1018622061074097e-10	1.1268086610422264e-14	1.1169742175313659e-13	1.1513354233810023e-18	8.472779743538231e-09
0.0438	7.756887049915688e-15	4.1585595381731223e-10	1.1371700100702413e-14	1.1272450874502911e-13	1.1619223509686737e-18	8.550651085336637e-09
0.044000000000000004	7.863623491398661e-15	4.2157768487059993e-10	1.1475787786990658e-14	1.1375629622200603e-13	1.1725577311889903e-18	8.628878284258664e-09
0.0442	7.971334537972657e-15	4.273516509614027e-10	1.1580349669217664e-14	1.1479278418277446e-13	1.1832415640408098e-18	8.707461335446897e-09
0.0444	8.080024617613013e-15	4.331780892783192e-10	1.1685385747314108e-14	1.158339726260417e-13	1.1939738495229923e-18	8.78640023404397e-09
0.0446	8.189698158276547e-15	4.3905723700774547e-10	1.1790896021210666e-14	1.16879861550515e-13	1.2047545876343971e-18	8.865694975192554e-09
0.0448	8.300359587901534e-15	4.449893313338766e-10	1.1896880490837999e-14	1.179304509549016e-13	1.2155837783738832e-18	8.945345554035368e-09
0.045000000000000005	8.41201333440773e-15	4.509746094387053e-10	1.20033391561268e-14	1.1898574083790886e-13	1.2264614217403104e-18	9.025351965715181e-09
0.045200000000000004	8.524663825696348e-15	4.5701330850202287e-10	1.2110272017007721e-14	1.2004573119824387e-13	1.2373875177325374e-18	9.105714205374793e-09
0.0454	8.638315489650092e-15	4.631056657014188e-10	1.2217679073411439e-14	1.2111042203461397e-13	1.2483620663494238e-18	9.18643226815706e-09
0.0456	8.752972754133128e-15	4.692519182122815e-10	1.232556032526863e-14	1.2217981334572637e-13	1.2593850675898287e-18	9.267506149204877e-09
0.0458	8.86864004699109e-15	4.754523032077973e-10	1.2433915772509968e-14	1.2325390513028837e-13	1.2704565214526114e-18	9.34893584366118e-09
0.046	8.985321796051093e-15	4.817070578589512e-10	1.2542745415066122e-14	1.2433269738700723e-13	1.2815764279366316e-18	9.430721346668953e-09
0.046200000000000005	9.103022429121719e-15	4.880164193345264e-10	1.265204925286777e-14	1.2541619011459021e-13	1.2927447870407485e-18	9.512862653371233e-09
0.046400000000000004	9.221746373993015e-15	4.943806248011044e-10	1.2761827285845576e-14	1.265043833117445e-13	1.3039615987638206e-18	9.595359758911082e-09
0.0466	9.34149805843651e-15	5.007999114230652e-10	1.2872079513930216e-14	1.2759727697717734e-13	1.3152268631047078e-18	9.678212658431619e-09
0.0468	9.462281910205202e-15	5.072745163625877e-10	1.2982805937052364e-14	1.2869487110959607e-13	1.3265405800622693e-18	9.761421347076008e-09
0.047	9.584102357033558e-15	5.138046767796487e-10	1.309400655514269e-14	1.297971657077079e-13	1.3379027496353643e-18	9.844985819987448e-09
0.0472	9.706963826637518e-15	5.203906298320238e-10	1.320568136813187e-14	1.3090416077022007e-13	1.3493133718228521e-18	9.928906072309197e-09
0.047400000000000005	9.830870746714507e-15	5.270326126752871e-10	1.3317830375950572e-14	1.320158562958399e-13	1.360772446623593e-18	1.0013182099184544e-08
0.0476	9.955827544943398e-15	5.337308624628105e-10	1.3430453578529471e-14	1.3313225228327456e-13	1.3722799740364446e-18	1.0097813895756819e-08
0.0478	1.0081838648984544e-14	5.404856163457658e-10	1.354355097579924e-14	1.3425334873123133e-13	1.3838359540602665e-18	1.018280145716941e-08
0.048	1.0208908486479785e-14	5.47297111473122e-10	1.3657122567690552e-14	1.353791456384175e-13	1.3954403866939187e-18	1.0268144778565746e-08
0.0482	1.0337041485052417e-14	5.54165584991647e-10	1.3771168354134078e-14	1.3650964300354032e-13	1.40709327193626e-18	1.0353843855089292e-08
0.048400000000000006	1.0466242072307226e-14	5.610912740459079e-10	1.3885688335060494e-14	1.3764484082530703e-13	1.4187946097861503e-18	1.0439898681883562e-08
0.048600000000000004	1.0596514675830449e-14	5.680744157782697e-10	1.4000682510400466e-14	1.387847391024249e-13	1.4305444002424482e-18	1.0526309254092115e-08
0.0488	1.0727863723189797e-14	5.751152473288956e-10	1.4116150880084662e-14	1.3992933783360114e-13	1.442342643304013e-18	1.0613075566858552e-08
0.049	1.0860293641934471e-14	5.822140058357487e-10	1.423209344404377e-14	1.4107863701754306e-13	1.4541893389697043e-18	1.0700197615326519e-08
0.0492	1.0993808859595139e-14	5.893709284345895e-10	1.4348510202208454e-14	1.4223263665295786e-13	1.4660844872383811e-18	1.078767539463971e-08
0.0494	1.1128413803683924e-14	5.965862522589774e-10	1.4465401154509385e-14	1.4339133673855285e-13	1.4780280881089027e-18	1.0875508899941857e-08
0.049600000000000005	1.1264112901694451e-14	6.03860214440271e-10	1.4582766300877248e-14	1.445547372730353e-13	1.490020141580129e-18	1.0963698126376744e-08
0.049800000000000004	1.1400910581101787e-14	6.111930521076268e-10	1.4700605641242697e-14	1.4572283825511243e-13	1.5020606476509185e-18	1.1052243069088186e-08
0.05	1.1538811269362496e-14	6.185850023880001e-10	1.4818919175536413e-14	1.4689563968349145e-13	1.5141496063201308e-18	1.1141143723220053e-08
0.0502	1.1677819393914596e-14	6.260363024061455e-10	1.4937706903689064e-14	1.4807314155687976e-13	1.5262870175866248e-18	1.1230400083916258e-08
0.0504	1.181793938217759e-14	6.335471892846155e-10	1.5056968825631338e-14	1.4925534387398452e-13	1.5384728814492602e-18	1.132001214632076e-08
0.0506	1.195917566155246e-14	6.411179001437613e-10	1.5176704941293888e-14	1.5044224663351294e-13	1.5507071979068965e-18	1.1409979905577553e-08
0.050800000000000005	1.2101532659421645e-14	6.487486721017336e-10	1.5296915250607398e-14	1.516338498341724e-13	1.5629899669583934e-18	1.1500303356830686e-08
0.051000000000000004	1.2245014803149052e-14	6.564397422744812e-10	1.5417599753502536e-14	1.5283015347467014e-13	1.5753211886026087e-18	1.1590982495224238e-08
0.0512	1.2389626520080083e-14	6.641913477757512e-10	1.553875844990998e-14	1.5403115755371325e-13	1.5877008628384026e-18	1.1682017315902348e-08
0.0514	1.2535372237541608e-14	6.720037257170906e-10	1.5660391339760396e-14	1.5523686207000925e-13	1.600128989664634e-18	1.1773407814009194e-08
0.0516	1.2682256382841949e-14	6.79877113207844e-10	1.5782498422984458e-14	1.5644726702226516e-13	1.6126055690801627e-18	1.1865153984688991e-08
0.051800000000000006	1.2830283383270933e-14	6.878117473551563e-10	1.5905079699512845e-14	1.5766237240918842e-13	1.625130601083848e-18	1.195725582308601e-08
0.052000000000000005	1.2979457666099829e-14	6.958078652639688e-10	1.6028135169276225e-14	1.588821782294862e-13	1.6377040856745484e-18	1.2049713324344554e-08
0.0522	1.3129783658581405e-14	7.038657040370239e-10	1.615166483220527e-14	1.6010668448186573e-13	1.6503260228511236e-18	1.2142526483608982e-08
0.0524	1.328126578794988e-14	7.119855007748612e-10	1.6275668688230654e-14	1.613358911650344e-13	1.662996412612433e-18	1.2235695296023683e-08
0.0526	1.3433908481420965e-14	7.201674925758206e-10	1.6400146737283043e-14	1.6256979827769932e-13	1.6757152549573357e-18	1.232921975673311e-08
0.0528	1.358771616619184e-14	7.28411916536039e-10	1.652509897929312e-14	1.6380840581856788e-13	1.6884825498846915e-18	1.2423099860881736e-08
0.053000000000000005	1.3742693269441148e-14	7.367190097494546e-10	1.6650525414191558e-14	1.6505171378634728e-13	1.7012982973933594e-18	1.2517335603614103e-08
0.053200000000000004	1.389884421832901e-14	7.450890093078012e-10	1.6776426041909023e-14	1.662997221797448e-13	1.7141624974821984e-18	1.261192698007477e-08
0.0534	1.4056173439997028e-14	7.535221523006145e-10	1.6902800862376185e-14	1.6755243099746764e-13	1.7270751501500682e-18	1.2706873985408364e-08
0.0536	1.421468536156828e-14	7.620186758152275e-10	1.7029649875523717e-14	1.6880984023822314e-13	1.740036255395827e-18	1.2802176614759549e-08
0.0538	1.437438441014729e-14	7.705788169367727e-10	1.7156973081282298e-14	1.7007194990071848e-13	1.7530458132183356e-18	1.2897834863273031e-08
0.054	1.453527501282009e-14	7.792028127481808e-10	1.72847704795826e-14	1.7133875998366106e-13	1.766103823616452e-18	1.2993848726093555e-08
0.054200000000000005	1.469736159665418e-14	7.878909003301828e-10	1.74130420703553e-14	1.72610270485758e-13	1.779210286589037e-18	1.309021819836592e-08
0.054400000000000004	1.4860648588698513e-14	7.966433167613064e-10	1.7541787853531063e-14	1.738864814057166e-13	1.7923652021349484e-18	1.3186943275234961e-08
0.0546	1.502514041598352e-14	8.054602991178806e-10	1.767100782904056e-14	1.751673927422442e-13	1.805568570253046e-18	1.3284023951845568e-08
0.0548	1.5190841505521123e-14	8.143420844740315e-10	1.780070199681447e-14	1.7645300449404797e-13	1.8188203909421888e-18	1.3381460223342657e-08
0.055	1.535775628430472e-14	8.232889099016858e-10	1.7930870356783464e-14	1.7774331665983524e-13	1.832120664201237e-18	1.3479252084871213e-08
0.055200000000000006	1.5525889179309163e-14	8.32301012470568e-10	1.806151290887821e-14	1.7903832923831324e-13	1.8454693900290487e-18	1.3577399531576242e-08
0.055400000000000005	1.5695244617490772e-14	8.41378629248202e-10	1.8192629653029388e-14	1.8033804222818922e-13	1.858866568424484e-18	1.3675902558602801e-08
0.055600000000000004	1.5865827025787367e-14	8.505219972999101e-10	1.8324220589167663e-14	1.8164245562817046e-13	1.872312199386402e-18	1.3774761161096003e-08
0.0558	1.6037640831118243e-14	8.597313536888153e-10	1.8456285717223715e-14	1.8295156943696425e-13	1.885806282913662e-18	1.387397533420099e-08
0.056	1.6210690460384137e-14	8.690069354758376e-10	1.858882503712821e-14	1.842653836532778e-13	1.8993488190051224e-18	1.3973545073062953e-08
0.0562	1.6384980340467288e-14	8.783489797196975e-10	1.872183854881183e-14	1.8558389827581848e-13	1.9129398076596446e-18	1.4073470372827131e-08
0.056400000000000006	1.6560514898231408e-14	8.877577234769141e-10	1.8855326252205243e-14	1.8690711330329346e-13	1.9265792488760865e-18	1.4173751228638806e-08
0.056600000000000004	1.6737298560521677e-14	8.972334038018052e-10	1.8989288147239116e-14	1.8823502873440994e-13	1.9402671426533066e-18	1.4274387635643296e-08
0.0568	1.6915335754164723e-14	9.067762577464878e-10	1.912372423384413e-14	1.8956764456787536e-13	1.9540034889901653e-18	1.4375379588985976e-08
0.057	1.7094630905968704e-14	9.163865223608787e-10	1.925863451195096e-14	1.9090496080239684e-13	1.9677882878855214e-18	1.4476727083812256e-08
0.0572	1.7275188442723216e-14	9.260644346926926e-10	1.9394018981490264e-14	1.9224697743668176e-13	1.981621539338235e-18	1.4578430115267593e-08
0.0574	1.7457012791199326e-14	9.358102317874452e-10	1.9529877642392732e-14	1.9359369446943733e-13	1.9955032433471637e-18	1.4680488678497495e-08
0.057600000000000005	1.7640108378149595e-14	9.456241506884494e-10	1.966621049458903e-14	1.9494511189937085e-13	2.0094333999111692e-18	1.4782902768647497e-08
0.057800000000000004	1.782447963030804e-14	9.55506428436818e-10	1.9803017538009825e-14	1.9630122972518954e-13	2.0234120090291084e-18	1.4885672380863188e-08
0.058	1.801013097439018e-14	9.65457302071463e-10	1.9940298772585794e-14	1.976620479456007e-13	2.0374390706998423e-18	1.498879751029021e-08
0.0582	1.8197066837092964e-14	9.754770086290957e-10	2.0078054198247616e-14	1.9902756655931148e-13	2.0515145849222293e-18	1.5092278152074234e-08
0.0584	1.838529164509486e-14	9.85565785144226e-10	2.0216283814925947e-14	2.003977855650294e-13	2.0656385516951287e-18	1.519611430136098e-08
0.058600000000000006	1.85748098250558e-14	9.957238686491649e-10	2.0354987622551486e-14	2.0177270496146153e-13	2.0798109710174e-18	1.5300305953296227e-08
0.058800000000000005	1.8765625803617167e-14	1.0059514961740189e-09	2.0494165621054884e-14	2.0315232474731513e-13	2.094031842887903e-18	1.540485310302577e-08
0.059000000000000004	1.8957744007401836e-14	1.016248904746698e-09	2.0633817810366822e-14	2.0453664492129758e-13	2.1083011673054954e-18	1.5509755745695473e-08
0.0592	1.915116886301416e-14	1.0266163313929075e-09	2.077394419041797e-14	2.0592566548211604e-13	2.122618944269038e-18	1.5615013876451224e-08
0.0594	1.9345904797039976e-14	1.037054013136156e-09	2.0914544761139003e-14	2.0731938642847788e-13	2.136985173777389e-18	1.5720627490438978e-08
0.0596	1.9541956236046566e-14	1.0475621869977474e-09	2.1055619522460596e-14	2.0871780775909027e-13	2.1513998558294087e-18	1.5826596582804716e-08
0.059800000000000006	1.9739327606582714e-14	1.0581410899967886e-09	2.1197168474313416e-14	2.101209294726606e-13	2.1658629904239563e-18	1.5932921148694476e-08
0.060000000000000005	1.9938023335178666e-14	1.0687909591501816e-09	2.133919161662814e-14	2.115287515678961e-13	2.1803745775598902e-18	1.603960118325431e-08
0.060200000000000004	2.0138047848346146e-14	1.0795120314726318e-09	2.1481688949335445e-14	2.1294127404350393e-13	2.1949346172360707e-18	1.6146636681630364e-08
0.0604	2.0339405572578354e-14	1.0903045439766408e-09	2.1624660472365998e-14	2.1435849689819152e-13	2.2095431094513563e-18	1.6254027638968786e-08
0.0606	2.0542100934349967e-14	1.1011687336725123e-09	2.176810618565047e-14	2.1578042013066595e-13	2.2242000542046066e-18	1.6361774050415787e-08
0.0608	2.074613836011714e-14	1.1121048375683466e-09	2.1912026089119538e-14	2.1720704373963472e-13	2.238905451494681e-18	1.646987591111762e-08
0.061000000000000006	2.0951522276317495e-14	1.1231130926700461e-09	2.2056420182703884e-14	2.1863836772380496e-13	2.2536593013204386e-18	1.6578333216220587e-08
0.061200000000000004	2.1158257109370118e-14	1.1341937359813092e-09	2.2201288466334156e-14	2.20074392081884e-13	2.2684616036807386e-18	1.6687145960871018e-08
0.0614	2.1366347285675604e-14	1.1453470045036372e-09	2.2346630939941045e-14	2.2151511681257898e-13	2.2833123585744402e-18	1.6796314140215294e-08
0.0616	2.157579723161601e-14	1.156573135236328e-09	2.2492447603455228e-14	2.2296054191459734e-13	2.298211566000403e-18	1.690583774939985e-08
0.0618	2.1786611373554838e-14	1.1678723651764812e-09	2.2638738456807365e-14	2.244106673866462e-13	2.3131592259574864e-18	1.701571678357116e-08
0.062	2.1998794137837114e-14	1.1792449313189937e-09	2.2785503499928133e-14	2.2586549322743301e-13	2.3281553384445494e-18	1.712595123787574e-08
0.062200000000000005	2.2212349950789317e-14	1.1906910706565634e-09	2.2932742732748224e-14	2.2732501943566493e-13	2.3431999034604516e-18	1.7236541107460152e-08
0.062400000000000004	2.2427283238719397e-14	1.2022110201796871e-09	2.3080456155198277e-14	2.287892460100492e-13	2.3582929210040517e-18	1.734748638747099e-08
0.0626	2.264359842791677e-14	1.213805016876661e-09	2.3228643767208987e-14	2.3025817294929317e-13	2.373434391074209e-18	1.7458787073054913e-08
0.06280000000000001	2.286129994465236e-14	1.2254732977335809e-09	2.3377305568711018e-14	2.3173180025210413e-13	2.3886243136697836e-18	1.7570443159358615e-08
0.063	2.3080392215178533e-14	1.2372160997343406e-09	2.3526441559635037e-14	2.3321012791718914e-13	2.4038626887896335e-18	1.768245464152882e-08
0.0632	2.3300879665729173e-14	1.249033659860637e-09	2.367605173991175e-14	2.346931559432559e-13	2.419149516432619e-18	1.7794821514712323e-08
0.0634	2.3522766722519566e-14	1.2609262150919623e-09	2.3826136109471786e-14	2.3618088432901117e-13	2.434484796597599e-18	1.790754377405594e-08
0.0636	2.3746057811746574e-14	1.2728940024056118e-09	2.397669466824585e-14	2.376733130731626e-13	2.449868529283434e-18	1.8020621414706558e-08
0.06380000000000001	2.3970757359588464e-14	1.284937258776678e-09	2.412772741616461e-14	2.3917044217441736e-13	2.465300714488981e-18	1.8134054431811073e-08
0.064	2.4196869792204984e-14	1.297056221178053e-09	2.427923435315872e-14	2.406722716314826e-13	2.4807813522131006e-18	1.8247842820516443e-08
0.06420000000000001	2.4424399535737395e-14	1.3092511265804307e-09	2.4431215479158868e-14	2.4217880144306585e-13	2.496310442454652e-18	1.8361986575969684e-08
0.0644	2.4653351016308377e-14	1.3215222119523015e-09	2.458367079409573e-14	2.436900316078741e-13	2.5118879852124947e-18	1.8476485693317824e-08
0.0646	2.4883728660022162e-14	1.3338697142599578e-09	2.4736600297899967e-14	2.4520596212461486e-13	2.5275139804854874e-18	1.859134016770797e-08
0.0648	2.5115536892964364e-14	1.34629387046749e-09	2.4890003990502264e-14	2.4672659299199525e-13	2.54318842827249e-18	1.8706549994287245e-08
0.065	2.534878014120218e-14	1.3587949175367904e-09	2.5043881871833284e-14	2.4825192420872266e-13	2.558911328572361e-18	1.8822115168202835e-08
0.06520000000000001	2.5583462830784213e-14	1.3713730924275475e-09	2.519823394182372e-14	2.497819557735043e-13	2.574682681383961e-18	1.8938035684601964e-08
0.0654	2.581958938774053e-14	1.3840286320972512e-09	2.535306020040421e-14	2.513166876850473e-13	2.5905024867061474e-18	1.9054311538631884e-08
0.0656	2.6057164238082744e-14	1.3967617735011928e-09	2.5508360647505464e-14	2.5285611994205933e-13	2.6063707445377814e-18	1.917094272543992e-08
0.0658	2.6296191807803863e-14	1.4095727535924594e-09	2.5664135283058125e-14	2.5440025254324727e-13	2.6222874548777204e-18	1.9287929240173417e-08
0.066	2.6536676522878454e-14	1.422461809321942e-09	2.5820384106992884e-14	2.5594908548731873e-13	2.6382526177248253e-18	1.940527107797979e-08
0.06620000000000001	2.677862280926249e-14	1.435429177638328e-09	2.597710711924042e-14	2.5750261877298073e-13	2.6542662330779557e-18	1.952296823400647e-08
0.0664	2.7022035092893437e-14	1.4484750954881053e-09	2.6134304319731373e-14	2.590608523989405e-13	2.6703283009359683e-18	1.9641020703400945e-08
0.0666	2.7266917799690283e-14	1.4615997998155633e-09	2.6291975708396467e-14	2.6062378636390557e-13	2.6864388212977252e-18	1.9759428481310752e-08
0.0668	2.751327535555344e-14	1.4748035275627883e-09	2.645012128516632e-14	2.62191420666583e-13	2.702597794162083e-18	1.987819156288346e-08
0.067	2.7761112186364834e-14	1.4880865156696696e-09	2.6608741049971655e-14	2.6376375530568026e-13	2.718805219527904e-18	1.9997309943266696e-08
0.06720000000000001	2.8010432717987836e-14	1.5014490010738936e-09	2.676783500274311e-14	2.6534079027990454e-13	2.7350610973940458e-18	2.0116783617608125e-08
0.0674	2.8261241376267282e-14	1.5148912207109452e-09	2.6927403143411374e-14	2.6692252558796303e-13	2.7513654277593667e-18	2.0236612581055443e-08
0.06760000000000001	2.851354258702957e-14	1.5284134115141144e-09	2.7087445471907117e-14	2.685089612285631e-13	2.7677182106227286e-18	2.035679682875642e-08
0.0678	2.876734077608247e-14	1.542015810414486e-09	2.7247961988160998e-14	2.7010009720041195e-13	2.784119445982988e-18	2.047733635585884e-08
0.068	2.9022640369215306e-14	1.5556986543409468e-09	2.740895269210372e-14	2.7169593350221714e-13	2.8005691338390068e-18	2.059823115751055e-08
0.0682	2.927944579219882e-14	1.5694621802201821e-09	2.7570417583665928e-14	2.732964701326855e-13	2.8170672741896412e-18	2.071948122885941e-08
0.0684	2.953776147078527e-14	1.5833066249766797e-09	2.7732356662778328e-14	2.749017070905247e-13	2.8336138670337545e-18	2.0841086565053395e-08
0.06860000000000001	2.9797591830708394e-14	1.5972322255327241e-09	2.7894769929371568e-14	2.7651164437444184e-13	2.850208912370203e-18	2.0963047161240446e-08
0.0688	3.0058941297683354e-14	1.6112392188084008e-09	2.8057657383376304e-14	2.781262819831441e-13	2.8668524101978455e-18	2.1085363012568582e-08
0.069	3.032181429740688e-14	1.6253278417215964e-09	2.8221019024723243e-14	2.79745619915339e-13	2.8835443605155433e-18	2.1208034114185873e-08
0.0692	3.058621525555709e-14	1.6394983311879953e-09	2.8384854853343047e-14	2.8136965816973373e-13	2.9002847633221547e-18	2.1331060461240413e-08
0.0694	3.085214859779365e-14	1.6537509241210835e-09	2.854916486916638e-14	2.829983967450355e-13	2.9170736186165395e-18	2.1454442048880372e-08
0.06960000000000001	3.1119618749757654e-14	1.668085857432147e-09	2.871394907212395e-14	2.846318356399517e-13	2.9339109263975568e-18	2.1578178872253926e-08
0.0698	3.1388630137071676e-14	1.682503368030268e-09	2.887920746214637e-14	2.862699748531894e-13	2.9507966866640652e-18	2.1702270926509312e-08
0.07	3.1659187185339805e-14	1.6970036928223352e-09	2.9044940039164365e-14	2.8791281438345617e-13	2.967730899414925e-18	2.1826718206794826e-08
0.0702	3.193129432014755e-14	1.7115870687130299e-09	2.9211146803108583e-14	2.8956035422945907e-13	2.9847135646489943e-18	2.1951520708258774e-08
0.0704	3.2204955967061986e-14	1.7262537326048412e-09	2.937782775390972e-14	2.9121259438990555e-13	3.001744682365134e-18	2.2076678426049552e-08
0.07060000000000001	3.2480176551631584e-14	1.741003921398051e-09	2.9544982891498416e-14	2.928695348635029e-13	3.0188242525622027e-18	2.2202191355315555e-08
0.0708	3.27569604993863e-14	1.7558378719907444e-09	2.971261221580537e-14	2.94531175648958e-13	3.0359522752390578e-18	2.232805949120524e-08
0.07100000000000001	3.303531223583763e-14	1.7707558212788078e-09	2.9880715726761243e-14	2.9619751674497874e-13	3.053128750394562e-18	2.245428282886713e-08
0.0712	3.331523618647846e-14	1.785758006155924e-09	3.0049293424296704e-14	2.9786855815027186e-13	3.0703536780275713e-18	2.2580861363449742e-08
0.0714	3.3596736776783247e-14	1.8008446635135806e-09	3.021834530834246e-14	2.995442998635451e-13	3.087627058136948e-18	2.2707795090101695e-08
0.0716	3.3879818432207825e-14	1.8160160302410597e-09	3.0387871378829133e-14	3.012247418835053e-13	3.104948890721548e-18	2.2835084003971598e-08
0.0718	3.416448557818963e-14	1.8312723432254486e-09	3.0557871635687445e-14	3.0290988420886024e-13	3.1223191757802345e-18	2.2962728100208158e-08
0.07200000000000001	3.4450742640147454e-14	1.846613839351632e-09	3.072834607884803e-14	3.0459972683831685e-13	3.139737913311864e-18	2.3090727373960087e-08
0.0722	3.473859404348162e-14	1.8620407555022925e-09	3.089929470824158e-14	3.0629426977058244e-13	3.1572051033152957e-18	2.3219081820376136e-08
0.0724	3.5028044213573957e-14	1.877553328557919e-09	3.1070717523798767e-14	3.079935130043644e-13	3.1747207457893914e-18	2.3347791434605135e-08
0.0726	3.531909757578771e-14	1.8931517953967932e-09	3.1242614525450256e-14	3.0969745653836986e-13	3.1922848407330065e-18	2.3476856211795936e-08
0.0728	3.561175855546767e-14	1.9088363928950044e-09	3.1414985713126744e-14	3.114061003713064e-13	3.2098973881450043e-18	2.360627614709744e-08
0.07300000000000001	3.590603157794005e-14	1.924607357926435e-09	3.15878310867589e-14	3.131194445018811e-13	3.2275583880242416e-18	2.3736051235658586e-08
0.0732	3.620192106851253e-14	1.9404649273627708e-09	3.1761150646277354e-14	3.1483748892880114e-13	3.245267840369578e-18	2.3866181472628355e-08
0.0734	3.6499431452474375e-14	1.956409338073499e-09	3.193494439161282e-14	3.1656023365077404e-13	3.263025745179873e-18	2.3996666853155797e-08
0.0736	3.6798567155096205e-14	1.9724408269259045e-09	3.2109212322695965e-14	3.182876786665069e-13	3.2808321024539858e-18	2.4127507372389976e-08
0.0738	3.70993326016302e-14	1.9885596307850744e-09	3.2283954439457456e-14	3.2001982397470714e-13	3.2986869121907773e-18	2.4258703025480015e-08
0.07400000000000001	3.7401732217309944e-14	2.004765986513894e-09	3.245917074182799e-14	3.21756669574082e-13	3.316590174389105e-18	2.4390253807575085e-08
0.0742	3.7705770427350573e-14	2.02106013097305e-09	3.263486122973819e-14	3.234982154633387e-13	3.3345418890478274e-18	2.452215971382437e-08
0.07440000000000001	3.8011451656948655e-14	2.0374423010210307e-09	3.2811025903118786e-14	3.252444616411847e-13	3.3525420561658064e-18	2.465442073937716e-08
0.0746	3.831878033128224e-14	2.0539127335141192e-09	3.298766476190041e-14	3.26995408106327e-13	3.3705906757418982e-18	2.4787036879382714e-08
0.0748	3.862776087551092e-14	2.0704716653064076e-09	3.316477780601376e-14	3.287510548574732e-13	3.388687747774965e-18	2.4920008128990406e-08
0.075	3.893839771477567e-14	2.0871193332497786e-09	3.3342365035389483e-14	3.3051140189333036e-13	3.4068332722638636e-18	2.5053334483349604e-08
0.0752	3.925069527419901e-14	2.1038559741939243e-09	3.352042644995828e-14	3.322764492126059e-13	3.425027249207456e-18	2.518701593760974e-08
0.07540000000000001	3.956465797888491e-14	2.120681824986329e-09	3.369896204965082e-14	3.3404619681400714e-13	3.4432696786046004e-18	2.5321052486920293e-08
0.0756	3.9880290253918814e-14	2.1375971224722817e-09	3.387797183439776e-14	3.3582064469624115e-13	3.461560560454153e-18	2.545544412643076e-08
0.0758	4.0197596524367676e-14	2.1546021034948722e-09	3.4057455804129794e-14	3.3759979285801544e-13	3.479899894754978e-18	2.559019085129073e-08
0.076	4.0516581215279874e-14	2.1716970048949882e-09	3.423741395877756e-14	3.393836412980372e-13	3.498287681505931e-18	2.5725292656649786e-08
0.0762	4.0837248751685364e-14	2.18888206351132e-09	3.441784629827179e-14	3.411721900150137e-13	3.516723920705873e-18	2.5860749537657603e-08
0.07640000000000001	4.115960355859548e-14	2.206157516180356e-09	3.459875282254311e-14	3.4296543900765243e-13	3.5352086123536646e-18	2.599656148946385e-08
0.0766	4.148365006100305e-14	2.223523599736386e-09	3.478013353152221e-14	3.447633882746603e-13	3.553741756448161e-18	2.6132728507218267e-08
0.07680000000000001	4.180939268388246e-14	2.2409805510115013e-09	3.496198842513976e-14	3.4656603781474504e-13	3.572323352988225e-18	2.6269250586070658e-08
0.077	4.213683585218948e-14	2.2585286068355907e-09	3.514431750332642e-14	3.483733876266135e-13	3.590953401972714e-18	2.640612772117082e-08
0.0772	4.2465983990861404e-14	2.276168004036348e-09	3.5327120766012894e-14	3.5018543770897336e-13	3.6096319034004895e-18	2.6543359907668655e-08
0.07740000000000001	4.279684152481703e-14	2.293898979439262e-09	3.551039821312984e-14	3.5200218806053166e-13	3.62835885727041e-18	2.668094714071406e-08
0.0776	4.312941287895653e-14	2.3117217698676236e-09	3.569414984460792e-14	3.5382363867999564e-13	3.6471342635813316e-18	2.6818889415456983e-08
0.07780000000000001	4.346370247816172e-14	2.329636612142528e-09	3.587837566037783e-14	3.5564978956607294e-13	3.665958122332119e-18	2.6957186727047446e-08
0.078	4.379971474729575e-14	2.347643743082866e-09	3.6063075660370214e-14	3.5748064071747043e-13	3.684830433521626e-18	2.7095839070635472e-08
0.0782	4.4137454111203355e-14	2.3657433995053315e-09	3.6248249844515783e-14	3.593161921328957e-13	3.703751197148716e-18	2.7234846441371186e-08
0.0784	4.447692499471063e-14	2.383935818224417e-09	3.643389821274518e-14	3.611564438110559e-13	3.722720413212246e-18	2.7374208834404693e-08
0.0786	4.481813182262529e-14	2.402221236052418e-09	3.662002076498909e-14	3.630013957506584e-13	3.741738081711076e-18	2.7513926244886192e-08
0.07880000000000001	4.516107901973643e-14	2.420599889799428e-09	3.68066175011782e-14	3.648510479504105e-13	3.760804202644067e-18	2.7653998667965904e-08
0.079	4.550577101081461e-14	2.4390720162733415e-09	3.699368842124314e-14	3.667054004090193e-13	3.779918776010074e-18	2.7794426098794076e-08
0.0792	4.5852212220612e-14	2.4576378522798557e-09	3.7181233525114644e-14	3.6856445312519235e-13	3.799081801807962e-18	2.7935208532521043e-08
0.0794	4.62004070738621e-14	2.476297634622464e-09	3.736925281272333e-14	3.704282060976367e-13	3.818293280036584e-18	2.807634596429714e-08
0.0796	4.655035999528e-14	2.4950516001024675e-09	3.755774628399992e-14	3.7229665932505996e-13	3.837553210694805e-18	2.8217838389272794e-08
0.07980000000000001	4.690207540956219e-14	2.513899985518959e-09	3.7746713938875045e-14	3.741698128061692e-13	3.856861593781481e-18	2.8359685802598435e-08
0.08	4.725555774138668e-14	2.5328430276688373e-09	3.79361557772794e-14	3.760476665396717e-13	3.876218429295471e-18	2.8501888199424537e-08
0.08020000000000001	4.761081141541296e-14	2.5518809633468015e-09	3.8126071799143655e-14	3.779302205242748e-13	3.8956237172356375e-18	2.8644445574901657e-08
0.0804	4.796784085628195e-14	2.5710140293453496e-09	3.831646200439848e-14	3.7981747475868586e-13	3.915077457600835e-18	2.8787357924180347e-08
0.0806	4.832665048861618e-14	2.5902424624547827e-09	3.850732639297457e-14	3.8170942924161206e-13	3.934579650389927e-18	2.893062524241125e-08
0.08080000000000001	4.8687244737019525e-14	2.6095664994631993e-09	3.869866496480259e-14	3.8360608397176074e-13	3.954130295601771e-18	2.907424752474502e-08
0.081	4.904962802607737e-14	2.6289863771565e-09	3.889047771981316e-14	3.855074389478392e-13	3.973729393235226e-18	2.9218224766332356e-08
0.08120000000000001	4.941380478035665e-14	2.6485023323183874e-09	3.908276465793703e-14	3.874134941685548e-13	3.993376943289152e-18	2.9362556962324028e-08
0.0814	4.977977942440567e-14	2.6681146017303626e-09	3.9275525779104843e-14	3.8932424963261466e-13	4.013072945762409e-18	2.9507244107870816e-08
0.0816	5.014755638275433e-14	2.687823422171729e-09	3.946876108324726e-14	3.912397053387264e-13	4.032817400653854e-18	2.9652286198123576e-08
0.0818	5.05171400799139e-14	2.7076290304195887e-09	3.9662470570294984e-14	3.931598612855968e-13	4.052610307962347e-18	2.9797683228233188e-08
0.082	5.0888534940377233e-14	2.727531663248848e-09	3.985665424017865e-14	3.9508471747193377e-13	4.072451667686749e-18	2.994343519335058e-08
0.08220000000000001	5.1261745388618613e-14	2.7475315574322116e-09	4.0051312092828974e-14	3.970142738964442e-13	4.09234147982592e-18	3.008954208862673e-08
0.0824	5.163677584909377e-14	2.7676289497401813e-09	4.024644412817659e-14	3.9894853055783536e-13	4.112279744378714e-18	3.0236003909212635e-08
0.0826	5.201363074623999e-14	2.787824076941067e-09	4.044205034615221e-14	4.0088748745481484e-13	4.132266461343996e-18	3.038282065025938e-08
0.0828	5.2392314504475966e-14	2.808117175800973e-09	4.0638130746686464e-14	4.0283114458608953e-13	4.152301630720621e-18	3.0529992306918054e-08
0.083	5.277283154820194e-14	2.8285084830838104e-09	4.0834685329710054e-14	4.0477950195036716e-13	4.172385252507453e-18	3.067751887433983e-08
0.08320000000000001	5.315518630179959e-14	2.848998235551285e-09	4.1031714095153674e-14	4.0673255954635476e-13	4.192517326703348e-18	3.0825400347675885e-08
0.0834	5.3539383189632035e-14	2.869586669962906e-09	4.122921704294795e-14	4.086903173727597e-13	4.212697853307164e-18	3.097363672207744e-08
0.08360000000000001	5.392542663604402e-14	2.8902740230759856e-09	4.142719417302359e-14	4.106527754282893e-13	4.2329268323177646e-18	3.1122227992695815e-08
0.0838	5.431332106536161e-14	2.911060531645632e-09	4.162564548531123e-14	4.1261993371165065e-13	4.253204263734004e-18	3.12711741546823e-08
0.084	5.470307090189245e-14	2.93194643242476e-09	4.182457097974161e-14	4.1459179222155146e-13	4.273530147554746e-18	3.14204752031883e-08
0.08420000000000001	5.509468056992562e-14	2.9529319621640804e-09	4.202397065624534e-14	4.165683509566988e-13	4.293904483778848e-18	3.15701311333652e-08
0.0844	5.5488154493731686e-14	2.9740173576121048e-09	4.2223844514753126e-14	4.1854960991579987e-13	4.314327272405168e-18	3.172014194036447e-08
0.08460000000000001	5.588349709756271e-14	2.995202855515152e-09	4.242419255519563e-14	4.205355690975621e-13	4.334798513432569e-18	3.187050761933761e-08
0.0848	5.6280712805652206e-14	3.016488692617332e-09	4.262501477750351e-14	4.2252622850069263e-13	4.355318206859905e-18	3.202122816543617e-08
0.085	5.667980604221525e-14	3.037875105660564e-09	4.282631118160749e-14	4.2452158812389906e-13	4.37588635268604e-18	3.217230357381174e-08
0.0852	5.708078123144829e-14	3.0593623313845634e-09	4.302808176743819e-14	4.2652164796588843e-13	4.3965029509098304e-18	3.232373383961595e-08
0.0854	5.748364279752935e-14	3.0809506065268504e-09	4.323032653492632e-14	4.2852640802536803e-13	4.4171680015301376e-18	3.247551895800049e-08
0.08560000000000001	5.788839516461785e-14	3.1026401678227424e-09	4.343304548400255e-14	4.305358683010455e-13	4.437881504545819e-18	3.262765892411708e-08
0.0858	5.829504275685473e-14	3.1244312520053548e-09	4.363623861459752e-14	4.325500287916277e-13	4.458643459955735e-18	3.2780153733117464e-08
0.08600000000000001	5.870358999836247e-14	3.146324095805617e-09	4.3839905926641935e-14	4.3456888949582223e-13	4.4794538677587445e-18	3.2933003380153494e-08
0.0862	5.911404131324489e-14	3.1683189359522424e-09	4.404404742006646e-14	4.365924504123361e-13	4.500312727953706e-18	3.3086207860376984e-08
0.0864	5.952640112558745e-14	3.190416009171759e-09	4.424866309480177e-14	4.38620711539877e-13	4.521220040539481e-18	3.323976716893987e-08
0.08660000000000001	5.9940673859457e-14	3.2126155521884865e-09	4.445375295077855e-14	4.406536728771521e-13	4.542175805514928e-18	3.3393681300994086e-08
0.0868	6.035686393890187e-14	3.234917801724551e-09	4.465931698792745e-14	4.4269133442286835e-13	4.5631800228789024e-18	3.354795025169159e-08
0.08700000000000001	6.077497578795192e-14	3.2573229944998807e-09	4.486535520617917e-14	4.4473369617573363e-13	4.5842326926302706e-18	3.370257401618445e-08
0.0872	6.119501383061841e-14	3.2798313672321974e-09	4.507186760546435e-14	4.4678075813445463e-13	4.605333814767885e-18	3.385755258962472e-08
0.0874	6.161698249089421e-14	3.3024431566370303e-09	4.52788541857137e-14	4.488325202977392e-13	4.62648338929061e-18	3.401288596716453e-08
0.0876	6.204088619275354e-14	3.325158599427709e-09	4.5486314946857866e-14	4.5088898266429414e-13	4.647681416197301e-18	3.416857414395603e-08
0.0878	6.246672936015222e-14	3.3479779323153653e-09	4.569424988882754e-14	4.529501452328274e-13	4.668927895486821e-18	3.4324617115151454e-08
0.08800000000000001	6.289451641702745e-14	3.370901392008928e-09	4.5902659011553404e-14	4.550160080020457e-13	4.6902228271580275e-18	3.448101487590304e-08
0.0882	6.332425178729793e-14	3.3939292152151236e-09	4.611154231496608e-14	4.570865709706566e-13	4.711566211209778e-18	3.463776742136308e-08
0.0884	6.375593989486388e-14	3.417061638638495e-09	4.6320899798996323e-14	4.591618341373673e-13	4.732958047640935e-18	3.479487474668392e-08
0.0886	6.418958516360698e-14	3.440298898981369e-09	4.653073146357472e-14	4.612417975008852e-13	4.754398336450354e-18	3.495233684701794e-08
0.0888	6.462519201739045e-14	3.4636412329438847e-09	4.674103730863202e-14	4.633264610599174e-13	4.775887077636899e-18	3.511015371751759e-08
0.08900000000000001	6.506276488005892e-14	3.4870888772239763e-09	4.695181733409886e-14	4.654158248131715e-13	4.797424271199427e-18	3.526832535333531e-08
0.0892	6.550230817543847e-14	3.5106420685173806e-09	4.7163071539905914e-14	4.675098887593546e-13	4.819009917136794e-18	3.542685174962363e-08
0.08940000000000001	6.59438263273368e-14	3.5343010435176403e-09	4.7374799925983855e-14	4.696086528971742e-13	4.840644015447865e-18	3.5585732901535116e-08
0.0896	6.638732375954291e-14	3.558066038916091e-09	4.758700249226336e-14	4.717121172253372e-13	4.8623265661314955e-18	3.574496880422236e-08
0.0898	6.683280489582747e-14	3.5819372914018758e-09	4.779967923867513e-14	4.738202817425515e-13	4.884057569186547e-18	3.590455945283804e-08
0.09000000000000001	6.72802741599425e-14	3.6059150376619377e-09	4.80128301651498e-14	4.75933146447524e-13	4.905837024611877e-18	3.606450484253482e-08
0.0902	6.77297359756215e-14	3.6299995143810167e-09	4.822645527161805e-14	4.78050711338962e-13	4.927664932406346e-18	3.622480496846544e-08
0.09040000000000001	6.81811947665796e-14	3.6541909582416633e-09	4.8440554558010576e-14	4.80172976415573e-13	4.949541292568812e-18	3.63854598257827e-08
0.0906	6.863465495651321e-14	3.6784896059242147e-09	4.865512802425802e-14	4.82299941676064e-13	4.9714661050981355e-18	3.65464694096394e-08
0.0908	6.909012096910042e-14	3.7028956941068286e-09	4.887017567029108e-14	4.844316071191427e-13	4.993439369993175e-18	3.670783371518845e-08
0.091	6.954759722800062e-14	3.727409459465446e-09	4.9085697496040427e-14	4.865679727435161e-13	5.015461087252791e-18	3.686955273758271e-08
0.0912	7.000708815685481e-14	3.75203113867382e-09	4.930169350143674e-14	4.887090385478917e-13	5.037531256875841e-18	3.70316264719752e-08
0.09140000000000001	7.046859817928543e-14	3.776760968403499e-09	4.951816368641069e-14	4.908548045309767e-13	5.0596498788611865e-18	3.719405491351886e-08
0.0916	7.093213171889633e-14	3.801599185323837e-09	4.973510805089292e-14	4.930052706914784e-13	5.0818169532076835e-18	3.7356838057366765e-08
0.0918	7.139769319927304e-14	3.8265460261019904e-09	4.995252659481415e-14	4.951604370281042e-13	5.1040324799141965e-18	3.751997589867201e-08
0.092	7.186528704398235e-14	3.851601727402908e-09	5.017041931810502e-14	4.973203035395613e-13	5.126296458979578e-18	3.768346843258771e-08
0.0922	7.233491767657271e-14	3.876766525889351e-09	5.038878622069624e-14	4.994848702245572e-13	5.148608890402694e-18	3.784731565426707e-08
0.09240000000000001	7.280658952057393e-14	3.902040658221876e-09	5.060762730251844e-14	5.016541370817991e-13	5.1709697741823995e-18	3.80115175588633e-08
0.0926	7.32803069994973e-14	3.927424361058841e-09	5.082694256350231e-14	5.038281041099941e-13	5.193379110317553e-18	3.8176074141529644e-08
0.09280000000000001	7.375607453683574e-14	3.952917871056408e-09	5.104673200357856e-14	5.060067713078497e-13	5.2158368988070185e-18	3.834098539741946e-08
0.093	7.423389655606344e-14	3.978521424868534e-09	5.1266995622677804e-14	5.081901386740731e-13	5.238343139649651e-18	3.850625132168605e-08
0.0932	7.471377748063631e-14	4.004235259146991e-09	5.148773342073077e-14	5.103782062073719e-13	5.260897832844312e-18	3.867187190948285e-08
0.09340000000000001	7.519572173399158e-14	4.030059610541339e-09	5.170894539766809e-14	5.125709739064533e-13	5.28350097838986e-18	3.883784715596331e-08
0.0936	7.567973373954793e-14	4.055994715698942e-09	5.1930631553420464e-14	5.147684417700241e-13	5.306152576285153e-18	3.900417705628086e-08
0.09380000000000001	7.616581792070567e-14	4.082040811264969e-09	5.2152791887918554e-14	5.169706097967924e-13	5.328852626529055e-18	3.9170861605589097e-08
0.094	7.665397870084645e-14	4.108198133882389e-09	5.2375426401093036e-14	5.191774779854649e-13	5.351601129120418e-18	3.9337900799041555e-08
0.0942	7.714422050333357e-14	4.134466920191975e-09	5.25985350928746e-14	5.213890463347493e-13	5.374398084058108e-18	3.950529463179188e-08
0.0944	7.763654775151163e-14	4.160847406832295e-09	5.282211796319388e-14	5.236053148433527e-13	5.397243491340979e-18	3.9673043098993704e-08
0.0946	7.813096486870691e-14	4.187339830439725e-09	5.304617501198161e-14	5.258262835099826e-13	5.420137350967895e-18	3.984114619580077e-08
0.09480000000000001	7.862747627822695e-14	4.213944427648443e-09	5.3270706239168404e-14	5.28051952333346e-13	5.443079662937713e-18	4.000960391736681e-08
0.095	7.912608640336091e-14	4.240661435090417e-09	5.3495711644684964e-14	5.302823213121504e-13	5.466070427249291e-18	4.0178416258845603e-08
0.0952	7.962679966737948e-14	4.267491089395431e-09	5.3721191228461966e-14	5.325173904451033e-13	5.489109643901491e-18	4.034758321539102e-08
0.0954	8.012962049353461e-14	4.294433627191064e-09	5.3947144990430085e-14	5.347571597309116e-13	5.51219731289317e-18	4.0517104782156925e-08
0.0956	8.06345533050601e-14	4.321489285102698e-09	5.417357293051999e-14	5.37001629168283e-13	5.5353334342231884e-18	4.068698095429726e-08
0.09580000000000001	8.114160252517085e-14	4.348658299753515e-09	5.440047504866236e-14	5.392507987559246e-13	5.558518007890406e-18	4.085721172696599e-08
0.096	8.165077257706349e-14	4.375940907764495e-09	5.462785134478786e-14	5.415046684925436e-13	5.581751033893679e-18	4.102779709531714e-08
0.09620000000000001	8.21620678839161e-14	4.403337345754429e-09	5.485570181882716e-14	5.437632383768476e-13	5.6050325122318724e-18	4.1198737054504746e-08
0.0964	8.267549286888803e-14	4.430847850339902e-09	5.508402647071095e-14	5.460265084075438e-13	5.628362442903839e-18	4.137003159968292e-08
0.0966	8.319105195512051e-14	4.458472658135307e-09	5.53128253003699e-14	5.482944785833395e-13	5.651740825908444e-18	4.154168072600583e-08
0.09680000000000001	8.370874956573591e-14	4.486212005752829e-09	5.5542098307734706e-14	5.505671489029419e-13	5.675167661244543e-18	4.171368442862765e-08
0.097	8.422859012383819e-14	4.514066129802463e-09	5.577184549273597e-14	5.528445193650585e-13	5.698642948910995e-18	4.188604270270262e-08
0.09720000000000001	8.475057805251293e-14	4.542035266892007e-09	5.600206685530446e-14	5.551265899683966e-13	5.722166688906662e-18	4.2058755543385014e-08
0.0974	8.52747177748269e-14	4.5701196536270495e-09	5.623276239537074e-14	5.574133607116633e-13	5.7457388812304006e-18	4.223182294582917e-08
0.0976	8.580101371382863e-14	4.598319526610992e-09	5.646393211286559e-14	5.597048315935663e-13	5.769359525881073e-18	4.2405244905189455e-08
0.0978	8.632947029254801e-14	4.626635122445033e-09	5.6695576007719643e-14	5.620010026128122e-13	5.793028622857533e-18	4.257902141662026e-08
0.098	8.686009193399645e-14	4.655066677728176e-09	5.692769407986356e-14	5.643018737681093e-13	5.816746172158647e-18	4.275315247527608e-08
0.09820000000000001	8.73928830611669e-14	4.683614429057222e-09	5.716028632922806e-14	5.666074450581642e-13	5.84051217378327e-18	4.29276380763114e-08
0.0984	8.792784809703357e-14	4.712278613026771e-09	5.739335275574374e-14	5.689177164816844e-13	5.8643266277302614e-18	4.3102478214880736e-08
0.09860000000000001	8.846499146455237e-14	4.741059466229233e-09	5.762689335934135e-14	5.712326880373773e-13	5.888189533998482e-18	4.327767288613872e-08
0.0988	8.900431758666068e-14	4.769957225254814e-09	5.78609081399515e-14	5.735523597239499e-13	5.912100892586789e-18	4.345322208523996e-08
0.099	8.954583088627734e-14	4.798972126691528e-09	5.809539709750494e-14	5.758767315401102e-13	5.936060703494046e-18	4.362912580733914e-08
0.09920000000000001	9.008953578630256e-14	4.828104407125181e-09	5.833036023193229e-14	5.782058034845648e-13	5.960068966719109e-18	4.3805384047590994e-08
0.0994	9.063543670961816e-14	4.85735430313939e-09	5.856579754316423e-14	5.805395755560213e-13	5.984125682260835e-18	4.3981996801150246e-08
0.09960000000000001	9.118353807908742e-14	4.886722051315569e-09	5.880170903113143e-14	5.828780477531871e-13	6.008230850118088e-18	4.415896406317176e-08
0.0998	9.17338443175551e-14	4.916207888232932e-09	5.903809469576455e-14	5.852212200747692e-13	6.032384470289723e-18	4.433628582881034e-08
0.1	9.22863598478475e-14	4.945812050468501e-09	5.927495453699434e-14	5.875690925194753e-13	6.056586542774603e-18	4.4513962093220924e-08
0.10020000000000001	9.284108909277226e-14	4.975534774597098e-09	5.951228855475141e-14	5.899216650860129e-13	6.080837067571585e-18	4.4691992851558444e-08
