0.0	0.0	0.0	0.0	0.0	0.0	0.0
0.0002	1.793928015553603e-21	9.620131299715217e-17	5.758278467345678e-19	5.708075150649355e-18	5.883564252843031e-23	4.33403269452768e-13
0.0004	1.4351409116411442e-20	7.696087193752192e-16	2.30331127469113e-18	2.2832298509491275e-17	2.353425682668349e-22	1.7336051977695367e-12
0.0006000000000000001	4.8435955115882935e-20	2.5974234048735883e-15	5.1824501154989884e-18	5.137266693686699e-17	5.2952077444488435e-22	3.900593964968594e-12
0.0008	1.148110328033901e-19	6.156841201469101e-15	9.21324420078746e-18	9.132917729311822e-17	9.41370258292249e-22	6.934357751175682e-12
0.001	2.242400639445854e-19	1.2025052587407096e-14	1.4395693362185874e-17	1.4270182643858738e-16	1.4708910170386e-21	1.0834884736623995e-11
0.0012000000000000001	3.8748642528146944e-19	2.0779242687232442e-14	2.0729797431323593e-17	2.0549061123361753e-16	2.1180830479136075e-21	1.5602163101654188e-11
0.0014	6.153134485325082e-19	3.2996591271820566e-14	2.821555623982996e-17	2.796955285385518e-16	2.8829463481469427e-21	2.123618102671435e-11
0.0016	9.184844203927516e-19	4.925427275840849e-14	3.685296961933439e-17	3.6531657521373473e-16	3.765480914968275e-21	2.7736926692360043e-11
0.0018000000000000002	1.307762582533951e-18	7.012945621062592e-14	4.664203740146627e-17	4.623537481195107e-16	4.765686745607278e-21	3.510438827925427e-11
0.002	1.793911131604675e-18	9.619930533852613e-14	5.758275941785499e-17	5.708070441162251e-16	5.883563837293619e-21	4.333855396816745e-11
0.0022	2.3876932192304317e-18	1.2804097849861726e-13	6.967513550013004e-17	6.906764600642237e-16	7.119112187256972e-21	5.243941193997753e-11
0.0024000000000000002	3.0998719520137816e-18	1.66231628693893e-13	8.29191654799208e-17	8.219619928238531e-16	8.472331792727006e-21	6.240695037566982e-11
0.0026000000000000003	3.941210391534457e-18	2.1134840357386404e-13	9.731484918885678e-17	9.646636392554596e-16	9.943222650933391e-21	7.324115745633715e-11
0.0028	4.922471554349479e-18	2.6396844543458865e-13	1.1286218645856743e-16	1.1187813962193912e-15	1.1531784759105803e-20	8.494202136317969e-11
0.003	6.0544184119932786e-18	3.2466889121870417e-13	1.295611771206823e-16	1.284315260575996e-15	1.3238018114473905e-20	9.750953027750522e-11
0.0032	7.347813890977812e-18	3.9402687251545746e-13	1.4741182100683085e-16	1.461265229185623e-15	1.5061922714267376e-20	1.1094367238072879e-10
0.0034000000000000002	8.813420872792682e-18	4.72619515560737e-13	1.6641411794864265e-16	1.649631298908621e-15	1.7003498555715887e-20	1.2524443585437302e-10
0.0036000000000000003	1.0462002193905236e-17	5.610239412371026e-13	1.8656806777774725e-16	1.8494134666053402e-15	1.9062745636049103e-20	1.4041180888006792e-10
0.0038	1.2304320645760717e-17	6.598172650738166e-13	2.078736703257741e-16	2.060611729136131e-15	2.123966395249669e-20	1.5644577963955088e-10
0.004	1.435113897478236e-17	7.695765972468771e-13	2.3033092542435295e-16	2.2832260833613436e-15	2.3534253502288338e-20	1.7334633631466688e-10
0.004200000000000001	1.661321988237151e-17	8.90879042579046e-13	2.5393983290511333e-16	2.5172565261413315e-15	2.5946514282653712e-20	1.911134670873683e-10
0.0044	1.9101326024907736e-17	1.02430170053988e-12	2.7870039259968485e-16	2.7627030543364437e-15	2.847644629082247e-20	2.0974716013971483e-10
0.0046	2.1826220013748972e-17	1.1704216652457656e-12	3.046126043396971e-16	3.019565664807036e-15	3.112404952402428e-20	2.292474036538737e-10
0.0048000000000000004	2.4798664415231626e-17	1.3298160254599464e-12	3.3167646795677974e-16	3.2878443544134612e-15	3.388932397948885e-20	2.496141858121195e-10
0.005	2.8029421750670655e-17	1.5030618645925544e-12	3.5989198328256245e-16	3.56753912001607e-15	3.677226965444582e-20	2.7084749479683447e-10
0.005200000000000001	3.152925449635976e-17	1.6907362607006428e-12	3.89259150148675e-16	3.8586499584752215e-15	3.9772886546124866e-20	2.9294731879050815e-10
0.0054	3.53089250835714e-17	1.8934162864882156e-12	4.197779683867468e-16	4.1611768666512666e-15	4.2891174651755664e-20	3.159136459757373e-10
0.0056	3.937919589855706e-17	2.1116790093062585e-12	4.514484378284078e-16	4.475119841404564e-15	4.612713396856789e-20	3.397464645352264e-10
0.0058000000000000005	4.375082928254722e-17	2.346101491152773e-12	4.842705583052879e-16	4.8004788795954694e-15	4.94807644937912e-20	3.6444576265178765e-10
0.006	4.843458753175152e-17	2.5972607886728e-12	5.182443296490165e-16	5.137253978084337e-15	5.295206622465528e-20	3.9001152850833964e-10
0.006200000000000001	5.344123289735896e-17	2.8657339531584615e-12	5.533697516912235e-16	5.485445133731529e-15	5.65410391583898e-20	4.164437502879096e-10
0.0064	5.878152758553786e-17	3.1520980305489823e-12	5.896468242635385e-16	5.845052343397397e-15	6.024768329222442e-20	4.4374241617363137e-10
0.0066	6.446623375743616e-17	3.4569300614307264e-12	6.270755471975915e-16	6.216075603942304e-15	6.407199862338881e-20	4.719075143487466e-10
0.0068000000000000005	7.050611352918139e-17	3.7808070810372264e-12	6.656559203250125e-16	6.598514912226608e-15	6.80139851491127e-20	5.009390329966044e-10
0.007	7.691192897188077e-17	4.124306119249211e-12	7.053879434774309e-16	6.992370265110669e-15	7.207364286662566e-20	5.308369603006611e-10
0.007200000000000001	8.369444211162158e-17	4.488004200594646e-12	7.462716164864769e-16	7.397641659454846e-15	7.625097177315746e-20	5.616012844444806e-10
0.0074	9.08644149294709e-17	4.872478344248748e-12	7.8830693918378e-16	7.8143290921195e-15	8.054597186593771e-20	5.932319936117339e-10
0.0076	9.843260936147613e-17	5.27830556403404e-12	8.314939114009702e-16	8.242432559964994e-15	8.495864314219608e-20	6.257290759862e-10
0.0078000000000000005	1.064097872986647e-16	5.706062868420361e-12	8.758325329696778e-16	8.681952059851687e-15	8.948898559916231e-20	6.590925197517652e-10
0.008	1.1480671058704446e-16	6.156327260524899e-12	9.21322803721532e-16	9.132887588639944e-15	9.413699923406599e-20	6.933223130924223e-10
0.0082	1.2363414102760386e-16	6.6296757381122425e-12	9.679647234881636e-16	9.59523914319013e-15	9.890268404413685e-20	7.284184441922733e-10
0.008400000000000001	1.3290284037631175e-16	7.126685293594385e-12	1.0157582921012015e-15	1.0069006720362605e-14	1.0378604002660454e-19	7.643809012355257e-10
0.0086	1.4262357034411763e-16	7.647932914030765e-12	1.0647035093922762e-15	1.0554190317017731e-14	1.087870671786987e-19	8.012096724064958e-10
0.0088	1.5280709259695223e-16	8.193995581128313e-12	1.1148003751930181e-15	1.1050789930015879e-14	1.1390576549764907e-19	8.389047458896068e-10
0.009000000000000001	1.6346416875572675e-16	8.765450271241463e-12	1.1660488893350564e-15	1.1558805556217413e-14	1.1914213498068527e-19	8.774661098693892e-10
0.0092	1.746055603963336e-16	9.362873955372181e-12	1.2184490516500216e-15	1.2078237192482691e-14	1.2449617562503692e-19	9.168937525304812e-10
0.0094	1.862420290496466e-16	9.986843599170024e-12	1.2720008619695435e-15	1.260908483567209e-14	1.2996788742793384e-19	9.571876620576281e-10
0.009600000000000001	1.9838433620152042e-16	1.063793616293213e-11	1.3267043201252524e-15	1.3151348482645978e-14	1.3555727038660565e-19	9.983478266356834e-10
0.0098	2.1104324329279149e-16	1.1316728601603289e-11	1.3825594259487778e-15	1.3705028130264708e-14	1.4126432449828193e-19	1.0403742344496068e-09
0.01	2.2422951171927766e-16	1.202379786477595e-11	1.4395661792717506e-15	1.4270123775388662e-14	1.4708904976019246e-19	1.0832668736844664e-09
0.0102	2.379539028317784e-16	1.2759720896690249e-11	1.4977245799258003e-15	1.484663541487821e-14	1.5303144616956687e-19	1.1270257325254372e-09
0.010400000000000001	2.5222717793607503e-16	1.3525074636234064e-11	1.5570346277425571e-15	1.5434563045593708e-14	1.590915137236348e-19	1.1716507991578022e-09
0.0106	2.670600982929304e-16	1.432043601694302e-11	1.6174963225536507e-15	1.6033906664395535e-14	1.65269252419626e-19	1.2171420617669503e-09
0.0108	2.8246342511809005e-16	1.514638196700054e-11	1.6791096641907124e-15	1.6644666268144066e-14	1.715646622547701e-19	1.2634995085383803e-09
0.011000000000000001	2.98447919582281e-16	1.6003489409237857e-11	1.741874652485372e-15	1.7266841853699667e-14	1.7797774322629679e-19	1.3107231276576967e-09
0.0112	3.1502434281121267e-16	1.6892335261134053e-11	1.805791287269258e-15	1.7900433417922704e-14	1.8450849533143563e-19	1.3588129073106105e-09
0.0114	3.322034558855771e-16	1.7813496434816116e-11	1.870859568374003e-15	1.8545440957673562e-14	1.9115691856741642e-19	1.4077688356829433e-09
0.011600000000000001	3.499960198410484e-16	1.8767549837058924e-11	1.937079495631236e-15	1.9201864469812604e-14	1.9792301293146885e-19	1.4575909009606208e-09
0.0118	3.684127956682833e-16	1.9755072369285295e-11	2.004451068872587e-15	1.9869703951200204e-14	2.0480677842082246e-19	1.5082790913296769e-09
0.012	3.874645443129219e-16	2.0776640927566047e-11	2.072974287929687e-15	2.0548959398696738e-14	2.118082150327071e-19	1.5598333949762559e-09
0.0122	4.071620266755863e-16	2.183283240261998e-11	2.1426491526341647e-15	2.123963080916259e-14	2.1892732276435236e-19	1.6122538000866048e-09
0.012400000000000001	4.275160036118818e-16	2.2924223679813958e-11	2.2134756628176532e-15	2.1941718179458118e-14	2.2616410161298793e-19	1.6655402948470814e-09
0.0126	4.485372359323966e-16	2.4051391639162888e-11	2.2854538183117803e-15	2.2655221506443706e-14	2.3351855157584324e-19	1.719692867444149e-09
0.0128	4.70236484402703e-16	2.5214913155329774e-11	2.3585836189481765e-15	2.3380140786979728e-14	2.4099067265014834e-19	1.77471150606438e-09
0.013000000000000001	4.926245097433551e-16	2.6415365097625782e-11	2.432865064558473e-15	2.4116476017926567e-14	2.485804648331328e-19	1.830596198894453e-09
0.0132	5.157120726298917e-16	2.7653324330010196e-11	2.5082981549742998e-15	2.4864227196144594e-14	2.562879281220261e-19	1.8873469341211535e-09
0.0134	5.395099336928344e-16	2.8929367711090544e-11	2.584882890027288e-15	2.5623394318494194e-14	2.641130625140582e-19	1.9449636999313765e-09
0.013600000000000001	5.640288535176888e-16	3.024407209412254e-11	2.662619269549067e-15	2.6393977381835735e-14	2.7205586800645856e-19	2.0034464845121228e-09
0.013800000000000002	5.892795926449439e-16	3.159801432701015e-11	2.741507293371268e-15	2.717597638302961e-14	2.8011634459645687e-19	2.062795276050501e-09
0.014	6.152729115700724e-16	3.299177125230563e-11	2.8215469613255194e-15	2.7969391318936182e-14	2.882944922812828e-19	2.1230100627337256e-09
0.0142	6.420195707435323e-16	3.442591970720959e-11	2.902738273243453e-15	2.8774222186415857e-14	2.965903110581662e-19	2.1840908327491214e-09
0.014400000000000001	6.695303305707645e-16	3.5901036523570945e-11	2.9850812289567016e-15	2.959046898232898e-14	3.050038009243366e-19	2.2460375742841193e-09
0.0146	6.9781595141219395e-16	3.7417698527886964e-11	3.0685758282968905e-15	3.041813170353597e-14	3.135349618770236e-19	2.308850275526256e-09
0.0148	7.268871935832312e-16	3.897648254130343e-11	3.1532220710956552e-15	3.1257210346897167e-14	3.2218379391345703e-19	2.372528924663178e-09
0.015000000000000001	7.567548173542703e-16	4.057796537961447e-11	3.239019957184623e-15	3.2107704909273e-14	3.3095029703086646e-19	2.437073509882639e-09
0.0152	7.874295829506899e-16	4.222272385326269e-11	3.325969486395425e-15	3.296961538752382e-14	3.3983447122648156e-19	2.502484019372497e-09
0.0154	8.189222505528537e-16	4.3911334767339234e-11	3.4140706585596928e-15	3.384294177851003e-14	3.4883631649753214e-19	2.5687604413207225e-09
0.015600000000000001	8.512435802961101e-16	4.56443749215838e-11	3.503323473509057e-15	3.472768407909199e-14	3.5795583284124783e-19	2.635902763915389e-09
0.0158	8.844043322707923e-16	4.7422421110384575e-11	3.593727931075146e-15	3.562384228613011e-14	3.6719302025485814e-19	2.7039109753446786e-09
0.016	9.18415266522218e-16	4.924605012277838e-11	3.685284031089592e-15	3.653141639648476e-14	3.765478787355929e-19	2.7727850637968812e-09
0.0162	9.53287143050692e-16	5.111583874245069e-11	3.777991773384025e-15	3.745040640701633e-14	3.8602040828068167e-19	2.8425250174603957e-09
0.0164	9.890307218115034e-16	5.3032363747735644e-11	3.8718511577900785e-15	3.838081231458522e-14	3.956106088873543e-19	2.9131308245237256e-09
0.0166	1.0256567627149247e-15	5.4996201911615973e-11	3.966862184139376e-15	3.932263411605181e-14	4.0531848055284024e-19	2.9846024731754825e-09
0.016800000000000002	1.0631760256262179e-15	5.700793000172327e-11	4.063024852263556e-15	4.0275871808276475e-14	4.1514402327436952e-19	3.056939951604387e-09
0.017	1.101599270365626e-15	5.906812478033772e-11	4.160339161994245e-15	4.1240525388119606e-14	4.2508723704917135e-19	3.130143247999266e-09
0.0172	1.1409372567083815e-15	6.117736300438842e-11	4.258805113163075e-15	4.2216594852441595e-14	4.351481218744757e-19	3.204212350549051e-09
0.017400000000000002	1.1812007443847025e-15	6.333622142545327e-11	4.358422705601677e-15	4.320408019810285e-14	4.453266777475121e-19	3.2791472474427874e-09
0.0176	1.22240049307979e-15	6.55452767897589e-11	4.459191939141679e-15	4.420298142196373e-14	4.556229046655104e-19	3.3549479268696214e-09
0.0178	1.2645472624338348e-15	6.780510583818096e-11	4.561112813614712e-15	4.5213298520884644e-14	4.660368026257001e-19	3.4316143770188096e-09
0.018000000000000002	1.3076518120420115e-15	7.011628530624393e-11	4.6641853288524115e-15	4.6235031491726e-14	4.765683716253111e-19	3.509146586079719e-09
0.0182	1.3517249014544823e-15	7.247939192412121e-11	4.768409484686405e-15	4.726818033134816e-14	4.872176116615727e-19	3.587544542241817e-09
0.0184	1.396777290176395e-15	7.489500241663518e-11	4.873785280948321e-15	4.831274503661151e-14	4.979845227317148e-19	3.6668082336946835e-09
0.018600000000000002	1.4428197376678859e-15	7.736369350325732e-11	4.980312717469795e-15	4.936872560437648e-14	5.088691048329672e-19	3.746937648628005e-09
0.0188	1.4898630033440738e-15	7.988604189810793e-11	5.0879917940824535e-15	5.043612203150343e-14	5.198713579625594e-19	3.827932775231572e-09
0.019	1.5379178465750686e-15	8.246262430995658e-11	5.196822510617928e-15	5.1514934314852766e-14	5.309912821177212e-19	3.909793601695288e-09
0.019200000000000002	1.5869950266859674e-15	8.509401744222184e-11	5.306804866907855e-15	5.260516245128492e-14	5.422288772956822e-19	3.9925201162091614e-09
0.0194	1.6371053029568494e-15	8.778079799297141e-11	5.417938862783858e-15	5.3706806437660207e-14	5.535841434936719e-19	4.076112306963308e-09
0.0196	1.6882594346227863e-15	9.05235426549221e-11	5.53022449807757e-15	5.4819866270839084e-14	5.650570807089202e-19	4.160570162147946e-09
0.0198	1.740468180873834e-15	9.332282811544003e-11	5.643661772620624e-15	5.594434194768194e-14	5.766476889386571e-19	4.245893669953412e-09
0.02	1.793742300855037e-15	9.617923105654039e-11	5.75825068624465e-15	5.708023346504915e-14	5.883559681801113e-19	4.332082818570137e-09
0.020200000000000003	1.8480925536664274e-15	9.909332815488772e-11	5.873991238781278e-15	5.822754081980114e-14	6.001819184305133e-19	4.4191375961886724e-09
0.0204	1.9035296983630245e-15	1.0206569608179574e-10	5.990883430062137e-15	5.938626400879829e-14	6.121255396870926e-19	4.507057990999664e-09
0.0206	1.9600644939548348e-15	1.0509691150322763e-10	6.108927259918862e-15	6.055640302890098e-14	6.241868319470787e-19	4.595843991193878e-09
0.020800000000000003	2.0177076994068545e-15	1.0818755107979578e-10	6.228122728183083e-15	6.173795787696966e-14	6.363657952077016e-19	4.685495584962177e-09
0.021	2.0764700736390654e-15	1.1133819146676196e-10	6.34846983468643e-15	6.293092854986468e-14	6.486624294661906e-19	4.776012760495537e-09
0.0212	2.1363623755264387e-15	1.1454940931403745e-10	6.469968579260532e-15	6.413531504444646e-14	6.610767347197756e-19	4.867395505985037e-09
0.021400000000000002	2.1973953638989366e-15	1.1782178126618287e-10	6.592618961737026e-15	6.535111735757543e-14	6.736087109656863e-19	4.9596438096218724e-09
0.0216	2.2595797975415027e-15	1.2115588396240826e-10	6.716420981947535e-15	6.657833548611194e-14	6.862583582011522e-19	5.052757659597334e-09
0.0218	2.322926435194076e-15	1.2455229403657321e-10	6.841374639723697e-15	6.78169694269164e-14	6.990256764234029e-19	5.146737044102829e-09
0.022000000000000002	2.387446035551582e-15	1.28011588117187e-10	6.9674799348971406e-15	6.906701917684928e-14	7.119106656296687e-19	5.241581951329867e-09
0.0222	2.453149357263931e-15	1.3153434282740814e-10	7.094736867299495e-15	7.03284847327709e-14	7.249133258171784e-19	5.337292369470066e-09
0.0224	2.5200471589360287e-15	1.3512113478504498e-10	7.223145436762392e-15	7.160136609154169e-14	7.380336569831623e-19	5.433868286715153e-09
0.022600000000000002	2.588150199127765e-15	1.3877254060255545e-10	7.352705643117468e-15	7.288566325002209e-14	7.512716591248495e-19	5.5313096912569635e-09
0.0228	2.65746923635402e-15	1.4248913688704697e-10	7.483417486196345e-15	7.418137620507244e-14	7.646273322394704e-19	5.629616571287436e-09
0.023	2.728015029084663e-15	1.4627150024027683e-10	7.61528096583066e-15	7.54885049535532e-14	7.78100676324254e-19	5.728788914998615e-09
0.023200000000000002	2.799798335744555e-15	1.5012020725865208e-10	7.748296081852046e-15	7.680704949232478e-14	7.916916913764309e-19	5.828826710582665e-09
0.0234	2.8728299147135415e-15	1.5403583453322922e-10	7.88246283409213e-15	7.813700981824755e-14	8.054003773932297e-19	5.929729946231839e-09
0.0236	2.94712052432646e-15	1.5801895864971474e-10	8.017781222382542e-15	7.947838592818192e-14	8.192267343718805e-19	6.031498610138513e-09
0.0238	3.0226809228731433e-15	1.6207015618846496e-10	8.154251246554915e-15	8.083117781898831e-14	8.3317076230961355e-19	6.134132690495165e-09
0.024	3.099521868598401e-15	1.6619000372448602e-10	8.291872906440884e-15	8.219538548752713e-14	8.472324612036575e-19	6.2376321754943785e-09
0.024200000000000003	3.177654119702045e-15	1.7037907782743374e-10	8.43064620187208e-15	8.357100893065882e-14	8.614118310512429e-19	6.341997053328845e-09
0.0244	3.257088434338872e-15	1.746379550616141e-10	8.57057113268012e-15	8.495804814524375e-14	8.757088718495986e-19	6.447227312191364e-09
0.0246	3.3378355706186687e-15	1.7896721198598293e-10	8.711647698696655e-15	8.63565031281423e-14	8.90123583595955e-19	6.553322940274841e-09
0.024800000000000003	3.4199062866062114e-15	1.8336742515414577e-10	8.853875899753308e-15	8.776637387621496e-14	9.046559662875416e-19	6.660283925772296e-09
0.025	3.503311340321269e-15	1.8783917111435856e-10	8.997255735681709e-15	8.918766038632205e-14	9.193060199215876e-19	6.768110256876844e-09
0.0252	3.5880614897385974e-15	1.9238302640952705e-10	9.14178720631349e-15	9.062036265532409e-14	9.34073744495323e-19	6.876801921781718e-09
0.025400000000000002	3.6741674927879535e-15	1.96999567577207e-10	9.287470311480282e-15	9.206448068008142e-14	9.489591400059781e-19	6.986358908680257e-09
0.0256	3.761640107354065e-15	2.016893711496043e-10	9.434305051013716e-15	9.352001445745443e-14	9.639622064507816e-19	7.096781205765896e-09
0.0258	3.85049009127667e-15	2.0645301365357502e-10	9.582291424745427e-15	9.498696398430358e-14	9.790829438269638e-19	7.208068801232193e-09
0.026000000000000002	3.940728202350489e-15	2.1129107161062543e-10	9.731429432507044e-15	9.646532925748933e-14	9.94321352131754e-19	7.320221683272808e-09
0.0262	4.032365198325234e-15	2.1620412153691167e-10	9.881719074130196e-15	9.795511027387201e-14	1.0096774313623818e-18	7.4332398400815e-09
0.0264	4.1254118369056085e-15	2.2119273994324038e-10	1.0033160349446518e-14	9.945630703031205e-14	1.0251511815160773e-18	7.547123259852148e-09
0.026600000000000002	4.219878875751305e-15	2.2625750333506855e-10	1.0185753258287645e-14	1.0096891952366992e-13	1.0407426025900704e-18	7.66187193077873e-09
0.0268	4.3157770724770136e-15	2.3139898821250291e-10	1.0339497800485196e-14	1.0249294775080596e-13	1.05645169458159e-18	7.777485841055333e-09
0.027	4.413117184652407e-15	2.36617771070301e-10	1.049439397587081e-14	1.0402839170858064e-13	1.0722784574878661e-18	7.893964978876156e-09
0.027200000000000002	4.511909969802163e-15	2.419144283978706e-10	1.0650441784276125e-14	1.0557525139385436e-13	1.0882228913061285e-18	8.011309332435496e-09
0.0274	4.612166185405932e-15	2.4728953667926963e-10	1.0807641225532763e-14	1.0713352680348755e-13	1.1042849960336068e-18	8.129518889927769e-09
0.027600000000000003	4.713896588898379e-15	2.527436723932067e-10	1.096599229947236e-14	1.0870321793434063e-13	1.1204647716675304e-18	8.24859363954749e-09
0.027800000000000002	4.8171119376691365e-15	2.582774120130405e-10	1.1125495005926544e-14	1.10284324783274e-13	1.1367622182051293e-18	8.368533569489278e-09
0.028	4.921822989062851e-15	2.6389133200678053e-10	1.1286149344726948e-14	1.1187684734714809e-13	1.1531773356436334e-18	8.489338667947872e-09
0.028200000000000003	5.028040500379149e-15	2.6958600883708664e-10	1.1447955315705205e-14	1.1348078562282336e-13	1.1697101239802722e-18	8.611008923118111e-09
0.0284	5.135775228872652e-15	2.7536201896126905e-10	1.1610912918692944e-14	1.1509613960716014e-13	1.1863605832122751e-18	8.733544323194936e-09
0.0286	5.245037931752975e-15	2.8121993883128864e-10	1.1775022153521803e-14	1.1672290929701889e-13	1.2031287133368715e-18	8.856944856373404e-09
0.028800000000000003	5.3558393661847255e-15	2.8716034489375724e-10	1.194028302002341e-14	1.183610946892601e-13	1.2200145143512922e-18	8.981210510848683e-09
0.029	5.468190289287502e-15	2.931838135899365e-10	1.2106695518029391e-14	1.2001069578074416e-13	1.237017986252766e-18	9.10634127481603e-09
0.0292	5.582101458135893e-15	2.9929092135573933e-10	1.227425964737138e-14	1.2167171256833144e-13	1.2541391290385225e-18	9.232337136470828e-09
0.029400000000000003	5.697583629759494e-15	3.0548224462172936e-10	1.244297540788102e-14	1.2334414504888235e-13	1.271377942705792e-18	9.359198084008559e-09
0.0296	5.814647561142871e-15	3.117583598131203e-10	1.2612842799389927e-14	1.250279932192574e-13	1.2887344272518038e-18	9.486924105624811e-09
0.0298	5.933304009225606e-15	3.1811984334977733e-10	1.2783861821729738e-14	1.2672325707631698e-13	1.3062085826737872e-18	9.61551518951529e-09
0.030000000000000002	6.0535637309022595e-15	3.24567271646216e-10	1.295603247473209e-14	1.2842993661692154e-13	1.3238004089689727e-18	9.744971323875792e-09
0.0302	6.175437483022389e-15	3.311012211116026e-10	1.3129354758228607e-14	1.3014803183793145e-13	1.3415099061345892e-18	9.875292496902235e-09
0.0304	6.298936022390549e-15	3.3772226814975447e-10	1.3303828672050927e-14	1.3187754273620717e-13	1.359337074167867e-18	1.0006478696790633e-08
0.030600000000000002	6.4240701057662816e-15	3.4443098915913977e-10	1.347945421603068e-14	1.3361846930860916e-13	1.3772819130660358e-18	1.0138529911737123e-08
0.0308	6.550850489864129e-15	3.512279605328774e-10	1.3656231389999496e-14	1.3537081155199778e-13	1.3953444228263243e-18	1.0271446129937931e-08
0.031	6.67928793135362e-15	3.5811375865873736e-10	1.3834160193789008e-14	1.3713456946323348e-13	1.4135246034459634e-18	1.0405227339589404e-08
0.031200000000000002	6.80939318685929e-15	3.6508895991914056e-10	1.4013240627230851e-14	1.389097430391767e-13	1.4318224549221825e-18	1.0539873528887992e-08
0.031400000000000004	6.941177012960653e-15	3.721541406911588e-10	1.419347269015665e-14	1.4069633227668793e-13	1.450237977252211e-18	1.0675384686030248e-08
0.0316	7.074650166192227e-15	3.7930987734651486e-10	1.437485638239804e-14	1.4249433717262746e-13	1.4687711704332778e-18	1.0811760799212834e-08
0.0318	7.209823403043514e-15	3.8655674625158267e-10	1.4557391703786655e-14	1.4430375772385581e-13	1.4874220344626138e-18	1.0949001856632527e-08
0.032	7.346707479959034e-15	3.938953237673873e-10	1.474107865415412e-14	1.461245939272334e-13	1.5061905693374482e-18	1.10871078464862e-08
0.0322	7.485313153338276e-15	4.01326186249605e-10	1.4925917233332077e-14	1.4795684577962072e-13	1.5250767750550107e-18	1.1226078756970848e-08
0.0324	7.625651179535732e-15	4.088499100485628e-10	1.5111907441152152e-14	1.498005132778781e-13	1.544080651612531e-18	1.1365914576283554e-08
0.032600000000000004	7.767732314860902e-15	4.1646707150923956e-10	1.529904927744598e-14	1.5165559641886607e-13	1.5632021990072393e-18	1.150661529262153e-08
0.0328	7.911567315578253e-15	4.241782469712642e-10	1.5487342742045192e-14	1.5352209519944498e-13	1.5824414172363641e-18	1.1648180894182069e-08
0.033	8.057166937907275e-15	4.31984012768918e-10	1.5676787834781408e-14	1.5540000961647535e-13	1.601798306297136e-18	1.1790611369162597e-08
0.0332	8.204541938022433e-15	4.398849452311329e-10	1.5867384555486274e-14	1.5728933966681754e-13	1.6212728661867845e-18	1.1933906705760633e-08
0.0334	8.353703072053206e-15	4.4788162068149243e-10	1.6059132903991423e-14	1.5919008534733195e-13	1.6408650969025392e-18	1.2078066892173807e-08
0.033600000000000005	8.504661096084057e-15	4.5597461543823167e-10	1.625203288012849e-14	1.6110224665487916e-13	1.6605749984416302e-18	1.2223091916599863e-08
0.033800000000000004	8.657426766154433e-15	4.6416450581423595e-10	1.644608448372909e-14	1.6302582358631948e-13	1.6804025708012863e-18	1.2368981767236636e-08
0.034	8.812010838258803e-15	4.724518681170432e-10	1.6641287714624867e-14	1.649608161385134e-13	1.7003478139787373e-18	1.2515736432282085e-08
0.0342	8.968424068346615e-15	4.808372786488422e-10	1.683764257264745e-14	1.6690722430832134e-13	1.7204107279712135e-18	1.2663355899934259e-08
0.0344	9.12667721232231e-15	4.893213137064735e-10	1.7035149057628468e-14	1.6886504809260374e-13	1.7405913127759445e-18	1.2811840158391332e-08
0.0346	9.28678102604534e-15	4.979045495814284e-10	1.7233807169399564e-14	1.7083428748822105e-13	1.7608895683901596e-18	1.2961189195851579e-08
0.034800000000000005	9.448746265330147e-15	5.065875625598513e-10	1.7433616907792365e-14	1.7281494249203376e-13	1.7813054948110882e-18	1.3111403000513383e-08
0.035	9.612583685946154e-15	5.15370928922536e-10	1.7634578272638494e-14	1.7480701310090222e-13	1.8018390920359613e-18	1.3262481560575222e-08
0.0352	9.778304043617795e-15	5.242552249449292e-10	1.7836691263769596e-14	1.7681049931168687e-13	1.822490360062007e-18	1.34144248642357e-08
0.0354	9.945918094024509e-15	5.332410268971295e-10	1.803995588101729e-14	1.7882540112124822e-13	1.8432592988864555e-18	1.3567232899693518e-08
0.0356	1.011543659280071e-14	5.423289110438859e-10	1.8244372124213216e-14	1.8085171852644665e-13	1.8641459085065373e-18	1.3720905655147484e-08
0.0358	1.028687029553582e-14	5.515194536446001e-10	1.844993999318901e-14	1.8288945152414263e-13	1.885150188919481e-18	1.3875443118796522e-08
0.036000000000000004	1.0460229957774272e-14	5.608132309533255e-10	1.8656659487776308e-14	1.8493860011119674e-13	1.906272140122518e-18	1.4030845278839658e-08
0.0362	1.0635526335015467e-14	5.702108192187662e-10	1.8864530607806725e-14	1.8699916428446918e-13	1.9275117621128752e-18	1.4187112123476015e-08
0.0364	1.081277018271382e-14	5.797127946842792e-10	1.9073553353111905e-14	1.8907114404082053e-13	1.948869054887784e-18	1.4344243640904843e-08
0.0366	1.0991972256278735e-14	5.893197335878726e-10	1.9283727723523474e-14	1.9115453937711115e-13	1.970344018444474e-18	1.4502239819325475e-08
0.0368	1.1173143311074634e-14	5.990322121622067e-10	1.9495053718873074e-14	1.932493502902016e-13	1.991936652780174e-18	1.4661100646937377e-08
0.037000000000000005	1.1356294102420918e-14	6.088508066345937e-10	1.9707531338992333e-14	1.9535557677695226e-13	2.0136469578921163e-18	1.482082611194011e-08
0.037200000000000004	1.154143538559198e-14	6.187760932269972e-10	1.9921160583712873e-14	1.974732188342236e-13	2.035474933777527e-18	1.4981416202533337e-08
0.0374	1.1728577915817213e-14	6.288086481560329e-10	2.013594145286634e-14	1.9960227645887604e-13	2.057420580433638e-18	1.5142870906916834e-08
0.0376	1.1917732448281035e-14	6.389490476329688e-10	2.035187394628436e-14	2.0174274964777e-13	2.0794838978576788e-18	1.5305190213290484e-08
0.0378	1.2108909738122829e-14	6.491978678637246e-10	2.056895806379856e-14	2.03894638397766e-13	2.1016648860468778e-18	1.546837410985429e-08
0.038	1.2302120540436985e-14	6.595556850488719e-10	2.0787193805240582e-14	2.0605794270572444e-13	2.1239635449984666e-18	1.5632422584808338e-08
0.038200000000000005	1.2497375610272912e-14	6.70023075383635e-10	2.1006581170442064e-14	2.0823266256850593e-13	2.1463798747096745e-18	1.5797335626352846e-08
0.038400000000000004	1.269468570263498e-14	6.80600615057889e-10	2.122712015923463e-14	2.1041879798297068e-13	2.1689138751777287e-18	1.5963113222688107e-08
0.0386	1.2894061572482585e-14	6.912888802561625e-10	2.1448810771449905e-14	2.1261634894597919e-13	2.191565546399862e-18	1.6129755362014557e-08
0.0388	1.3095513974730107e-14	7.020884471576351e-10	2.167165300691953e-14	2.1482531545439196e-13	2.2143348883733016e-18	1.6297262032532717e-08
0.039	1.329905366424694e-14	7.129998919361392e-10	2.1895646865475138e-14	2.1704569750506947e-13	2.2372219010952798e-18	1.6465633222443215e-08
0.0392	1.3504691395857468e-14	7.240237907601592e-10	2.212079234694836e-14	2.1927749509487213e-13	2.260226584563024e-18	1.6634868919946805e-08
0.039400000000000004	1.3712437924341074e-14	7.351607197928322e-10	2.2347089451170833e-14	2.2152070822066045e-13	2.283348938773766e-18	1.6804969113244335e-08
0.0396	1.3922304004432123e-14	7.464112551919466e-10	2.2574538177974176e-14	2.237753368792948e-13	2.306588963724733e-18	1.6975933790536757e-08
0.0398	1.4134300390820012e-14	7.577759731099438e-10	2.2803138527190033e-14	2.2604138106763568e-13	2.3299466594131556e-18	1.714776294002513e-08
0.04	1.4348437838149118e-14	7.692554496939172e-10	2.303289049865003e-14	2.2831884078254354e-13	2.353422025836264e-18	1.7320456549910633e-08
0.0402	1.456472710101881e-14	7.808502610856126e-10	2.32637940921858e-14	2.3060771602087883e-13	2.377015062991288e-18	1.7494014608394546e-08
0.040400000000000005	1.478317893398349e-14	7.925609834214288e-10	2.3495849307628998e-14	2.329080067795021e-13	2.400725770875457e-18	1.7668437103678252e-08
0.040600000000000004	1.5003804091552514e-14	8.043881928324159e-10	2.3729056144811218e-14	2.3521971305527363e-13	2.4245541494860003e-18	1.7843724023963236e-08
0.0408	1.5226613328190262e-14	8.163324654442771e-10	2.396341460356412e-14	2.37542834845054e-13	2.4485001988201485e-18	1.8019875357451105e-08
0.041	1.5451617398316115e-14	8.283943773773681e-10	2.4198924683719323e-14	2.3987737214570357e-13	2.4725639188751296e-18	1.8196891092343574e-08
0.0412	1.5678827056304457e-14	8.405745047466972e-10	2.4435586385108468e-14	2.4222332495408285e-13	2.4967453096481753e-18	1.8374771216842447e-08
0.0414	1.5908253056484657e-14	8.528734236619245e-10	2.467339970756319e-14	2.445806932670524e-13	2.521044371136514e-18	1.8553515719149643e-08
0.041600000000000005	1.61399061531411e-14	8.652917102273637e-10	2.4912364650915113e-14	2.4694947708147255e-13	2.5454611033373765e-18	1.8733124587467208e-08
0.041800000000000004	1.6373797100513146e-14	8.778299405419801e-10	2.515248121499587e-14	2.4932967639420376e-13	2.5699955062479915e-18	1.8913597809997263e-08
0.042	1.660993665279519e-14	8.904886906993924e-10	2.5393749399637105e-14	2.5172129120210656e-13	2.5946475798655876e-18	1.9094935374942055e-08
0.0422	1.684833556413661e-14	9.032685367878715e-10	2.5636169204670432e-14	2.541243215020413e-13	2.619417324187397e-18	1.9277137270503937e-08
0.0424	1.7089004588641768e-14	9.161700548903416e-10	2.5879740629927498e-14	2.565387672908686e-13	2.6443047392106476e-18	1.9460203484885366e-08
0.0426	1.7331954480370066e-14	9.291938210843783e-10	2.6124463675239932e-14	2.589646285654488e-13	2.6693098249325696e-18	1.9644134006288915e-08
0.042800000000000005	1.757719599333588e-14	9.423404114422124e-10	2.637033834043938e-14	2.614019053226425e-13	2.6944325813503934e-18	1.9828928822917256e-08
0.043000000000000003	1.7824739881508578e-14	9.55610402030724e-10	2.6617364625357444e-14	2.6385059755931e-13	2.719673008461348e-18	2.001458792297316e-08
0.0432	1.8074596898812548e-14	9.690043689114492e-10	2.686554252982578e-14	2.663107052723118e-13	2.745031106262662e-18	2.0201111294659518e-08
0.0434	1.832677779912718e-14	9.825228881405748e-10	2.711487205367602e-14	2.6878222845850844e-13	2.7705068747515665e-18	2.0388498926179336e-08
0.0436	1.858129333628685e-14	9.961665357689424e-10	2.736535319673978e-14	2.7126516711476026e-13	2.796100313925291e-18	2.05767508057357e-08
0.0438	1.883815426408096e-14	1.009935887842044e-09	2.7616985958848714e-14	2.7375952123792786e-13	2.821811423781065e-18	2.076586692153183e-08
0.044000000000000004	1.909737133625389e-14	1.0238315204000286e-09	2.7869770339834455e-14	2.7626529082487176e-13	2.8476402043161187e-18	2.0955847261771042e-08
0.0442	1.9358955306505024e-14	1.0378540094776923e-09	2.812370633952861e-14	2.7878247587245226e-13	2.8735866555276806e-18	2.1146691814656752e-08
0.0444	1.9622916928488744e-14	1.0520039311044896e-09	2.8378793957762832e-14	2.8131107637752977e-13	2.899650777412981e-18	2.1338400568392497e-08
0.0446	1.9889266955814472e-14	1.0662818613045248e-09	2.863503319436876e-14	2.83851092336965e-13	2.9258325699692496e-18	2.1530973511181913e-08
0.0448	2.015801614204658e-14	1.0806883760965576e-09	2.8892424049177995e-14	2.8640252374761817e-13	2.9521320331937166e-18	2.1724410631228753e-08
0.045000000000000005	2.042917524070448e-14	1.0952240514939985e-09	2.9150966522022226e-14	2.8896537060635004e-13	2.9785491670836105e-18	2.1918711916736873e-08
0.045200000000000004	2.0702755005262556e-14	1.1098894635049126e-09	2.941066061273303e-14	2.915396329100208e-13	3.0050839716361614e-18	2.2113877355910214e-08
0.0454	2.0978766189150222e-14	1.1246851881320172e-09	2.9671506321142064e-14	2.9412531065549104e-13	3.0317364468486003e-18	2.230990693695286e-08
0.0456	2.1257219545751883e-14	1.139611801372684e-09	2.993350364708096e-14	2.967224038396212e-13	3.058506592718155e-18	2.2506800648068988e-08
0.0458	2.153812582840693e-14	1.1546698792189363e-09	3.019665259038135e-14	2.993309124592718e-13	3.0853944092420564e-18	2.2704558477462866e-08
0.046	2.1821495790409797e-14	1.169859997657453e-09	3.0460953150874863e-14	3.0195083651130325e-13	3.1123998964175335e-18	2.2903180413338884e-08
0.046200000000000005	2.2107340185009888e-14	1.185182732669564e-09	3.0726405328393154e-14	3.0458217599257624e-13	3.1395230542418175e-18	2.3102666443901567e-08
0.046400000000000004	2.239566976541161e-14	1.2006386602312536e-09	3.0993009122767826e-14	3.072249308999509e-13	3.1667638827121358e-18	2.3303016557355483e-08
0.0466	2.2686495284774378e-14	1.2162283563131584e-09	3.126076453383052e-14	3.0987910123028785e-13	3.1941223818257186e-18	2.3504230741905363e-08
0.0468	2.2979827496212634e-14	1.2319523968805704e-09	3.152967156141288e-14	3.125446869804476e-13	3.2215985515797965e-18	2.3706308985756016e-08
0.047	2.327567715279578e-14	1.2478113578934323e-09	3.179973020534653e-14	3.152216881472906e-13	3.249192391971599e-18	2.3909251277112377e-08
0.0472	2.3574055007548256e-14	1.2638058153063437e-09	3.2070940465463115e-14	3.1791010472767735e-13	3.276903902998355e-18	2.4113057604179473e-08
0.047400000000000005	2.3874971813449515e-14	1.2799363450685544e-09	3.2343302341594243e-14	3.206099367184683e-13	3.3047330846572967e-18	2.4317727955162462e-08
0.0476	2.4178438323433963e-14	1.2962035231239687e-09	3.2616815833571575e-14	3.233211841165239e-13	3.3326799369456504e-18	2.452326231826656e-08
0.0478	2.448446529039103e-14	1.3126079254111454e-09	3.289148094122672e-14	3.2604384691870465e-13	3.3607444598606467e-18	2.472966068169714e-08
0.048	2.479306346716519e-14	1.3291501278632962e-09	3.316729766439134e-14	3.2877792512187106e-13	3.388926653399516e-18	2.4936923033659672e-08
0.0482	2.5104243606555868e-14	1.3458307064082858e-09	3.344426600289704e-14	3.3152341872288357e-13	3.4172265175594883e-18	2.5145049362359706e-08
0.048400000000000006	2.5418016461317544e-14	1.3626502369686336e-09	3.3722385956575485e-14	3.3428032771860275e-13	3.4456440523377934e-18	2.5354039656002936e-08
0.048600000000000004	2.573439278415966e-14	1.3796092954615122e-09	3.400165752525827e-14	3.3704865210588904e-13	3.47417925773166e-18	2.5563893902795133e-08
0.0488	2.605338332774665e-14	1.3967084577987464e-09	3.428208070877704e-14	3.3982839188160277e-13	3.5028321337383165e-18	2.5774612090942195e-08
0.049	2.6374998844698e-14	1.4139482998868185e-09	3.4563655506963434e-14	3.426195470426045e-13	3.531602680354995e-18	2.598619420865012e-08
0.0492	2.6699250087588194e-14	1.4313293976268605e-09	3.48463819196491e-14	3.454221175857548e-13	3.560490897578925e-18	2.619864024412501e-08
0.0494	2.702614780894667e-14	1.4488523269146594e-09	3.513025994666565e-14	3.482361035079141e-13	3.589496785407335e-18	2.6411950185573083e-08
0.049600000000000005	2.735570276125795e-14	1.466517663640658e-09	3.541528958784474e-14	3.510615048059429e-13	3.618620343837456e-18	2.6626124021200665e-08
0.049800000000000004	2.768792569696148e-14	1.4843259836899508e-09	3.570147084301797e-14	3.538983214767016e-13	3.647861572866516e-18	2.6841161739214163e-08
0.05	2.8022827368451773e-14	1.502277862942286e-09	3.5988803712017e-14	3.567465535170507e-13	3.677220472491745e-18	2.7057063327820126e-08
0.0502	2.83604185280783e-14	1.5203738772720676e-09	3.627728819467345e-14	3.5960620092385083e-13	3.7066970427103735e-18	2.7273828775225198e-08
0.0504	2.8700709928145574e-14	1.538614602548352e-09	3.6566924290818957e-14	3.624772636939624e-13	3.736291283519632e-18	2.749145806963613e-08
0.0506	2.904371232091311e-14	1.557000614634849e-09	3.685771200028515e-14	3.653597418242457e-13	3.766003194916748e-18	2.7709951199259768e-08
0.050800000000000005	2.938943645859542e-14	1.5755324893899247e-09	3.7149651322903675e-14	3.682536353115616e-13	3.795832776898955e-18	2.7929308152303095e-08
0.051000000000000004	2.973789309336198e-14	1.594210802666597e-09	3.744274225850616e-14	3.711589441527703e-13	3.825780029463478e-18	2.814952891697315e-08
0.0512	3.0089092977337345e-14	1.6130361303125384e-09	3.7736984806924235e-14	3.7407566834473217e-13	3.855844952607548e-18	2.8370613481477127e-08
0.0514	3.044304686260105e-14	1.6320090481700773e-09	3.803237896798953e-14	3.7700380788430814e-13	3.886027546328397e-18	2.8592561834022322e-08
0.0516	3.079976550118758e-14	1.6511301320761928e-09	3.8328924741533685e-14	3.7994336276835823e-13	3.9163278106232515e-18	2.881537396281612e-08
0.051800000000000006	3.1159259645086554e-14	1.6703999578625227e-09	3.8626622127388336e-14	3.8289433299374325e-13	3.9467457454893445e-18	2.9039049856066026e-08
0.052000000000000005	3.1521540046242434e-14	1.6898191013553528e-09	3.892547112538512e-14	3.858567185573236e-13	3.977281350923903e-18	2.9263589501979635e-08
0.0522	3.188661745655484e-14	1.7093881383756295e-09	3.922547173535565e-14	3.888305194559596e-13	4.007934626924157e-18	2.9488992888764667e-08
0.0524	3.225450262787828e-14	1.7291076447389486e-09	3.952662395713158e-14	3.9181573568651213e-13	4.038705573487337e-18	2.9715260004628944e-08
0.0526	3.262520631202234e-14	1.748978196255564e-09	3.982892779054453e-14	3.948123672458412e-13	4.069594190610673e-18	2.9942390837780406e-08
0.0528	3.299873926075161e-14	1.7690003687303803e-09	4.013238323542614e-14	3.978204141308077e-13	4.100600478291393e-18	3.017038537642707e-08
0.053000000000000005	3.3375112225785643e-14	1.7891747379629612e-09	4.043699029160807e-14	4.0083987633827197e-13	4.13172443652673e-18	3.0399243608777106e-08
0.053200000000000004	3.375433595879902e-14	1.8095018797475173e-09	4.074274895892191e-14	4.038707538650945e-13	4.1629660653139094e-18	3.0628965523038724e-08
0.0534	3.4136421211421356e-14	1.8299823698729212e-09	4.10496592371993e-14	4.0691304670813567e-13	4.194325364650165e-18	3.0859551107420314e-08
0.0536	3.4521378735237245e-14	1.8506167841226956e-09	4.1357721126271873e-14	4.0996675486425615e-13	4.2258023345327225e-18	3.109100035013033e-08
0.0538	3.490921928178627e-14	1.8714056982750196e-09	4.166693462597129e-14	4.130318783303163e-13	4.257396974958814e-18	3.132331323937736e-08
0.054	3.529995360256308e-14	1.892349688102725e-09	4.197729973612917e-14	4.1610841710317683e-13	4.289109285925669e-18	3.155648976337006e-08
0.054200000000000005	3.5693592449017287e-14	1.913449329373301e-09	4.2288816456577155e-14	4.1919637117969805e-13	4.3209392674305176e-18	3.1790529910317236e-08
0.054400000000000004	3.609014657255353e-14	1.934705197848887e-09	4.260148478714686e-14	4.222957405567403e-13	4.3528869194705885e-18	3.202543366842776e-08
0.0546	3.64896267245314e-14	1.9561178692862816e-09	4.291530472766993e-14	4.2540652523116443e-13	4.384952242043111e-18	3.226120102591066e-08
0.0548	3.689204365626559e-14	1.9776879194369335e-09	4.3230276277977995e-14	4.285287251998308e-13	4.417135235145316e-18	3.2497831970975023e-08
0.055	3.7297408119025746e-14	1.9994159240469515e-09	4.3546399437902696e-14	4.316623404595998e-13	4.4494358987744315e-18	3.273532649183009e-08
0.055200000000000006	3.770573086403653e-14	2.021302458857094e-09	4.3863674207275655e-14	4.348073710073321e-13	4.481854232927689e-18	3.297368457668516e-08
0.055400000000000005	3.8117022642477584e-14	2.043348099602776e-09	4.418210058592851e-14	4.379638168398881e-13	4.514390237602318e-18	3.3212906213749655e-08
0.055600000000000004	3.853129420548361e-14	2.0655534220140674e-09	4.4501678573692897e-14	4.4113167795412825e-13	4.547043912795547e-18	3.3452991391233145e-08
0.0558	3.894855630414431e-14	2.087919001815694e-09	4.482240817040045e-14	4.443109543469132e-13	4.579815258504607e-18	3.369394009734526e-08
0.056	3.936881968950433e-14	2.110445414727034e-09	4.51442893758828e-14	4.475016460151032e-13	4.6127042747267264e-18	3.393575232029574e-08
0.0562	3.9792095112563403e-14	2.1331332364621225e-09	4.546732218997159e-14	4.507037529555591e-13	4.645710961459136e-18	3.417842804829446e-08
0.056400000000000006	4.021839332427627e-14	2.1559830427296486e-09	4.579150661249844e-14	4.539172751651412e-13	4.678835318699066e-18	3.442196726955138e-08
0.056600000000000004	4.064772507555264e-14	2.1789954092329555e-09	4.6116842643295e-14	4.571422126407099e-13	4.712077346443745e-18	3.466636997227658e-08
0.0568	4.108010111725718e-14	2.202170911670042e-09	4.6443330282192884e-14	4.603785653791259e-13	4.7454370446904015e-18	3.491163614468023e-08
0.057	4.1515532200209704e-14	2.2255101257335625e-09	4.677096952902375e-14	4.636263333772495e-13	4.778914413436266e-18	3.515776577497262e-08
0.0572	4.1954029075184945e-14	2.2490136271108253e-09	4.7099760383619216e-14	4.668855166319414e-13	4.81250945267857e-18	3.540475885136415e-08
0.0574	4.239560249291264e-14	2.2726819914837958e-09	4.742970284581091e-14	4.70156115140062e-13	4.846222162414541e-18	3.565261536206534e-08
0.057600000000000005	4.2840263204077584e-14	2.2965157945290917e-09	4.77607969154305e-14	4.73438128898472e-13	4.880052542641411e-18	3.590133529528677e-08
0.057800000000000004	4.328802195931953e-14	2.320515611917987e-09	4.8093042592309567e-14	4.767315579040317e-13	4.9140005933564064e-18	3.615091863923917e-08
0.058	4.373888950923329e-14	2.3446820193164098e-09	4.842643987627978e-14	4.800364021536018e-13	4.9480663145567594e-18	3.640136538213336e-08
0.0582	4.419287660436863e-14	2.3690155923849467e-09	4.876098876717278e-14	4.833526616440422e-13	4.982249706239699e-18	3.665267551218028e-08
0.0584	4.464999399523037e-14	2.3935169067788345e-09	4.9096689264820155e-14	4.866803363722143e-13	5.0165507684024545e-18	3.6904849017590955e-08
0.058600000000000006	4.5110252432278366e-14	2.418186538147972e-09	4.94335413690536e-14	4.90019426334978e-13	5.050969501042257e-18	3.715788588657655e-08
0.058800000000000005	4.55736626659274e-14	2.443025062136903e-09	4.977154507970471e-14	4.933699315291939e-13	5.085505904156335e-18	3.74117861073483e-08
0.059000000000000004	4.604023544654731e-14	2.4680330543848376e-09	5.0110700396605135e-14	4.967318519517227e-13	5.120159977741917e-18	3.766654966811757e-08
0.0592	4.650998152446296e-14	2.4932110905256328e-09	5.0451007319586496e-14	5.001051875994246e-13	5.154931721796235e-18	3.792217655709583e-08
0.0594	4.6982911649954224e-14	2.518559746187807e-09	5.079246584848043e-14	5.034899384691606e-13	5.189821136316516e-18	3.817866676249466e-08
0.0596	4.7459036573255934e-14	2.5440795969945295e-09	5.1135075983118585e-14	5.068861045577907e-13	5.224828221299993e-18	3.843602027252574e-08
0.059800000000000006	4.793836704455802e-14	2.569771218563629e-09	5.1478837723332584e-14	5.102936858621758e-13	5.259952976743893e-18	3.8694237075400856e-08
0.060000000000000005	4.842091381400532e-14	2.5956351865075837e-09	5.182375106895406e-14	5.137126823791762e-13	5.295195402645448e-18	3.89533171593319e-08
0.060200000000000004	4.890668763169779e-14	2.621672076433534e-09	5.216981601981465e-14	5.171430941056524e-13	5.330555499001885e-18	3.921326051253088e-08
0.0604	4.9395699247690284e-14	2.6478824639432713e-09	5.251703257574599e-14	5.205849210384651e-13	5.366033265810437e-18	3.9474067123209914e-08
0.0606	4.9887959411992766e-14	2.674266924633244e-09	5.286540073657971e-14	5.240381631744744e-13	5.401628703068329e-18	3.97357369795812e-08
0.0608	5.038347887457019e-14	2.7008260340945564e-09	5.3214920502147445e-14	5.275028205105415e-13	5.437341810772796e-18	3.9998270069857076e-08
0.061000000000000006	5.088226838534248e-14	2.7275603679129694e-09	5.356559187228086e-14	5.309788930435264e-13	5.473172588921064e-18	4.0261666382249994e-08
0.061200000000000004	5.138433869418457e-14	2.754470501668894e-09	5.391741484681152e-14	5.344663807702896e-13	5.509121037510365e-18	4.0525925904972463e-08
0.0614	5.188970055092646e-14	2.781557010937405e-09	5.4270389425571114e-14	5.379652836876918e-13	5.545187156537926e-18	4.079104862623714e-08
0.0616	5.2398364705353163e-14	2.808820471288225e-09	5.4624515608391265e-14	5.414756017925935e-13	5.5813709460009786e-18	4.105703453425678e-08
0.0618	5.291034190720461e-14	2.83626145828574e-09	5.49797933951036e-14	5.449973350818551e-13	5.617672405896753e-18	4.1323883617244243e-08
0.062	5.3425642906175845e-14	2.8638805474889845e-09	5.5336222785539756e-14	5.485304835523373e-13	5.654091536222476e-18	4.159159586341251e-08
0.062200000000000005	5.394427845191691e-14	2.891678314451654e-09	5.569380377953139e-14	5.520750472009006e-13	5.690628336975382e-18	4.1860171260974647e-08
0.062400000000000004	5.4466259294032824e-14	2.9196553347220977e-09	5.60525363769101e-14	5.556310260244051e-13	5.727282808152696e-18	4.212960979814383e-08
0.0626	5.499159618208358e-14	2.9478121838433195e-09	5.6412420577507533e-14	5.591984200197119e-13	5.764054949751649e-18	4.239991146313336e-08
0.06280000000000001	5.5520299865584295e-14	2.976149437352982e-09	5.677345638115533e-14	5.627772291836814e-13	5.800944761769475e-18	4.267107624415663e-08
0.063	5.6052381094005e-14	3.0046676707833987e-09	5.713564378768509e-14	5.663674535131737e-13	5.8379522442033945e-18	4.294310412942713e-08
0.0632	5.6587850616770846e-14	3.033367459661547e-09	5.749898279692852e-14	5.699690930050499e-13	5.875077397050646e-18	4.32159951071585e-08
0.0634	5.71267191832618e-14	3.0622493795090513e-09	5.786347340871718e-14	5.7358214765617e-13	5.9123202203084544e-18	4.348974916556443e-08
0.0636	5.76689975428131e-14	3.0913140058422e-09	5.822911562288279e-14	5.772066174633949e-13	5.949680713974053e-18	4.376436629285878e-08
0.06380000000000001	5.821469644471483e-14	3.120561914171932e-09	5.859590943925691e-14	5.80842502423585e-13	5.987158878044667e-18	4.403984647725546e-08
0.064	5.876382663821209e-14	3.149993680003843e-09	5.896385485767117e-14	5.844898025336007e-13	6.024754712517529e-18	4.43161897069685e-08
0.06420000000000001	5.93163988725051e-14	3.179609878838189e-09	5.933295187795724e-14	5.881485177903027e-13	6.062468217389869e-18	4.459339597021209e-08
0.0644	5.987242389674892e-14	3.209411086169875e-09	5.970320049994676e-14	5.918186481905514e-13	6.100299392658915e-18	4.487146525520043e-08
0.0646	6.043191246005381e-14	3.2393978774884694e-09	6.007460072347135e-14	5.955001937312075e-13	6.138248238321897e-18	4.515039755014793e-08
0.0648	6.099487531148487e-14	3.26957082827819e-09	6.044715254836264e-14	5.991931544091313e-13	6.176314754376046e-18	4.543019284326902e-08
0.065	6.156132320006242e-14	3.2999305140179196e-09	6.082085597445226e-14	6.028975302211835e-13	6.21449894081859e-18	4.571085112277831e-08
0.06520000000000001	6.213126687476166e-14	3.3304775101811866e-09	6.119571100157189e-14	6.066133211642247e-13	6.252800797646762e-18	4.599237237689048e-08
0.0654	6.27047170845127e-14	3.361212392236182e-09	6.157171762955308e-14	6.10340527235115e-13	6.291220324857786e-18	4.627475659382028e-08
0.0656	6.328168457820094e-14	3.3921357356457534e-09	6.194887585822756e-14	6.140791484307156e-13	6.329757522448897e-18	4.655800376178266e-08
0.0658	6.386218010466652e-14	3.423248115867401e-09	6.232718568742687e-14	6.178291847478862e-13	6.3684123904173195e-18	4.684211386899258e-08
0.066	6.44462144127048e-14	3.4545501083532874e-09	6.270664711698272e-14	6.215906361834883e-13	6.40718492876029e-18	4.71270869036652e-08
0.06620000000000001	6.503379825106604e-14	3.4860422885502247e-09	6.308726014672673e-14	6.253635027343818e-13	6.446075137475035e-18	4.741292285401571e-08
0.0664	6.562494236845547e-14	3.517725231899685e-09	6.346902477649047e-14	6.29147784397427e-13	6.485083016558779e-18	4.7699621708259435e-08
0.0666	6.621965751353354e-14	3.549599513837797e-09	6.38519410061057e-14	6.32943481169485e-13	6.52420856600876e-18	4.798718345461183e-08
0.0668	6.681795443491549e-14	3.5816657097953433e-09	6.423600883540391e-14	6.367505930474158e-13	6.563451785822201e-18	4.8275608081288404e-08
0.067	6.741984388117173e-14	3.6139243951977686e-09	6.462122826421687e-14	6.405691200280806e-13	6.602812675996337e-18	4.856489557650483e-08
0.06720000000000001	6.80253366008276e-14	3.64637614546517e-09	6.500759929237613e-14	6.443990621083395e-13	6.642291236528396e-18	4.885504592847688e-08
0.0674	6.86344433423634e-14	3.6790215360122953e-09	6.539512191971333e-14	6.48240419285053e-13	6.681887467415605e-18	4.914605912542036e-08
0.06760000000000001	6.924717485421466e-14	3.711861142248564e-09	6.578379614606014e-14	6.520931915550818e-13	6.7216013686551975e-18	4.94379351555513e-08
0.0678	6.98635418847717e-14	3.7448955395780375e-09	6.617362197124814e-14	6.559573789152862e-13	6.761432940244399e-18	4.9730674007085754e-08
0.068	7.048355518238001e-14	3.778125303399442e-09	6.656459939510903e-14	6.598329813625272e-13	6.801382182180444e-18	5.00242756682399e-08
0.0682	7.110722549533997e-14	3.811551009106157e-09	6.695672841747439e-14	6.637199988936647e-13	6.841449094460556e-18	5.0318740127230005e-08
0.0684	7.173456357190707e-14	3.845173232086222e-09	6.735000903817592e-14	6.676184315055599e-13	6.881633677081974e-18	5.0614067372272526e-08
0.06860000000000001	7.236558016029181e-14	3.8789925477223305e-09	6.774444125704523e-14	6.71528279195073e-13	6.92193593004192e-18	5.091025739158394e-08
0.0688	7.300028600865958e-14	3.9130095313918316e-09	6.814002507391387e-14	6.754495419590644e-13	6.962355853337625e-18	5.120731017338084e-08
0.069	7.363869186513097e-14	3.947224758466735e-09	6.853676048861358e-14	6.793822197943948e-13	7.002893446966318e-18	5.150522570587997e-08
0.0692	7.42808084777815e-14	3.9816388043137026e-09	6.893464750097597e-14	6.833263126979246e-13	7.043548710925233e-18	5.180400397729815e-08
0.0694	7.492664659464172e-14	4.01625224429406e-09	6.933368611083265e-14	6.872818206665148e-13	7.084321645211595e-18	5.210364497585233e-08
0.06960000000000001	7.557621696369716e-14	4.0510656537637855e-09	6.97338763180153e-14	6.912487436970255e-13	7.125212249822637e-18	5.240414868975953e-08
0.0698	7.622953033288834e-14	4.086079608073508e-09	7.013521812235548e-14	6.952270817863171e-13	7.166220524755586e-18	5.27055151072369e-08
0.07	7.688659745011095e-14	4.121294682568528e-09	7.053771152368489e-14	6.992168349312508e-13	7.207346470007675e-18	5.300774421650171e-08
0.0702	7.754742906321547e-14	4.156711452588787e-09	7.094135652183513e-14	7.032180031286862e-13	7.248590085576129e-18	5.331083600577131e-08
0.0704	7.821203592000766e-14	4.192330493468899e-09	7.134615311663789e-14	7.072305863754849e-13	7.289951371458182e-18	5.3614790463263203e-08
0.07060000000000001	7.888042876824811e-14	4.228152380538124e-09	7.175210130792473e-14	7.11254584668507e-13	7.331430327651063e-18	5.3919607577194925e-08
0.0708	7.955261835565244e-14	4.264177689120379e-09	7.215920109552731e-14	7.152899980046123e-13	7.373026954151997e-18	5.422528733578416e-08
0.07100000000000001	8.022861542989137e-14	4.300406994534247e-09	7.256745247927731e-14	7.193368263806626e-13	7.414741250958221e-18	5.4531829727248734e-08
0.0712	8.090843073859055e-14	4.336840872092959e-09	7.297685545900628e-14	7.233950697935173e-13	7.456573218066959e-18	5.483923473980651e-08
0.0714	8.159207502933074e-14	4.37347989710441e-09	7.338741003454596e-14	7.274647282400381e-13	7.498522855475444e-18	5.5147502361675536e-08
0.0716	8.227955904964756e-14	4.410324644871145e-09	7.379911620572789e-14	7.315458017170841e-13	7.540590163180903e-18	5.5456632581073886e-08
0.0718	8.297089354703194e-14	4.447375690690376e-09	7.421197397238379e-14	7.356382902215177e-13	7.582775141180568e-18	5.5766625386219815e-08
0.07200000000000001	8.366608926892953e-14	4.4846336098539635e-09	7.46259833343452e-14	7.39742193750198e-13	7.625077789471668e-18	5.607748076533163e-08
0.0722	8.436515696274107e-14	4.522098977648424e-09	7.504114429144384e-14	7.438575122999859e-13	7.667498108051432e-18	5.638919870662775e-08
0.0724	8.506810737582246e-14	4.559772369354946e-09	7.545745684351129e-14	7.479842458677421e-13	7.710036096917093e-18	5.670177919832676e-08
0.0726	8.577495125548443e-14	4.597654360249356e-09	7.587492099037919e-14	7.521223944503267e-13	7.752691756065873e-18	5.7015222228647276e-08
0.0728	8.64856993489929e-14	4.635745525602153e-09	7.629353673187924e-14	7.562719580446012e-13	7.79546508549501e-18	5.732952778580807e-08
0.07300000000000001	8.720036240356868e-14	4.6740464406784844e-09	7.671330406784302e-14	7.604329366474255e-13	7.838356085201729e-18	5.7644695858027994e-08
0.0732	8.791895116638758e-14	4.7125576807381575e-09	7.713422299810213e-14	7.646053302556599e-13	7.88136475518326e-18	5.7960726433526005e-08
0.0734	8.864147638458062e-14	4.751279821035641e-09	7.755629352248828e-14	7.687891388661655e-13	7.924491095436834e-18	5.8277619500521227e-08
0.0736	8.936794880523362e-14	4.790213436820054e-09	7.797951564083307e-14	7.729843624758024e-13	7.967735105959679e-18	5.8595375047232794e-08
0.0738	9.009837917538761e-14	4.829359103335181e-09	7.840388935296811e-14	7.771910010814316e-13	8.01109678674903e-18	5.891399306188003e-08
0.07400000000000001	9.083277824203844e-14	4.868717395819458e-09	7.882941465872512e-14	7.814090546799134e-13	8.054576137802111e-18	5.9233473532682345e-08
0.0742	9.15711567521371e-14	4.908288889505978e-09	7.92560915579356e-14	7.856385232681082e-13	8.098173159116152e-18	5.955381644785919e-08
0.07440000000000001	9.23135254525896e-14	4.948074159622503e-09	7.968392005043133e-14	7.89879406842877e-13	8.141887850688386e-18	5.987502179563025e-08
0.0746	9.305989509025685e-14	4.988073781391432e-09	8.011290013604383e-14	7.941317054010798e-13	8.185720212516038e-18	6.019708956421517e-08
0.0748	9.381027641195509e-14	5.028288330029847e-09	8.054303181460484e-14	7.983954189395778e-13	8.229670244596343e-18	6.052001974183384e-08
0.075	9.456468016445519e-14	5.068718380749462e-09	8.097431508594587e-14	8.026705474552308e-13	8.273737946926525e-18	6.084381231670618e-08
0.0752	9.53231170944833e-14	5.109364508756672e-09	8.14067499498987e-14	8.069570909449e-13	8.31792331950382e-18	6.116846727705222e-08
0.07540000000000001	9.60855979487205e-14	5.150227289252514e-09	8.184033640629484e-14	8.11255049405446e-13	8.362226362325456e-18	6.149398461109213e-08
0.0756	9.685213347380282e-14	5.191307297432685e-09	8.227507445496598e-14	8.155644228337284e-13	8.406647075388657e-18	6.182036430704613e-08
0.0758	9.762273441632149e-14	5.232605108487547e-09	8.271096409574377e-14	8.198852112266089e-13	8.45118545869066e-18	6.214760635313464e-08
0.076	9.839741152282253e-14	5.274121297602114e-09	8.31480053284598e-14	8.242174145809474e-13	8.495841512228689e-18	6.247571073757806e-08
0.0762	9.91761755398073e-14	5.315856439956063e-09	8.358619815294577e-14	8.285610328936048e-13	8.540615235999977e-18	6.280467744859702e-08
0.07640000000000001	9.995903721373187e-14	5.3578111107237226e-09	8.402554256903326e-14	8.329160661614417e-13	8.585506630001757e-18	6.31345064744122e-08
0.0766	1.0074600729100741e-13	5.399985885074081e-09	8.446603857655392e-14	8.372825143813178e-13	8.630515694231247e-18	6.346519780324435e-08
0.07680000000000001	1.0153709651800024e-13	5.442381338170789e-09	8.490768617533941e-14	8.416603775500951e-13	8.67564242868569e-18	6.379675142331445e-08
0.077	1.0233231564103158e-13	5.48499804517215e-09	8.535048536522131e-14	8.460496556646327e-13	8.720886833362306e-18	6.412916732284341e-08
0.0772	1.031316754063777e-13	5.5278365812311304e-09	8.579443614603131e-14	8.504503487217923e-13	8.766248908258331e-18	6.446244549005246e-08
0.07740000000000001	1.0393518656026991e-13	5.570897521495349e-09	8.623953851760104e-14	8.548624567184339e-13	8.811728653370995e-18	6.479658591316273e-08
0.0776	1.0474285984889442e-13	5.614181441107086e-09	8.668579247976209e-14	8.592859796514178e-13	8.857326068697518e-18	6.513158858039553e-08
0.07780000000000001	1.0555470601839274e-13	5.657688915203282e-09	8.713319803234616e-14	8.637209175176056e-13	8.903041154235142e-18	6.546745347997236e-08
0.078	1.063707358148611e-13	5.701420518915531e-09	8.758175517518481e-14	8.681672703138567e-13	8.948873909981089e-18	6.58041806001147e-08
0.0782	1.0719095998435098e-13	5.745376827370092e-09	8.803146390810974e-14	8.726250380370323e-13	8.994824335932595e-18	6.61417699290443e-08
0.0784	1.0801538927286867e-13	5.789558415687869e-09	8.848232423095258e-14	8.770942206839927e-13	9.04089243208688e-18	6.648022145498281e-08
0.0786	1.088440344263757e-13	5.833965858984444e-09	8.893433614354492e-14	8.815748182515989e-13	9.087078198441184e-18	6.681953516615218e-08
0.07880000000000001	1.0967690619078845e-13	5.878599732370039e-09	8.938749964571848e-14	8.860668307367111e-13	9.133381634992733e-18	6.715971105077433e-08
0.079	1.1051401531197835e-13	5.9234606109495435e-09	8.984181473730476e-14	8.905702581361897e-13	9.17980274173875e-18	6.750074909707133e-08
0.0792	1.1135537253577199e-13	5.968549069822506e-09	9.029728141813555e-14	8.950851004468957e-13	9.226341518676477e-18	6.784264929326539e-08
0.0794	1.122009886079508e-13	6.013865684083127e-09	9.075389968804238e-14	8.996113576656891e-13	9.27299796580313e-18	6.818541162757876e-08
0.0796	1.1305087427425141e-13	6.059411028820278e-09	9.121166954685694e-14	9.041490297894314e-13	9.319772083115954e-18	6.852903608823393e-08
0.07980000000000001	1.139050402803653e-13	6.105185679117472e-09	9.167059099441082e-14	9.086981168149824e-13	9.366663870612167e-18	6.887352266345334e-08
0.08	1.1476349737193906e-13	6.151190210052891e-09	9.213066403053568e-14	9.132586187392025e-13	9.413673328288999e-18	6.921887134145959e-08
0.08020000000000001	1.1562625629457432e-13	6.1974251966993755e-09	9.259188865506317e-14	9.17830535558953e-13	9.46080045614369e-18	6.956508211047546e-08
0.0804	1.1649332779382758e-13	6.24389121412442e-09	9.305426486782488e-14	9.22413867271094e-13	9.508045254173455e-18	6.99121549587237e-08
0.0806	1.1736472261521072e-13	6.290588837390187e-09	9.351779266865252e-14	9.270086138724864e-13	9.555407722375538e-18	7.026008987442732e-08
0.08080000000000001	1.1824045150419027e-13	6.337518641553484e-09	9.39824720573777e-14	9.316147753599904e-13	9.602887860747156e-18	7.060888684580933e-08
0.081	1.191205252061879e-13	6.384681201665786e-09	9.444830303383197e-14	9.362323517304666e-13	9.65048566928555e-18	7.095854586109286e-08
0.08120000000000001	1.2000495446658043e-13	6.4320770927732264e-09	9.491528559784707e-14	9.408613429807758e-13	9.698201147987938e-18	7.130906690850121e-08
0.0814	1.2089375003069946e-13	6.4797068899165955e-09	9.538341974925461e-14	9.455017491077786e-13	9.746034296851563e-18	7.166044997625769e-08
0.0816	1.217869226438319e-13	6.527571168131343e-09	9.585270548788621e-14	9.501535701083356e-13	9.793985115873644e-18	7.201269505258582e-08
0.0818	1.2268448305121943e-13	6.575670502447573e-09	9.632314281357352e-14	9.548168059793065e-13	9.842053605051412e-18	7.236580212570918e-08
0.082	1.2358644199805898e-13	6.62400546789006e-09	9.679473172614815e-14	9.594914567175534e-13	9.890239764382102e-18	7.271977118385141e-08
0.08220000000000001	1.2449281022950235e-13	6.672576639478227e-09	9.726747222544179e-14	9.641775223199358e-13	9.938543593862946e-18	7.307460221523634e-08
0.0824	1.2540359849065628e-13	6.7213845922261546e-09	9.774136431128599e-14	9.688750027833143e-13	9.986965093491161e-18	7.343029520808783e-08
0.0826	1.2631881752658282e-13	6.770429901142591e-09	9.82164079835125e-14	9.735838981045504e-13	1.003550426326399e-17	7.378685015062992e-08
0.0828	1.2723847808229877e-13	6.819713141230935e-09	9.869260324195284e-14	9.783042082805032e-13	1.0084161103178652e-17	7.414426703108671e-08
0.083	1.2816259090277614e-13	6.869234887489254e-09	9.916995008643871e-14	9.830359333080345e-13	1.0132935613232384e-17	7.450254583768244e-08
0.08320000000000001	1.2909116673294184e-13	6.918995714910263e-09	9.964844851680177e-14	9.877790731840043e-13	1.0181827793422415e-17	7.486168655864141e-08
0.0834	1.300242163176778e-13	6.968996198481343e-09	1.0012809853287359e-13	9.925336279052735e-13	1.023083764374597e-17	7.522168918218807e-08
0.08360000000000001	1.309617504018212e-13	7.019236913184537e-09	1.0060890013448584e-13	9.972995974687025e-13	1.0279965164200284e-17	7.558255369654697e-08
0.0838	1.319037797301639e-13	7.069718433996535e-09	1.0109085332147014e-13	1.0020769818711516e-12	1.0329210354782581e-17	7.594428008994273e-08
0.084	1.3285031504745309e-13	7.120441335888703e-09	1.015739580936582e-13	1.006865781109482e-12	1.0378573215490097e-17	7.630686835060015e-08
0.08420000000000001	1.3380136709839078e-13	7.171406193827054e-09	1.0205821445088153e-13	1.0116659951805543e-12	1.0428053746320061e-17	7.667031846674406e-08
0.0844	1.347569466276341e-13	7.2226135827722544e-09	1.0254362239297187e-13	1.016477624081228e-12	1.0477651947269694e-17	7.703463042659942e-08
0.08460000000000001	1.3571706437979515e-13	7.2740640776796546e-09	1.0303018191976081e-13	1.0213006678083648e-12	1.0527367818336238e-17	7.739980421839133e-08
0.0848	1.3668173109944106e-13	7.325758253499235e-09	1.0351789303107996e-13	1.026135126358825e-12	1.057720135951691e-17	7.776583983034496e-08
0.085	1.3765095753109418e-13	7.377696685175655e-09	1.0400675572676104e-13	1.0309809997294692e-12	1.0627152570808954e-17	7.813273725068565e-08
0.0852	1.3862475441923157e-13	7.429879947648225e-09	1.0449677000663559e-13	1.0358382879171575e-12	1.0677221452209588e-17	7.850049646763873e-08
0.0854	1.3960313250828555e-13	7.482308615850922e-09	1.0498793587053535e-13	1.040706990918751e-12	1.0727408003716048e-17	7.886911746942977e-08
0.08560000000000001	1.4058610254264335e-13	7.534983264712375e-09	1.054802533182919e-13	1.0455871087311104e-12	1.077771222532556e-17	7.923860024428433e-08
0.0858	1.415736752666472e-13	7.587904469155862e-09	1.0597372234973683e-13	1.0504786413510959e-12	1.0828134117035354e-17	7.960894478042813e-08
0.08600000000000001	1.4256586142459455e-13	7.641072804099355e-09	1.0646834296470183e-13	1.0553815887755682e-12	1.0878673678842664e-17	7.998015106608704e-08
0.0862	1.4356267176073755e-13	7.694488844455447e-09	1.0696411516301854e-13	1.0602959510013877e-12	1.0929330910744713e-17	8.035221908948696e-08
0.0864	1.4456411701928378e-13	7.748153165131416e-09	1.0746103894451859e-13	1.0652217280254157e-12	1.0980105812738737e-17	8.072514883885395e-08
0.08660000000000001	1.4557020794439557e-13	7.802066341029181e-09	1.079591143090336e-13	1.0701589198445122e-12	1.1030998384821967e-17	8.109894030241421e-08
0.0868	1.4658095528019025e-13	7.85622894704534e-09	1.0845834125639522e-13	1.0751075264555374e-12	1.1082008626991619e-17	8.147359346839385e-08
0.08700000000000001	1.4759636977074034e-13	7.910641558071138e-09	1.0895871978643512e-13	1.080067547855353e-12	1.113313653924494e-17	8.184910832501937e-08
0.0872	1.4861646216007325e-13	7.96530474899248e-09	1.0946024989898483e-13	1.0850389840408183e-12	1.1184382121579147e-17	8.222548486051716e-08
0.0874	1.4964124319217166e-13	8.020219094689931e-09	1.0996293159387611e-13	1.0900218350087952e-12	1.123574537399148e-17	8.260272306311384e-08
0.0876	1.5067072361097288e-13	8.075385170038722e-09	1.1046676487094052e-13	1.095016100756143e-12	1.1287226296479159e-17	8.298082292103607e-08
0.0878	1.5170491416036968e-13	8.130803549908745e-09	1.1097174973000974e-13	1.1000217812797238e-12	1.1338824889039422e-17	8.335978442251067e-08
0.08800000000000001	1.527438255842095e-13	8.18647480916454e-09	1.1147788617091538e-13	1.1050388765763967e-12	1.1390541151669494e-17	8.373960755576453e-08
0.0882	1.5378746862629492e-13	8.2423995226653e-09	1.1198517419348905e-13	1.1100673866430232e-12	1.1442375084366601e-17	8.412029230902462e-08
0.0884	1.5483585403038372e-13	8.298578265264918e-09	1.1249361379756249e-13	1.1151073114764633e-12	1.1494326687127982e-17	8.45018386705181e-08
0.0886	1.5588899254018838e-13	8.355011611811897e-09	1.1300320498296718e-13	1.120158651073578e-12	1.154639595995086e-17	8.488424662847214e-08
0.0888	1.5694689489937683e-13	8.411700137149434e-09	1.135139477495349e-13	1.1252214054312278e-12	1.1598582902832468e-17	8.526751617111413e-08
0.08900000000000001	1.5800957185157167e-13	8.46864441611537e-09	1.1402584209709724e-13	1.1302955745462739e-12	1.1650887515770034e-17	8.565164728667145e-08
0.0892	1.5907703414035058e-13	8.525845023542212e-09	1.145388880254858e-13	1.1353811584155756e-12	1.1703309798760783e-17	8.603663996337166e-08
0.08940000000000001	1.601492925092465e-13	8.583302534257126e-09	1.1505308553453222e-13	1.1404781570359944e-12	1.1755849751801956e-17	8.642249418944241e-08
0.0896	1.6122635770174706e-13	8.641017523081937e-09	1.1556843462406816e-13	1.1455865704043903e-12	1.1808507374890774e-17	8.680920995311143e-08
0.0898	1.6230824046129527e-13	8.698990564833127e-09	1.160849352939253e-13	1.150706398517625e-12	1.186128266802447e-17	8.719678724260665e-08
0.09000000000000001	1.633949515312889e-13	8.75722223432185e-09	1.1660258754393524e-13	1.155837641372558e-12	1.191417563120027e-17	8.758522604615599e-08
0.0902	1.6448650165508076e-13	8.815713106353899e-09	1.1712139137392953e-13	1.1609802989660504e-12	1.196718626441541e-17	8.79745263519875e-08
0.09040000000000001	1.65582901575979e-13	8.874463755729753e-09	1.1764134678373996e-13	1.1661343712949628e-12	1.2020314567667112e-17	8.836468814832942e-08
0.0906	1.6668416203724637e-13	8.933474757244522e-09	1.1816245377319805e-13	1.1712998583561553e-12	1.2073560540952614e-17	8.875571142340997e-08
0.0908	1.6779029378210099e-13	8.992746685688012e-09	1.1868471234213548e-13	1.1764767601464892e-12	1.212692418426914e-17	8.914759616545764e-08
0.091	1.6890130755371577e-13	9.052280115844653e-09	1.1920812249038388e-13	1.1816650766628246e-12	1.2180405497613919e-17	8.954034236270086e-08
0.0912	1.7001721409521882e-13	9.112075622493562e-09	1.1973268421777494e-13	1.1868648079020227e-12	1.2234004480984184e-17	8.993395000336833e-08
0.09140000000000001	1.7113802414969315e-13	9.172133780408497e-09	1.2025839752414023e-13	1.1920759538609432e-12	1.2287721134377166e-17	9.032841907568865e-08
0.0916	1.722637484601768e-13	9.23245516435789e-09	1.207852624093114e-13	1.1972985145364475e-12	1.2341555457790088e-17	9.072374956789071e-08
0.0918	1.733943977696631e-13	9.293040349104833e-09	1.2131327887312008e-13	1.2025324899253959e-12	1.2395507451220188e-17	9.111994146820344e-08
0.092	1.745299828211e-13	9.353889909407062e-09	1.2184244691539787e-13	1.2077778800246488e-12	1.2449577114664688e-17	9.151699476485585e-08
0.0922	1.7567051435739086e-13	9.415004420016993e-09	1.2237276653597657e-13	1.2130346848310672e-12	1.2503764448120825e-17	9.191490944607717e-08
0.09240000000000001	1.768160031213938e-13	9.476384455681698e-09	1.2290423773468764e-13	1.218302904341512e-12	1.2558069451585826e-17	9.231368550009657e-08
0.0926	1.7796645985592202e-13	9.5380305911429e-09	1.2343686051136277e-13	1.2235825385528426e-12	1.2612492125056913e-17	9.271332291514344e-08
0.09280000000000001	1.7912189530374393e-13	9.599943401136991e-09	1.2397063486583364e-13	1.2288735874619207e-12	1.266703246853133e-17	9.311382167944725e-08
0.093	1.8028232020758265e-13	9.662123460395011e-09	1.2450556079793178e-13	1.2341760510656062e-12	1.2721690482006292e-17	9.351518178123755e-08
0.0932	1.8144774531011674e-13	9.724571343642693e-09	1.25041638307489e-13	1.2394899293607604e-12	1.2776466165479042e-17	9.391740320874408e-08
0.09340000000000001	1.8261818135397956e-13	9.787287625600394e-09	1.255788673943368e-13	1.2448152223442434e-12	1.2831359518946803e-17	9.432048595019661e-08
0.0936	1.8379363908175924e-13	9.850272880983144e-09	1.2611724805830683e-13	1.2501519300129158e-12	1.2886370542406801e-17	9.472442999382495e-08
0.09380000000000001	1.8497412923599947e-13	9.913527684500637e-09	1.2665678029923076e-13	1.2555000523636386e-12	1.2941499235856275e-17	9.512923532785924e-08
0.094	1.8615966255919851e-13	9.97705261085723e-09	1.2719746411694024e-13	1.260859589393272e-12	1.2996745599292443e-17	9.55349019405295e-08
0.0942	1.8735024979381006e-13	1.004084823475194e-08	1.2773929951126686e-13	1.266230541098677e-12	1.3052109632712547e-17	9.594142982006598e-08
0.0944	1.8854590168224252e-13	1.0104915130878433e-08	1.282822864820423e-13	1.2716129074767138e-12	1.3107591336113805e-17	9.634881895469899e-08
0.0946	1.8974662896685966e-13	1.0169253873925048e-08	1.2882642502909819e-13	1.2770066885242432e-12	1.3163190709493458e-17	9.675706933265902e-08
0.09480000000000001	1.9095244238997972e-13	1.023386503857479e-08	1.293717151522661e-13	1.2824118842381262e-12	1.321890775284873e-17	9.716618094217653e-08
0.095	1.9216335269387646e-13	1.02987491995053e-08	1.2991815685137776e-13	1.2878284946152226e-12	1.3274742466176848e-17	9.757615377148217e-08
0.0952	1.9337937062077873e-13	1.0363906931388905e-08	1.304657501262648e-13	1.2932565196523936e-12	1.3330694849475049e-17	9.798698780880677e-08
0.0954	1.9460050691286973e-13	1.0429338808892583e-08	1.310144949767588e-13	1.2986959593464995e-12	1.3386764902740554e-17	9.83986830423811e-08
0.0956	1.9582677231228876e-13	1.0495045406677982e-08	1.3156439140269137e-13	1.3041468136944014e-12	1.3442952625970598e-17	9.881123946043621e-08
0.09580000000000001	1.9705817756112917e-13	1.0561027299401394e-08	1.3211543940389433e-13	1.3096090826929598e-12	1.3499258019162414e-17	9.922465705120312e-08
0.096	1.9829473340143989e-13	1.0627285061713773e-08	1.326676389801991e-13	1.3150827663390343e-12	1.3555681082313219e-17	9.963893580291305e-08
0.09620000000000001	1.995364505752248e-13	1.0693819268260756e-08	1.3322099013143738e-13	1.320567864629487e-12	1.361222181542026e-17	1.0005407570379724e-07
0.0964	2.0078333982444233e-13	1.0760630493682619e-08	1.3377549285744088e-13	1.3260643775611776e-12	1.366888021848075e-17	1.004700767420871e-07
0.0966	2.0203541189100695e-13	1.0827719312614317e-08	1.3433114715804117e-13	1.3315723051309673e-12	1.3725656291491932e-17	1.0088693890601415e-07
0.09680000000000001	2.0329267751678717e-13	1.0895086299685442e-08	1.3488795303307e-13	1.3370916473357161e-12	1.3782550034451031e-17	1.0130466218381001e-07
0.097	2.0455514744360702e-13	1.0962732029520269e-08	1.354459104823588e-13	1.3426224041722848e-12	1.3839561447355271e-17	1.0172324656370635e-07
0.09720000000000001	2.0582283241324568e-13	1.1030657076737732e-08	1.3600501950573937e-13	1.3481645756375347e-12	1.389669053020189e-17	1.0214269203393502e-07
0.0974	2.0709574316743674e-13	1.1098862015951407e-08	1.3656528010304322e-13	1.353718161728325e-12	1.3953937282988112e-17	1.0256299858272799e-07
0.0976	2.0837389044786952e-13	1.1167347421769552e-08	1.3712669227410214e-13	1.3592831624415182e-12	1.4011301705711172e-17	1.0298416619831724e-07
0.0978	2.09657284996188e-13	1.123611386879508e-08	1.3768925601874768e-13	1.3648595777739725e-12	1.4068783798368292e-17	1.0340619486893492e-07
0.098	2.1094593755399136e-13	1.1305161931625571e-08	1.382529713368115e-13	1.370447407722551e-12	1.4126383560956712e-17	1.0382908458281334e-07
0.09820000000000001	2.1223985886283384e-13	1.1374492184853255e-08	1.388178382281253e-13	1.3760466522841131e-12	1.4184100993473655e-17	1.0425283532818482e-07
0.0984	2.1353905966422436e-13	1.1444105203065015e-08	1.393838566925205e-13	1.3816573114555191e-12	1.4241936095916345e-17	1.0467744709328179e-07
0.09860000000000001	2.1484355069962716e-13	1.1514001560842421e-08	1.39951026729829e-13	1.3872793852336303e-12	1.4299888868282027e-17	1.0510291986633689e-07
0.0988	2.1615334271046162e-13	1.158418183276169e-08	1.405193483398822e-13	1.3929128736153071e-12	1.4357959310567916e-17	1.0552925363558276e-07
0.099	2.174684464381021e-13	1.1654646593393713e-08	1.41088821522512e-13	1.3985577765974101e-12	1.4416147422771253e-17	1.059564483892522e-07
0.09920000000000001	2.187888726238776e-13	1.1725396417304011e-08	1.4165944627754983e-13	1.4042140941768002e-12	1.4474453204889263e-17	1.0638450411557812e-07
0.0994	2.2011463200907264e-13	1.1796431879052805e-08	1.4223122260482742e-13	1.409881826350337e-12	1.453287665691917e-17	1.0681342080279344e-07
0.09960000000000001	2.2144573533492656e-13	1.1867753553194953e-08	1.428041505041763e-13	1.4155609731148829e-12	1.4591417778858214e-17	1.072431984391314e-07
0.0998	2.227821933426338e-13	1.193936201427998e-08	1.4337822997542818e-13	1.4212515344672969e-12	1.465007657070361e-17	1.0767383701282512e-07
0.1	2.2412401677334394e-13	1.2011257836852074e-08	1.4395346101841482e-13	1.42695351040444e-12	1.4708853032452607e-17	1.0810533651210796e-07
0.10020000000000001	2.254712163681612e-13	1.2083441595450096e-08	1.445298436329677e-13	1.4326669009231742e-12	1.476774716410242e-17	1.0853769692521335e-07
