0.0	0.0	0.0	0.0	0.0	0.0	0.0
0.0002	3.165755321565181e-22	1.6976702293615088e-17	1.0161667883551196e-19	1.007307379526357e-18	1.0382760446193584e-23	7.648292990342965e-14
0.0004	2.5326016087784893e-21	1.3581330341915635e-16	4.0646669553372884e-19	4.029229148733755e-18	4.153104145885322e-23	3.0593032901815354e-13
0.0006000000000000001	8.547521491038164e-21	4.583688361541627e-16	9.145500203821743e-19	9.065764753564762e-18	9.344484254909725e-23	6.883401114650461e-13
0.0008	2.02607704947159e-20	1.0865013884945473e-15	1.6258666236683751e-18	1.611691363996204e-17	1.6612416322804396e-22	1.223710191383944e-12
0.001	3.957177599022096e-20	2.1220681036600757e-15	2.5404164756798605e-18	2.5182675253868365e-17	2.595690030068118e-22	1.9120384829336463e-12
0.0012000000000000001	6.837995740261224e-20	3.666925180099843e-15	3.658199546704163e-18	3.6263049041226624e-17	3.7377936139651903e-22	2.753322900291916e-12
0.0014	1.0858472621161906e-19	5.822927871497746e-15	4.979215807028817e-18	4.935803444797974e-17	5.087552379082841e-22	3.7475613576554736e-12
0.0016	1.6208548595166204e-19	8.691930486777969e-15	6.5034652269413636e-18	6.446763092007084e-17	6.64496632053225e-22	4.894751769240008e-12
0.0018000000000000002	2.307816322118737e-19	1.2375786390110456e-14	8.230947776729343e-18	8.159183790344308e-17	8.410035433424609e-22	6.1948920492801655e-12
0.002	3.165725526361192e-19	1.6976348000916374e-14	1.0161663426680294e-17	1.0073065484403973e-16	1.0382759712871094e-21	7.64798011202955e-12
0.0022	4.2135762692301727e-19	2.2595466793873635e-14	1.2295612147081774e-17	1.2188408118780416e-16	1.2563139153982892e-21	9.254013871760741e-12
0.0024000000000000002	5.470362268259613e-19	2.9334993298922296e-14	1.4632793908221316e-17	1.4505211638067996e-16	1.4951173751871188e-21	1.1012991242765264e-11
0.0026000000000000003	6.955077161531395e-19	3.729677710127012e-14	1.7173208680386494e-17	1.7023475986861055e-16	1.754686350164716e-21	1.2924910139353617e-11
0.0028	8.686714507675548e-19	4.658266684139799e-14	1.991685643386484e-17	1.9743201109753963e-16	2.0350208398422005e-21	1.498976847585524e-11
0.003	1.0684267785870493e-18	5.729451021506544e-14	2.2863737138943934e-17	2.266438695134111e-16	2.3361208437306895e-21	1.7207564166618568e-11
0.0032	1.2966730395843198e-18	6.953415397331602e-14	2.6013850765911326e-17	2.578703345621688e-16	2.6579863613413016e-21	1.9578295126010966e-11
0.0034000000000000002	1.5553095657869438e-18	8.3403443922483e-14	2.9367197285054585e-17	2.9111140568975666e-16	3.000617392185157e-21	2.210195926841877e-11
0.0036000000000000003	1.8462356812773947e-18	9.900422492419455e-14	3.2923776666661285e-17	3.263670823421189e-16	3.3640139357733713e-21	2.477855450824728e-11
0.0038	2.1713507021930674e-18	1.1643834089537942e-13	3.6683588881018956e-17	3.636373639651996e-16	3.748175991617063e-21	2.760807875992075e-11
0.004	2.532553936726299e-18	1.358076348082724e-13	4.0646633898415225e-17	4.02922250004943e-16	4.1531035592273544e-21	3.05905299378824e-11
0.004200000000000001	2.931744685124384e-18	1.5721394869041986e-13	4.481291168913765e-17	4.442217399072939e-16	4.57879663811536e-21	3.372590595659441e-11
0.0044	3.3708222396896e-18	1.807591236246847e-13	4.91824222234738e-17	4.875358331181959e-16	5.0252552277922e-21	3.7014204730537916e-11
0.0046	3.8516858847792304e-18	2.0654499974925273e-13	5.375516547171125e-17	5.328645290835946e-16	5.49247932776899e-21	4.0455424174213e-11
0.0048000000000000004	4.376234896805581e-18	2.346734162576376e-13	5.853114140413759e-17	5.802078272494343e-16	5.980468937556857e-21	4.404956220213875e-11
0.005	4.946368544235998e-18	2.6524621139868605e-13	6.351034999104043e-17	6.295657270616595e-16	6.48922405666691e-21	4.7796616728853146e-11
0.005200000000000001	5.563986087592898e-18	2.98365222476584e-13	6.869279120270735e-17	6.809382279662156e-16	7.01874468461027e-21	5.169658566891321e-11
0.0054	6.230986779453776e-18	3.341322858508616e-13	7.407846500942591e-17	7.343253294090471e-16	7.569030820898058e-21	5.574946693689482e-11
0.0056	6.949269864451244e-18	3.7264923693639854e-13	7.966737138148372e-17	7.897270308360995e-16	8.140082465041393e-21	5.995525844739291e-11
0.0058000000000000005	7.72073457927304e-18	4.140179102034305e-13	8.545951028916845e-17	8.471433316933182e-16	8.731899616551387e-21	6.431395811502136e-11
0.006	8.547280152662034e-18	4.583401391775529e-13	9.14548817027676e-17	9.065742314266477e-16	9.344482274939167e-21	6.882556385441289e-11
0.006200000000000001	9.430805805416287e-18	5.057177564397285e-13	9.765348559256885e-17	9.680197294820345e-16	9.977830439715849e-21	7.349007358021935e-11
0.0064	1.0373210750389035e-17	5.56252593626291e-13	1.0405532192885974e-16	1.031479825305423e-15	1.0631944110392546e-20	7.830748520711142e-11
0.0066	1.1376394192488734e-17	6.100464814289517e-13	1.1066039068192791e-16	1.0969545183427596e-15	1.130682328648038e-20	8.327779664977882e-11
0.0068000000000000005	1.2442255328679068e-17	6.672012495948046e-13	1.1746869182206103e-16	1.1644438080399896e-15	1.2002467967490477e-20	8.84010058229302e-11
0.007	1.357269334797896e-17	7.278187269263313e-13	1.2448022531954664e-16	1.2339476938430592e-15	1.271887815293394e-20	9.367711064129315e-11
0.007200000000000001	1.476960743146263e-17	7.92000741281408e-13	1.316949911446724e-16	1.3054661751979141e-15	1.3456053842321906e-20	9.910610901961423e-11
0.0074	1.6034896752259568e-17	8.598491195733085e-13	1.3911298926772587e-16	1.3789992515505e-15	1.421399503516548e-20	1.0468799887265894e-10
0.0076	1.737046047555461e-17	9.31465687770713e-13	1.4673421965899473e-16	1.4545469223467639e-15	1.499270173097578e-20	1.1042277811521178e-10
0.0078000000000000005	1.8778197758587885e-17	1.0069522708977106e-12	1.5455868228876667e-16	1.532109187032651e-15	1.5792173929263938e-20	1.1631044466207621e-10
0.008	2.0260007750654908e-17	1.0864106930338056e-12	1.6258637712732917e-16	1.611686045054108e-15	1.6612411629541057e-20	1.2235099642807455e-10
0.0082	2.1817789593106562e-17	1.169942777313925e-12	1.7081730414497e-16	1.6932774958570818e-15	1.7453414831318266e-20	1.2854443132804823e-10
0.008400000000000001	2.3453442419349126e-17	1.257650345928421e-12	1.7925146331197674e-16	1.776883538887519e-15	1.831518353410668e-20	1.348907472768575e-10
0.0086	2.5168865354844286e-17	1.349635220123076e-12	1.8788885459863698e-16	1.862504173591364e-15	1.9197717737417418e-20	1.4138994218938163e-10
0.0088	2.6965957517109214e-17	1.445999220199114e-12	1.9672947797523852e-16	1.9501393994145665e-15	2.01010174407616e-20	1.4804201398051886e-10
0.009000000000000001	2.884661801571648e-17	1.5468441655131995e-12	2.0577333341206878e-16	2.0397892158030735e-15	2.102508264365034e-20	1.5484696056518634e-10
0.0092	3.081274595229417e-17	1.6522718744774434e-12	2.1502042087941554e-16	2.1314536222028283e-15	2.196991334559475e-20	1.6180477985832021e-10
0.0094	3.286624042052587e-17	1.762384164559416e-12	2.2447074034756654e-16	2.2251326180597807e-15	2.2935509546105976e-20	1.689154697748756e-10
0.009600000000000001	3.500900050615066e-17	1.8772828522821407e-12	2.341242917868092e-16	2.3208262028198785e-15	2.3921871244695116e-20	1.761790282298265e-10
0.0098	3.72429252869632e-17	1.9970697532241097e-12	2.4398107516743136e-16	2.4185343759290662e-15	2.4928998440873287e-20	1.8359545313816591e-10
0.01	3.956991383281371e-17	2.121846682019285e-12	2.540410904597207e-16	2.518257136833294e-15	2.5956891134151613e-20	1.9116474241490586e-10
0.0102	4.1991865205607957e-17	2.2517154523571027e-12	2.6430433763396474e-16	2.6199944849785077e-15	2.700554932404121e-20	1.9888689397507715e-10
0.010400000000000001	4.451067845930736e-17	2.3867778769824818e-12	2.747708166604513e-16	2.723746419810655e-15	2.80749730100532e-20	2.0676190573372983e-10
0.0106	4.712825263992889e-17	2.5271357676958272e-12	2.854405275094677e-16	2.829512940775683e-15	2.9165162191698703e-20	2.1478977560593244e-10
0.0108	4.9846486785545296e-17	2.6728909353530362e-12	2.963134701513022e-16	2.9372940473195415e-15	3.027611686848884e-20	2.22970501506773e-10
0.011000000000000001	5.266727992628488e-17	2.8241451898655038e-12	3.073896445562421e-16	3.0470897388881767e-15	3.1407837039934726e-20	2.3130408135135824e-10
0.0112	5.559253108433164e-17	2.9810003402001264e-12	3.1866905069457495e-16	3.1589000149275365e-15	3.256032270554747e-20	2.3979051305481363e-10
0.0114	5.862413927392537e-17	3.143558194379314e-12	3.301516885365887e-16	3.2727248748835692e-15	3.373357386483819e-20	2.4842979453228417e-10
0.011600000000000001	6.176400350136148e-17	3.3119205594809865e-12	3.418375580525711e-16	3.3885643182022246e-15	3.492759051731803e-20	2.572219236989331e-10
0.0118	6.501402276499117e-17	3.486189241638581e-12	3.5372665921280945e-16	3.506418344329448e-15	3.6142372662498086e-20	2.66166898469943e-10
0.012	6.837609605522152e-17	3.666466046041067e-12	3.658189919875918e-16	3.626286952711189e-15	3.737792029988949e-20	2.7526471676051575e-10
0.0122	7.185212235451523e-17	3.852852776932937e-12	3.7811455634720557e-16	3.7481701427933986e-15	3.863423342900336e-20	2.8451537648587145e-10
0.012400000000000001	7.54440006373909e-17	4.045451237614228e-12	3.9061335226193883e-16	3.872067914022021e-15	3.9911312049350807e-20	2.9391887556124965e-10
0.0126	7.915362987042292e-17	4.24436323044051e-12	4.0331537970207885e-16	3.997980265843007e-15	4.1209156160442925e-20	3.034752119019087e-10
0.0128	8.298290901224168e-17	4.449690556822901e-12	4.1622063863791353e-16	4.125907197702305e-15	4.252776576179089e-20	3.131843834231259e-10
0.013000000000000001	8.693373701353326e-17	4.661535017228078e-12	4.293291290397306e-16	4.255848709045865e-15	4.3867140852905796e-20	3.230463880401976e-10
0.0132	9.100801281703972e-17	4.879998411178269e-12	4.4264085087781767e-16	4.387804799319635e-15	4.5227281433298724e-20	3.330612236684389e-10
0.0134	9.520763535755901e-17	5.105182537251272e-12	4.561558041224626e-16	4.5217754679695635e-15	4.6608187502480856e-20	3.4322888822318413e-10
0.013600000000000001	9.953450356194507e-17	5.337189193080447e-12	4.69873988743953e-16	4.6577607144416e-15	4.800985905996328e-20	3.535493796197864e-10
0.013800000000000002	1.0399051634910773e-16	5.576120175354732e-12	4.837954047125766e-16	4.7957605381816965e-15	4.943229610525709e-20	3.6402269577361784e-10
0.014	1.0857757263001278e-16	5.82207727981864e-12	4.979200519986211e-16	4.935774938635798e-15	5.087549863787343e-20	3.7464883460006926e-10
0.0142	1.1329757130768218e-16	6.07516230127228e-12	5.122479305723742e-16	5.0778039152498566e-15	5.233946665732345e-20	3.8542779401455087e-10
0.014400000000000001	1.1815241127719373e-16	6.335477033571342e-12	5.267790404041238e-16	5.221847467469821e-15	5.382420016311823e-20	3.9635957193249167e-10
0.0146	1.2314399142568128e-16	6.603123269627112e-12	5.415133814641571e-16	5.367905594741642e-15	5.532969915476887e-20	4.074441662693393e-10
0.0148	1.282742106323349e-16	6.878202801406487e-12	5.564509537227626e-16	5.515978296511265e-15	5.685596363178653e-20	4.186815749405609e-10
0.015000000000000001	1.3354496776840064e-16	7.160817419931965e-12	5.715917571502276e-16	5.666065572224647e-15	5.840299359368232e-20	4.300717958616423e-10
0.0152	1.3895816169718055e-16	7.45106891528165e-12	5.869357917168397e-16	5.8181674213277335e-15	5.997078903996734e-20	4.416148269480878e-10
0.0154	1.44515691274033e-16	7.749059076589277e-12	6.024830573928869e-16	5.972283843266476e-15	6.155934997015274e-20	4.5331066611542165e-10
0.015600000000000001	1.5021945534637233e-16	8.054889692044199e-12	6.182335541486571e-16	6.128414837486822e-15	6.316867638374962e-20	4.651593112791863e-10
0.0158	1.560713527536692e-16	8.368662548891395e-12	6.341872819544376e-16	6.2865604034347265e-15	6.479876828026909e-20	4.771607603549434e-10
0.016	1.6207328232745027e-16	8.690479433431479e-12	6.503442407805163e-16	6.446720540556135e-15	6.644962565922228e-20	4.893150112582733e-10
0.0162	1.6822714289129857e-16	9.020442131020709e-12	6.667044305971809e-16	6.608895248297e-15	6.81212485201203e-20	5.016220619047757e-10
0.0164	1.7453483326085352e-16	9.358652426070996e-12	6.832678513747196e-16	6.773084526103275e-15	6.981363686247429e-20	5.140819102100693e-10
0.0166	1.8099825224381025e-16	9.705212102049876e-12	7.000345030834193e-16	6.939288373420908e-15	7.152679068579534e-20	5.266945540897911e-10
0.016800000000000002	1.8761929863992075e-16	1.0060222941480576e-11	7.170043856935688e-16	7.10750678969585e-15	7.326070998959462e-20	5.394599914595978e-10
0.017	1.9439987124099277e-16	1.0423786725941949e-11	7.341774991754551e-16	7.277739774374049e-15	7.501539477338318e-20	5.523782202351646e-10
0.0172	2.0134186883089085e-16	1.0796005236068545e-11	7.515538434993661e-16	7.449987326901457e-15	7.679084503667217e-20	5.654492383321856e-10
0.017400000000000002	2.0844719018553572e-16	1.1176980251550578e-11	7.6913341863559e-16	7.624249446724033e-15	7.858706077897273e-20	5.786730436663744e-10
0.0176	2.1571773407290409e-16	1.1566813551133925e-11	7.869162245544141e-16	7.800526133287717e-15	8.040404199979595e-20	5.920496341534626e-10
0.0178	2.231553992530297e-16	1.1965606912620168e-11	8.049022612261257e-16	7.978817386038468e-15	8.224178869865295e-20	6.055790077092017e-10
0.018000000000000002	2.30762084478002e-16	1.2373462112866578e-11	8.230915286210138e-16	8.159123204422238e-15	8.41003008750549e-20	6.192611622493622e-10
0.0182	2.385396884919675e-16	1.2790480927786094e-11	8.414840267093655e-16	8.34144358788497e-15	8.597957852851284e-20	6.330960956897326e-10
0.0184	2.464901100311285e-16	1.3216765132347383e-11	8.600797554614685e-16	8.52577853587262e-15	8.787962165853789e-20	6.470838059461206e-10
0.018600000000000002	2.546152478237445e-16	1.3652416500574821e-11	8.788787148476108e-16	8.712128047831145e-15	8.980043026464129e-20	6.612242909343539e-10
0.0188	2.6291700059013066e-16	1.409753680554846e-11	8.978809048380801e-16	8.900492123206488e-15	9.174200434633402e-20	6.755175485702775e-10
0.019	2.7139726704265915e-16	1.45522278194041e-11	9.170863254031639e-16	9.090870761444608e-15	9.370434390312726e-20	6.899635767697568e-10
0.019200000000000002	2.800579458857589e-16	1.5016591313333266e-11	9.364949765131506e-16	9.283263961991457e-15	9.568744893453216e-20	7.045623734486758e-10
0.0194	2.889009358159146e-16	1.549072905758319e-11	9.56106858138328e-16	9.477671724292978e-15	9.769131944005976e-20	7.193139365229366e-10
0.0196	2.9792813552166813e-16	1.597474282145684e-11	9.75921970248983e-16	9.674094047795133e-15	9.971595541922123e-20	7.342182639084611e-10
0.0198	3.071414436836178e-16	1.6468734373312945e-11	9.959403128154044e-16	9.872530931943872e-15	1.0176135687152772e-19	7.492753535211903e-10
0.02	3.1654275897441836e-16	1.6972805480565952e-11	1.0161618858078793e-15	1.0072982376185145e-14	1.0382752379649025e-19	7.644852032770831e-10
0.020200000000000003	3.2613398005878134e-16	1.748705790968607e-11	1.0365866891966962e-15	1.0275448379964906e-14	1.0591445619362e-19	7.798478110921186e-10
0.0204	3.359170055934749e-16	1.8011593426199246e-11	1.0572147229521418e-15	1.0479928942729112e-14	1.0802215406242812e-19	7.953631748822938e-10
0.0206	3.458937342273237e-16	1.8546513794687226e-11	1.078045987044505e-15	1.0686424063923704e-14	1.1015061740242564e-19	8.110312925636256e-10
0.020800000000000003	3.560660646012096e-16	1.909192077878749e-11	1.0990804814440736e-15	1.0894933742994647e-14	1.122998462131238e-19	8.26852162052149e-10
0.021	3.6643589534807037e-16	1.9647916141193285e-11	1.1203182061211348e-15	1.1105457979387887e-14	1.1446984049403363e-19	8.428257812639183e-10
0.0212	3.770051250929009e-16	2.0214601643653666e-11	1.1417591610459761e-15	1.1317996772549376e-14	1.166606002446663e-19	8.589521481150066e-10
0.021400000000000002	3.877756524527535e-16	2.0792079046973443e-11	1.1634033461888869e-15	1.1532550121925075e-14	1.1887212546453289e-19	8.75231260521507e-10
0.0216	3.987493760367358e-16	2.138045011101322e-11	1.1852507615201532e-15	1.174911802696093e-14	1.211044161531445e-19	8.916631163995295e-10
0.0218	4.099281944460133e-16	2.197981659468939e-11	1.207301407010064e-15	1.1967700487102896e-14	1.233574723100123e-19	9.082477136652052e-10
0.022000000000000002	4.213140062738085e-16	2.2590280255974175e-11	1.229555282628907e-15	1.2188297501796932e-14	1.2563129393464743e-19	9.249850502346825e-10
0.0222	4.3290871010539956e-16	2.321194285189555e-11	1.2520123883469698e-15	1.2410909070488985e-14	1.2792588102656092e-19	9.418751240241293e-10
0.0224	4.447142045181227e-16	2.3844906138537343e-11	1.2746727241345399e-15	1.2635535192625007e-14	1.3024123358526394e-19	9.58917932949733e-10
0.022600000000000002	4.567323880813702e-16	2.4489271871039196e-11	1.2975362899619062e-15	1.2862175867650958e-14	1.3257735161026756e-19	9.761134749276994e-10
0.0228	4.689651593565917e-16	2.514514180359652e-11	1.320603085799355e-15	1.3090831095012785e-14	1.3493423510108302e-19	9.934617478742535e-10
0.023	4.814144168972934e-16	2.5812617689460615e-11	1.3438731116171754e-15	1.332150087415645e-14	1.373118840572213e-19	1.010962749705638e-09
0.023200000000000002	4.940820592490391e-16	2.6491801280938605e-11	1.3673463673856553e-15	1.3554185204527906e-14	1.3971029847819367e-19	1.0286164783381174e-09
0.0234	5.069699849494485e-16	2.7182794329393392e-11	1.3910228530750813e-15	1.3788884085573097e-14	1.4212947836351114e-19	1.0464229316879717e-09
0.0236	5.200800925281988e-16	2.7885698585243778e-11	1.4149025686557427e-15	1.4025597516737988e-14	1.445694237126848e-19	1.0643821076715024e-09
0.0238	5.334142805070253e-16	2.8600615797964402e-11	1.4389855140979263e-15	1.4264325497468528e-14	1.4703013452522592e-19	1.0824940042050294e-09
0.024	5.469744473997178e-16	2.932764771608577e-11	1.4632716893719207e-15	1.4505068027210672e-14	1.4951161080064546e-19	1.1007586192048903e-09
0.024200000000000003	5.607624917121256e-16	3.006689608719419e-11	1.4877610944480139e-15	1.474782510541038e-14	1.5201385253845463e-19	1.1191759505874432e-09
0.0244	5.747803119421538e-16	3.08184626579319e-11	1.5124537292964917e-15	1.4992596731513605e-14	1.5453685973816449e-19	1.1377459962690642e-09
0.0246	5.890298065797649e-16	3.1582449173996984e-11	1.537349593887645e-15	1.5239382904966287e-14	1.5708063239928617e-19	1.1564687541661486e-09
0.024800000000000003	6.035128741069784e-16	3.235895738014337e-11	1.5624486881917604e-15	1.5488183625214406e-14	1.5964517052133087e-19	1.175344222195111e-09
0.025	6.18231412997871e-16	3.314808902018092e-11	1.5877510121791251e-15	1.5738998891703892e-14	1.622304741038096e-19	1.1943723982723843e-09
0.0252	6.33187321718576e-16	3.3949945836975365e-11	1.6132565658200278e-15	1.599182870388072e-14	1.6483654314623347e-19	1.213553280314421e-09
0.025400000000000002	6.483824987272858e-16	3.476462957244829e-11	1.6389653490847558e-15	1.624667306119084e-14	1.6746337764811378e-19	1.2328868662376924e-09
0.0256	6.638188424742468e-16	3.559224196757723e-11	1.6648773619435971e-15	1.6503531963080196e-14	1.7011097760896146e-19	1.2523731539586877e-09
0.0258	6.794982514017654e-16	3.643288476239559e-11	1.6909926043668401e-15	1.6762405408994752e-14	1.727793430282877e-19	1.2720121413939166e-09
0.026000000000000002	6.95422623944204e-16	3.728665969599272e-11	1.7173110763247725e-15	1.7023293398380472e-14	1.7546847390560366e-19	1.2918038264599072e-09
0.0262	7.115938585279825e-16	3.815366850651383e-11	1.7438327777876819e-15	1.72861959306833e-14	1.7817837024042033e-19	1.311748207073206e-09
0.0264	7.280138535715779e-16	3.903401293116007e-11	1.7705577087258563e-15	1.7551113005349187e-14	1.8090903203224895e-19	1.331845281150379e-09
0.026600000000000002	7.446845074855244e-16	3.9927794706188566e-11	1.7974858691095842e-15	1.7818044621824104e-14	1.8366045928060067e-19	1.3520950466080115e-09
0.0268	7.616077186724141e-16	4.0835115566912274e-11	1.8246172589091522e-15	1.8086990779553995e-14	1.8643265198498649e-19	1.372497501362706e-09
0.027	7.787853855268953e-16	4.1756077247700175e-11	1.851951878094849e-15	1.8357951477984823e-14	1.8922561014491754e-19	1.3930526433310863e-09
0.027200000000000002	7.962194064356757e-16	4.269078148197717e-11	1.8794897266369634e-15	1.8630926716562534e-14	1.9203933375990505e-19	1.4137604704297936e-09
0.0274	8.139116797775173e-16	4.363933000222405e-11	1.9072308045057817e-15	1.8905916494733096e-14	1.9487382282946e-19	1.4346209805754886e-09
0.027600000000000003	8.318641039232432e-16	4.4601824539977655e-11	1.935175111671593e-15	1.9182920811942465e-14	1.977290773530936e-19	1.4556341716848511e-09
0.027800000000000002	8.500785772357299e-16	4.557836682583068e-11	1.9633226481046844e-15	1.946193966763659e-14	2.0060509733031694e-19	1.4768000416745788e-09
0.028	8.685569980699148e-16	4.656905858943185e-11	1.991673413775344e-15	1.974297306126143e-14	2.0350188276064118e-19	1.4981185884613894e-09
0.028200000000000003	8.87301264772791e-16	4.7574001559485876e-11	2.02022740865386e-15	2.0026020992262948e-14	2.0641943364357745e-19	1.5195898099620197e-09
0.0284	9.063132756834093e-16	4.8593297463753357e-11	2.04898463271052e-15	2.0311083460087085e-14	2.0935774997863678e-19	1.541213704093224e-09
0.0286	9.25594929132878e-16	4.9627048029050935e-11	2.0779450859156126e-15	2.059816046417981e-14	2.1231683176533027e-19	1.5629902687717774e-09
0.028800000000000003	9.451481234443633e-16	5.067535498125127e-11	2.1071087682394256e-15	2.088725200398708e-14	2.1529667900316925e-19	1.5849195019144735e-09
0.029	9.649747569330884e-16	5.173832004528291e-11	2.1364756796522456e-15	2.117835807895485e-14	2.1829729169166455e-19	1.6070014014381231e-09
0.0292	9.85076727906334e-16	5.281604494513047e-11	2.166045820124361e-15	2.1471478688529077e-14	2.213186698303275e-19	1.6292359652595579e-09
0.029400000000000003	1.0054559346634401e-15	5.3908631403834586e-11	2.195819189626062e-15	2.176661383215571e-14	2.243608134186692e-19	1.6516231912956284e-09
0.0296	1.0261142754958007e-15	5.5016181143491816e-11	2.2257957881276343e-15	2.2063763509280715e-14	2.2742372245620067e-19	1.6741630774632023e-09
0.0298	1.0470536486868715e-15	5.613879588525482e-11	2.2559756155993655e-15	2.2362927719350053e-14	2.3050739694243307e-19	1.6968556216791688e-09
0.030000000000000002	1.0682759525121635e-15	5.727657734933224e-11	2.2863586720115454e-15	2.2664106461809685e-14	2.3361183687687757e-19	1.7197008218604341e-09
0.0302	1.089783085239245e-15	5.842962725498868e-11	2.31694495733446e-15	2.296729973610555e-14	2.367370422590452e-19	1.7426986759239237e-09
0.0304	1.1115769451277438e-15	5.95980473205449e-11	2.3477344715383986e-15	2.3272507541683623e-14	2.3988301308844714e-19	1.7658491817865825e-09
0.030600000000000002	1.1336594304293437e-15	6.078193926337761e-11	2.3787272145936495e-15	2.3579729877989853e-14	2.4304974936459455e-19	1.789152337365375e-09
0.0308	1.1560324393877875e-15	6.198140479991954e-11	2.409923186470499e-15	2.3888966744470197e-14	2.4623725108699843e-19	1.8126081405772821e-09
0.031	1.1786978702388742e-15	6.319654564565952e-11	2.4413223871392365e-15	2.4200218140570614e-14	2.4944551825517e-19	1.8362165893393069e-09
0.031200000000000002	1.2016576212104628e-15	6.442746351514244e-11	2.4729248165701502e-15	2.4513484065737065e-14	2.5267455086862046e-19	1.8599776815684693e-09
0.031400000000000004	1.224913590522468e-15	6.56742601219692e-11	2.5047304747335266e-15	2.4828764519415516e-14	2.5592434892686077e-19	1.883891415181809e-09
0.0316	1.2484676763868634e-15	6.693703717879672e-11	2.536739361599654e-15	2.5146059501051903e-14	2.59194912429402e-19	1.9079577880963828e-09
0.0318	1.272321777007679e-15	6.821589639733811e-11	2.568951477138821e-15	2.5465369010092205e-14	2.624862413757554e-19	1.93217679822927e-09
0.032	1.2964777905810062e-15	6.951093948836246e-11	2.6013668213213153e-15	2.578669304598237e-14	2.6579833576543207e-19	1.9565484434975652e-09
0.0322	1.3209376152949898e-15	7.0822268161695e-11	2.6339853941174253e-15	2.611003160816836e-14	2.6913119559794306e-19	1.981072721818385e-09
0.0324	1.345703149329835e-15	7.214998412621696e-11	2.6668071954974385e-15	2.643538469609614e-14	2.7248482087279963e-19	2.0057496311088623e-09
0.032600000000000004	1.3707762908578058e-15	7.34941890898658e-11	2.6998322254316437e-15	2.6762752309211662e-14	2.758592115895128e-19	2.0305791692861523e-09
0.0328	1.3961589380432212e-15	7.485498475963485e-11	2.7330604838903273e-15	2.7092134446960882e-14	2.792543677475937e-19	2.055561334267424e-09
0.033	1.4218529890424602e-15	7.623247284157377e-11	2.7664919708437776e-15	2.742353110878977e-14	2.826702893465534e-19	2.08069612396987e-09
0.0332	1.4478603420039589e-15	7.762675504078816e-11	2.8001266862622838e-15	2.775694229414427e-14	2.8610697638590314e-19	2.1059835363107003e-09
0.0334	1.4741828950682127e-15	7.903793306143983e-11	2.8339646301161337e-15	2.809236800247035e-14	2.8956442886515397e-19	2.1314235692071425e-09
0.033600000000000005	1.5008225463677745e-15	8.046610860674676e-11	2.8680058023756158e-15	2.8429808233213974e-14	2.9304264678381707e-19	2.1570162205764466e-09
0.033800000000000004	1.527781194027253e-15	8.191138337898281e-11	2.9022502030110163e-15	2.8769262985821084e-14	2.965416301414034e-19	2.182761488335877e-09
0.034	1.5550607361633181e-15	8.337385907947819e-11	2.9366978319926238e-15	2.911073225973766e-14	3.0006137893742426e-19	2.208659370402721e-09
0.0342	1.5826630708846967e-15	8.48536374086192e-11	2.9713486892907268e-15	2.9454216054409644e-14	3.0360189317139065e-19	2.2347098646942812e-09
0.0344	1.6105900962921725e-15	8.635082006584824e-11	3.0062027748756125e-15	2.979971436928301e-14	3.0716317284281373e-19	2.2609129691278824e-09
0.0346	1.6388437104785894e-15	8.786550874966384e-11	3.0412600887175705e-15	3.0147227203803714e-14	3.107452179512046e-19	2.287268681620867e-09
0.034800000000000005	1.6674258115288494e-15	8.939780515762082e-11	3.0765206307868884e-15	3.0496754557417724e-14	3.1434802849607443e-19	2.313777000090597e-09
0.035	1.6963382975199096e-15	9.094781098632987e-11	3.1119844010538524e-15	3.0848296429570975e-14	3.179716044769343e-19	2.3404379224544513e-09
0.0352	1.7255830665207873e-15	9.251562793145811e-11	3.1476513994887526e-15	3.1201852819709447e-14	3.216159458932954e-19	2.3672514466298297e-09
0.0354	1.75516201659256e-15	9.41013576877287e-11	3.1835216260618744e-15	3.15574237272791e-14	3.2528105274466863e-19	2.39421757053415e-09
0.0356	1.7850770457883607e-15	9.570510194892103e-11	3.219595080743509e-15	3.1915009151725885e-14	3.2896692503056537e-19	2.4213362920848505e-09
0.0358	1.81533005215338e-15	9.73269624078706e-11	3.2558717635039433e-15	3.227460909249576e-14	3.3267356275049663e-19	2.4486076091993866e-09
0.036000000000000004	1.845922933724871e-15	9.896704075646923e-11	3.292351674313466e-15	3.2636223549034725e-14	3.364009659039737e-19	2.476031519795234e-09
0.0362	1.876857588532141e-15	1.0062543868566464e-10	3.3290348131423634e-15	3.2999852520788684e-14	3.401491344905074e-19	2.503608021789885e-09
0.0364	1.9081359145965562e-15	1.0230225788546103e-10	3.3659211799609244e-15	3.336549600720363e-14	3.43918068509609e-19	2.5313371131008547e-09
0.0366	1.9397598099315417e-15	1.0399760004491867e-10	3.4030107747394368e-15	3.3733154007725497e-14	3.4770776796078953e-19	2.559218791645672e-09
0.0368	1.9717311725425827e-15	1.057115668521541e-10	3.4403035974481892e-15	3.4102826521800285e-14	3.5151823284356016e-19	2.5872530553418897e-09
0.037000000000000005	2.0040519004272206e-15	1.0744425999434005e-10	3.47779964805747e-15	3.4474513548873936e-14	3.553494631574323e-19	2.6154399021070786e-09
0.037200000000000004	2.0367238915750552e-15	1.0919578115770538e-10	3.515498926537566e-15	3.4848215088392405e-14	3.592014589019166e-19	2.643779329858824e-09
0.0374	2.0697490439677435e-15	1.1096623202753519e-10	3.553401432858766e-15	3.522393113980165e-14	3.630742200765244e-19	2.672271336514735e-09
0.0376	2.1031292555790062e-15	1.1275571428817096e-10	3.5915071669913575e-15	3.560166170254765e-14	3.6696774668076687e-19	2.700915919992439e-09
0.0378	2.136866424374617e-15	1.1456432962301021e-10	3.6298161289056284e-15	3.5981406776076355e-14	3.7088203871415494e-19	2.729713078209581e-09
0.038	2.170962448312409e-15	1.1639217971450678e-10	3.668328318571867e-15	3.6363166359833734e-14	3.748170961762e-19	2.7586628090838246e-09
0.038200000000000005	2.2054192253422785e-15	1.1823936624417085e-10	3.7070437359603645e-15	3.674694045326575e-14	3.7877291906641315e-19	2.787765110532855e-09
0.038400000000000004	2.2402386534061725e-15	1.2010599089256866e-10	3.745962381041405e-15	3.7132729055818355e-14	3.827495073843051e-19	2.817019980474372e-09
0.0386	2.275422630438103e-15	1.219921553393228e-10	3.785084253785277e-15	3.752053216693751e-14	3.8674686112938736e-19	2.8464274168260982e-09
0.0388	2.3109730543641367e-15	1.2389796126311205e-10	3.824409354162271e-15	3.791034978606917e-14	3.9076498030117095e-19	2.875987417505773e-09
0.039	2.3468918231024012e-15	1.2582351034167164e-10	3.8639376821426715e-15	3.830218191265932e-14	3.9480386489916704e-19	2.905699980431156e-09
0.0392	2.3831808345630823e-15	1.277689042517928e-10	3.90366923769677e-15	3.8696028546153904e-14	3.988635149228866e-19	2.9355651035200246e-09
0.039400000000000004	2.4198419866484246e-15	1.2973424466932335e-10	3.943604020794853e-15	3.909188968599891e-14	4.029439303718411e-19	2.9655827846901778e-09
0.0396	2.4568771772527275e-15	1.3171963326916703e-10	3.983742031407208e-15	3.948976533164026e-14	4.0704511124554115e-19	2.9957530218594275e-09
0.0398	2.494288304262355e-15	1.3372517172528419e-10	4.024083269504124e-15	3.9889655482523945e-14	4.1116705754349807e-19	3.0260758129456114e-09
0.04	2.5320772655557265e-15	1.3575096171069125e-10	4.064627735055888e-15	4.029156013809593e-14	4.153097692652231e-19	3.0565511558665826e-09
0.0402	2.5702459590033195e-15	1.3779710489746107e-10	4.105375428032789e-15	4.069547929780215e-14	4.1947324641022732e-19	3.0871790485402138e-09
0.040400000000000005	2.6087962824676744e-15	1.3986370295672273e-10	4.146326348405118e-15	4.1101412961088604e-14	4.2365748897802186e-19	3.1179594888843975e-09
0.040600000000000004	2.6477301338033845e-15	1.419508575586616e-10	4.187480496143156e-15	4.1509361127401225e-14	4.278624969681177e-19	3.148892474817042e-09
0.0408	2.687049410857105e-15	1.4405867037251948e-10	4.228837871217197e-15	4.1919323796186004e-14	4.320882703800262e-19	3.1799780042560777e-09
0.041	2.7267560114675496e-15	1.4618724306659438e-10	4.270398473597528e-15	4.233130096688887e-14	4.363348092132582e-19	3.2112160751194544e-09
0.0412	2.766851833465492e-15	1.4833667730824068e-10	4.312162303254436e-15	4.2745292638955803e-14	4.40602113467325e-19	3.2426066853251377e-09
0.0414	2.8073387746737624e-15	1.5050707476386902e-10	4.35412936015821e-15	4.316129881183277e-14	4.448901831417377e-19	3.274149832791114e-09
0.041600000000000005	2.8482187329072528e-15	1.5269853709894652e-10	4.396299644279138e-15	4.3579319484965745e-14	4.491990182360076e-19	3.30584551543539e-09
0.041800000000000004	2.8894936059729078e-15	1.5491116597799648e-10	4.4386731555875075e-15	4.399935465780067e-14	4.535286187496455e-19	3.3376937311759875e-09
0.042	2.9311652916697396e-15	1.5714506306459864e-10	4.4812498940536075e-15	4.442140432978351e-14	4.578789846821625e-19	3.369694477930951e-09
0.0422	2.9732356877888128e-15	1.594003300213891e-10	4.5240298596477234e-15	4.484546850036024e-14	4.6225011603307e-19	3.401847753618342e-09
0.0424	3.0157066921132527e-15	1.616770685100603e-10	4.567013052340147e-15	4.527154716897681e-14	4.666420128018791e-19	3.4341535561562413e-09
0.0426	3.0585802024182465e-15	1.6397538019136087e-10	4.610199472101165e-15	4.569964033507921e-14	4.710546749881005e-19	3.46661188346275e-09
0.042800000000000005	3.1018581164710373e-15	1.662953667250963e-10	4.653589118901067e-15	4.612974799811339e-14	4.75488102591246e-19	3.499222733455987e-09
0.043000000000000003	3.1455423320309258e-15	1.6863712977012776e-10	4.697181992710137e-15	4.6561870157525296e-14	4.799422956108261e-19	3.5319861040540878e-09
0.0432	3.189634746849273e-15	1.7100077098437339e-10	4.740978093498667e-15	4.699600681276091e-14	4.844172540463521e-19	3.5649019931752096e-09
0.0434	3.2341372586695027e-15	1.733863920248073e-10	4.784977421236944e-15	4.7432157963266196e-14	4.889129778973353e-19	3.5979703987375303e-09
0.0436	3.279051765227091e-15	1.7579409454746038e-10	4.8291799758952555e-15	4.787032360848711e-14	4.934294671632867e-19	3.631191318659242e-09
0.0438	3.3243801642495804e-15	1.7822398020741952e-10	4.873585757443891e-15	4.8310503747869625e-14	4.979667218437173e-19	3.6645647508585583e-09
0.044000000000000004	3.3701243534565684e-15	1.8067615065882855e-10	4.918194765853138e-15	4.8752698380859723e-14	5.025247419381387e-19	3.6980906932537133e-09
0.0442	3.4162862305597095e-15	1.8315070755488688e-10	4.9630070010932846e-15	4.919690750690334e-14	5.071035274460613e-19	3.731769143762956e-09
0.0444	3.4628676932627195e-15	1.8564775254785107e-10	5.008022463134618e-15	4.9643131125446436e-14	5.117030783669968e-19	3.765600100304558e-09
0.0446	3.5098706392613768e-15	1.8816738728903376e-10	5.0532411519474284e-15	5.0091369235935e-14	5.163233947004559e-19	3.7995835607968086e-09
0.0448	3.557296966243513e-15	1.9070971342880424e-10	5.098663067502e-15	5.054162183781498e-14	5.2096447644595e-19	3.833719523158015e-09
0.045000000000000005	3.605148571889026e-15	1.9327483261658797e-10	5.144288209768628e-15	5.0993888930532365e-14	5.256263236029901e-19	3.868007985306507e-09
0.045200000000000004	3.6534273538698625e-15	1.9586284650086694e-10	5.190116578717594e-15	5.144817051353309e-14	5.303089361710874e-19	3.902448945160626e-09
0.0454	3.702135209850039e-15	1.9847385672917945e-10	5.236148174319187e-15	5.190446658626312e-14	5.350123141497529e-19	3.937042400638739e-09
0.0456	3.751274037485626e-15	2.0110796494812065e-10	5.282382996543699e-15	5.2362777148168445e-14	5.39736457538498e-19	3.971788349659233e-09
0.0458	3.8008457344247526e-15	2.037652728033417e-10	5.328821045361415e-15	5.282310219869503e-14	5.444813663368335e-19	4.006686790140505e-09
0.046	3.8508521983076104e-15	2.064458819395505e-10	5.375462320742624e-15	5.328544173728882e-14	5.492470405442705e-19	4.04173772000098e-09
0.046200000000000005	3.90129532676645e-15	2.091498940005113e-10	5.422306822657615e-15	5.3749795763395803e-14	5.540334801603207e-19	4.076941137159101e-09
0.046400000000000004	3.952177017425578e-15	2.1187741062904476e-10	5.469354551076676e-15	5.4216164276461925e-14	5.588406851844945e-19	4.112297039533321e-09
0.0466	4.00349916790136e-15	2.1462853346702792e-10	5.5166055059700926e-15	5.468454727593315e-14	5.6366865561630335e-19	4.147805425042122e-09
0.0468	4.0552636758022294e-15	2.1740336415539477e-10	5.564059687308156e-15	5.515494476125546e-14	5.685173914552583e-19	4.1834662916040025e-09
0.047	4.107472438728667e-15	2.202020043341351e-10	5.6117170950611534e-15	5.562735673187481e-14	5.733868927008704e-19	4.219279637137478e-09
0.0472	4.160127354273221e-15	2.2302455564229594e-10	5.659577729199373e-15	5.610178318723718e-14	5.78277159352651e-19	4.255245459561084e-09
0.047400000000000005	4.213230320020502e-15	2.258711197179802e-10	5.707641589693102e-15	5.657822412678853e-14	5.831881914101112e-19	4.291363756793376e-09
0.0476	4.2667832335471696e-15	2.2874179819834738e-10	5.755908676512631e-15	5.705667954997481e-14	5.881199888727619e-19	4.327634526752923e-09
0.0478	4.320787992421947e-15	2.316366927196139e-10	5.8043789896282454e-15	5.7537149456242e-14	5.930725517401141e-19	4.3640577673583194e-09
0.048	4.375246494205622e-15	2.3455590491705226e-10	5.853052529010237e-15	5.801963384503607e-14	5.980458800116794e-19	4.4006334765281775e-09
0.0482	4.4301606364510356e-15	2.374995364249916e-10	5.90192929462889e-15	5.8504132715803e-14	6.030399736869686e-19	4.4373616521811245e-09
0.048400000000000006	4.485532316703096e-15	2.404676888768177e-10	5.9510092864544976e-15	5.899064606798872e-14	6.080548327654929e-19	4.474242292235813e-09
0.048600000000000004	4.541363432498763e-15	2.4346046390497273e-10	6.000292504457342e-15	5.947917390103925e-14	6.130904572467635e-19	4.511275394610906e-09
0.0488	4.5976558813670555e-15	2.4647796314095525e-10	6.049778948607712e-15	5.99697162144005e-14	6.181468471302912e-19	4.5484609572250936e-09
0.049	4.6544115608290584e-15	2.495202882153209e-10	6.0994686188759e-15	6.046227300751844e-14	6.232240024155874e-19	4.58579897799708e-09
0.0492	4.711632368397916e-15	2.5258754075768126e-10	6.149361515232194e-15	6.095684427983908e-14	6.283219231021633e-19	4.62328945484559e-09
0.0494	4.769320201578824e-15	2.556798223967046e-10	6.1994576376468796e-15	6.145343003080837e-14	6.334406091895297e-19	4.660932385689368e-09
0.049600000000000005	4.827476957869049e-15	2.5879723476011614e-10	6.249756986090248e-15	6.195203025987228e-14	6.385800606771981e-19	4.698727768447176e-09
0.049800000000000004	4.8861045347579075e-15	2.619398794746972e-10	6.300259560532583e-15	6.245264496647675e-14	6.437402775646793e-19	4.736675601037794e-09
0.05	4.9452048297267834e-15	2.6510785816628576e-10	6.350965360944176e-15	6.295527415006777e-14	6.489212598514846e-19	4.774775881380023e-09
0.0502	5.004779740249111e-15	2.6830127245977666e-10	6.401874387295314e-15	6.345991781009133e-14	6.541230075371248e-19	4.8130286073926825e-09
0.0504	5.064831163790394e-15	2.7152022397912096e-10	6.452986639556287e-15	6.396657594599336e-14	6.593455206211115e-19	4.851433776994612e-09
0.0506	5.1253609978081965e-15	2.7476481434732625e-10	6.5043021176973805e-15	6.447524855721983e-14	6.645887991029557e-19	4.8899913881046655e-09
0.050800000000000005	5.1863711397521325e-15	2.780351451864573e-10	6.555820821688884e-15	6.498593564321675e-14	6.698528429821686e-19	4.928701438641722e-09
0.051000000000000004	5.247863487063879e-15	2.813313181176348e-10	6.607542751501087e-15	6.549863720343006e-14	6.751376522582608e-19	4.967563926524673e-09
0.0512	5.3098399371771775e-15	2.846534347610362e-10	6.659467907104277e-15	6.601335323730569e-14	6.804432269307438e-19	5.006578849672435e-09
0.0514	5.372302387517831e-15	2.88001596735896e-10	6.71159628846874e-15	6.653008374428967e-14	6.857695669991288e-19	5.0457462060039394e-09
0.0516	5.435252735503691e-15	2.9137590566050464e-10	6.763927895564768e-15	6.704882872382792e-14	6.911166724629268e-19	5.085065993438139e-09
0.051800000000000006	5.498692878544685e-15	2.947764631522099e-10	6.816462728362647e-15	6.756958817536648e-14	6.964845433216491e-19	5.124538209894005e-09
0.052000000000000005	5.562624714042783e-15	2.9820337082741515e-10	6.869200786832668e-15	6.809236209835123e-14	7.018731795748064e-19	5.164162853290524e-09
0.0522	5.62705013939203e-15	3.0165673030158166e-10	6.922142070945115e-15	6.861715049222817e-14	7.0728258122191e-19	5.203939921546706e-09
0.0524	5.691971051978519e-15	3.051366431892262e-10	6.975286580670279e-15	6.914395335644333e-14	7.127127482624712e-19	5.243869412581579e-09
0.0526	5.7573893491804125e-15	3.0864321110392305e-10	7.028634315978447e-15	6.967277069044257e-14	7.18163680696001e-19	5.28395132431419e-09
0.0528	5.8233069283679305e-15	3.121765356583024e-10	7.082185276839908e-15	7.020360249367196e-14	7.236353785220106e-19	5.324185654663601e-09
0.053000000000000005	5.889725686903348e-15	3.157367184640519e-10	7.135939463224954e-15	7.073644876557741e-14	7.291278417400112e-19	5.3645724015489e-09
0.053200000000000004	5.956647522141004e-15	3.193238611319148e-10	7.189896875103865e-15	7.127130950560492e-14	7.3464107034951355e-19	5.405111562889187e-09
0.0534	6.024074331427297e-15	3.22938065271692e-10	7.244057512446935e-15	7.180818471320041e-14	7.401750643500291e-19	5.445803136603585e-09
0.0536	6.09200801210069e-15	3.2657943249224035e-10	7.298421375224449e-15	7.234707438780991e-14	7.457298237410687e-19	5.4866471206112355e-09
0.0538	6.160450461491695e-15	3.30248064401474e-10	7.352988463406699e-15	7.288797852887935e-14	7.513053485221437e-19	5.527643512831299e-09
0.054	6.2294035769228965e-15	3.3394406260636316e-10	7.40775877696397e-15	7.343089713585474e-14	7.569016386927651e-19	5.568792311182952e-09
0.054200000000000005	6.298869255708933e-15	3.376675287129355e-10	7.462732315866557e-15	7.3975830208182e-14	7.625186942524443e-19	5.610093513585395e-09
0.054400000000000004	6.368849395156505e-15	3.414185643262741e-10	7.517909080084741e-15	7.45227777453071e-14	7.681565152006921e-19	5.651547117957841e-09
0.0546	6.439345892564366e-15	3.4519727105052025e-10	7.573289069588812e-15	7.507173974667609e-14	7.738151015370197e-19	5.693153122219529e-09
0.0548	6.5103606452233386e-15	3.490037504888706e-10	7.628872284349057e-15	7.562271621173484e-14	7.79494453260938e-19	5.73491152428971e-09
0.055	6.581895550416308e-15	3.528381042435796e-10	7.68465872433577e-15	7.617570713992938e-14	7.851945703719585e-19	5.776822322087663e-09
0.055200000000000006	6.653952505418212e-15	3.567004339159577e-10	7.740648389519232e-15	7.673071253070567e-14	7.909154528695923e-19	5.818885513532675e-09
0.055400000000000005	6.726533407496044e-15	3.605908411063723e-10	7.796841279869735e-15	7.728773238350967e-14	7.966571007533502e-19	5.861101096544058e-09
0.055600000000000004	6.799640153908871e-15	3.6450942741424717e-10	7.85323739535757e-15	7.784676669778734e-14	8.024195140227436e-19	5.903469069041144e-09
0.0558	6.873274641907818e-15	3.684562944380637e-10	7.909836735953021e-15	7.840781547298469e-14	8.082026926772836e-19	5.945989428943281e-09
0.056	6.947438768736057e-15	3.7243154377535893e-10	7.966639301626378e-15	7.897087870854764e-14	8.140066367164811e-19	5.988662174169837e-09
0.0562	7.0221344316288364e-15	3.764352770227275e-10	8.023645092347928e-15	7.953595640392221e-14	8.198313461398475e-19	6.0314873026401986e-09
0.056400000000000006	7.0973635278134606e-15	3.804675957758203e-10	8.080854108087962e-15	8.010304855855434e-14	8.256768209468941e-19	6.074464812273774e-09
0.056600000000000004	7.17312795450929e-15	3.845286016293451e-10	8.138266348816764e-15	8.067215517188998e-14	8.315430611371314e-19	6.117594700989984e-09
0.0568	7.249429608927738e-15	3.8861839617706616e-10	8.195881814504628e-15	8.124327624337516e-14	8.374300667100708e-19	6.160876966708276e-09
0.057	7.3262703882723e-15	3.9273708101180515e-10	8.25370050512184e-15	8.181641177245579e-14	8.433378376652233e-19	6.204311607348111e-09
0.0572	7.40365218973852e-15	3.968847577254397e-10	8.311722420638686e-15	8.239156175857792e-14	8.492663740021004e-19	6.2478986208289685e-09
0.0574	7.481576910513995e-15	4.010615279089051e-10	8.369947561025454e-15	8.296872620118743e-14	8.55215675720213e-19	6.291638005070355e-09
0.057600000000000005	7.560046447778397e-15	4.052674931521926e-10	8.428375926252441e-15	8.354790509973037e-14	8.611857428190726e-19	6.335529757991784e-09
0.057800000000000004	7.639062698703447e-15	4.0950275504435063e-10	8.487007516289924e-15	8.412909845365267e-14	8.671765752981894e-19	6.379573877512795e-09
0.058	7.718627560452933e-15	4.137674151734841e-10	8.545842331108198e-15	8.47123062624003e-14	8.73188173157075e-19	6.423770361552946e-09
0.0582	7.798742930182698e-15	4.180615751267553e-10	8.60488037067755e-15	8.529752852541922e-14	8.79220536395241e-19	6.468119208031814e-09
0.0584	7.879410705040653e-15	4.2238533649038257e-10	8.66412163496826e-15	8.588476524215545e-14	8.852736650121978e-19	6.512620414868992e-09
0.058600000000000006	7.96063278216677e-15	4.2673880084964213e-10	8.723566123950637e-15	8.647401641205495e-14	8.913475590074572e-19	6.557273979984097e-09
0.058800000000000005	8.04241105869307e-15	4.311220697888653e-10	8.78321383759495e-15	8.706528203456362e-14	8.974422183805299e-19	6.6020799012967594e-09
0.059000000000000004	8.124747431743643e-15	4.355352448914419e-10	8.843064775871495e-15	8.765856210912754e-14	9.035576431309266e-19	6.64703817672663e-09
0.0592	8.207643798434638e-15	4.399784277398175e-10	8.903118938750558e-15	8.825385663519258e-14	9.09693833258159e-19	6.692148804193382e-09
0.0594	8.291102055874274e-15	4.444517199154954e-10	8.96337632620243e-15	8.88511656122048e-14	9.158507887617381e-19	6.737411781616704e-09
0.0596	8.375124101162811e-15	4.489552229990346e-10	9.023836938197397e-15	8.945048903961011e-14	9.220285096411752e-19	6.7828271069163075e-09
0.059800000000000006	8.45971183139259e-15	4.534890385700522e-10	9.08450077470575e-15	9.005182691685455e-14	9.282269958959813e-19	6.828394778011917e-09
0.060000000000000005	8.544867143647997e-15	4.580532682072206e-10	9.145367835697775e-15	9.065517924338405e-14	9.344462475256674e-19	6.874114792823277e-09
0.060200000000000004	8.63059193500549e-15	4.6264801348827077e-10	9.206438121143762e-15	9.126054601864454e-14	9.406862645297445e-19	6.9199871492701555e-09
0.0604	8.716888102533578e-15	4.672733759899889e-10	9.267711631013998e-15	9.186792724208208e-14	9.469470469077241e-19	6.9660118452723375e-09
0.0606	8.80375754329284e-15	4.719294572882195e-10	9.32918836527877e-15	9.247732291314256e-14	9.53228594659117e-19	7.012188878749623e-09
0.0608	8.891202154335914e-15	4.766163589578628e-10	9.390868323908373e-15	9.308873303127203e-14	9.595309077834346e-19	7.058518247621838e-09
0.061000000000000006	8.979223832707495e-15	4.81334182572877e-10	9.452751506873093e-15	9.370215759591641e-14	9.658539862801879e-19	7.1049999498088234e-09
0.061200000000000004	9.067824475444336e-15	4.860830297062754e-10	9.51483791414321e-15	9.431759660652171e-14	9.721978301488878e-19	7.151633983230436e-09
0.0614	9.157005979575257e-15	4.908630019301302e-10	9.57712754568902e-15	9.493505006253384e-14	9.78562439389046e-19	7.198420345806555e-09
0.0616	9.246770242121145e-15	4.956742008155692e-10	9.639620401480811e-15	9.555451796339886e-14	9.849478140001728e-19	7.2453590354570796e-09
0.0618	9.33711916009493e-15	5.005167279327776e-10	9.702316481488871e-15	9.617600030856267e-14	9.913539539817797e-19	7.2924500501019264e-09
0.062	9.42805463050162e-15	5.053906848509972e-10	9.765215785683488e-15	9.679949709747128e-14	9.97780859333378e-19	7.3396933876610326e-09
0.062200000000000005	9.519578550338278e-15	5.102961731385271e-10	9.828318314034952e-15	9.742500832957069e-14	1.0042285300544792e-18	7.387089046054351e-09
0.062400000000000004	9.611692816594026e-15	5.15233294362723e-10	9.891624066513546e-15	9.80525340043068e-14	1.0106969661445935e-18	7.434637023201854e-09
0.0626	9.704399326250043e-15	5.202021500899975e-10	9.955133043089564e-15	9.868207412112565e-14	1.0171861676032322e-18	7.482337317023533e-09
0.06280000000000001	9.797699976279581e-15	5.252028418858203e-10	1.0018845243733293e-14	9.93136286794732e-14	1.0236961344299074e-18	7.530189925439407e-09
0.063	9.891596663647941e-15	5.302354713147174e-10	1.0082760668415016e-14	9.994719767879536e-14	1.0302268666241284e-18	7.578194846369493e-09
0.0632	9.9860912853125e-15	5.353001399402729e-10	1.0146879317105035e-14	1.0058278111853823e-13	1.0367783641854083e-18	7.626352077733854e-09
0.0634	1.0081185738222669e-14	5.403969493251267e-10	1.021120118977362e-14	1.0122037899814765e-13	1.0433506271132567e-18	7.674661617452547e-09
0.0636	1.017688191931996e-14	5.455260010309765e-10	1.0275726286391079e-14	1.0185999131706969e-13	1.0499436554071857e-18	7.723123463445668e-09
0.06380000000000001	1.0273181725537912e-14	5.506873966185762e-10	1.034045460692769e-14	1.025016180747503e-13	1.056557449066706e-18	7.771737613633317e-09
0.064	1.0370087053802135e-14	5.55881237647737e-10	1.0405386151353737e-14	1.0314525927063542e-13	1.0631920080913289e-18	7.820504065935619e-09
0.06420000000000001	1.046759980103031e-14	5.611076256773274e-10	1.0470520919639514e-14	1.0379091490417108e-13	1.069847332480565e-18	7.86942281827272e-09
0.0644	1.056572186413216e-14	5.66366662265272e-10	1.0535858911755313e-14	1.0443858497480319e-13	1.0765234222339262e-18	7.918493868564783e-09
0.0646	1.0664455140009496e-14	5.716584489685533e-10	1.0601400127671414e-14	1.0508826948197779e-13	1.083220277350923e-18	7.967717214731987e-09
0.0648	1.0763801525556154e-14	5.7698308734321e-10	1.0667144567358111e-14	1.0573996842514083e-13	1.089937897831067e-18	8.017092854694533e-09
0.065	1.0863762917658075e-14	5.823406789443387e-10	1.0733092230785693e-14	1.0639368180373827e-13	1.096676283673869e-18	8.066620786372645e-09
0.06520000000000001	1.0964341213193232e-14	5.877313253260918e-10	1.0799243117924451e-14	1.0704940961721614e-13	1.1034354348788403e-18	8.116301007686556e-09
0.0654	1.1065538309031655e-14	5.931551280416792e-10	1.0865597228744661e-14	1.077071518650203e-13	1.1102153514454917e-18	8.166133516556521e-09
0.0656	1.1167356102035459e-14	5.986121886433683e-10	1.0932154563216627e-14	1.0836690854659686e-13	1.117016033373335e-18	8.216118310902823e-09
0.0658	1.1269796489058797e-14	6.041026086824825e-10	1.0998915121310623e-14	1.0902867966139168e-13	1.12383748066188e-18	8.26625538864575e-09
0.066	1.1372861366947906e-14	6.096264897094037e-10	1.106587890299695e-14	1.0969246520885088e-13	1.1306796933106393e-18	8.316544747705623e-09
0.06620000000000001	1.1476552632541066e-14	6.15183933273569e-10	1.1133045908245893e-14	1.1035826518842031e-13	1.1375426713191237e-18	8.366986386002774e-09
0.0664	1.1580872182668613e-14	6.207750409234738e-10	1.1200416137027731e-14	1.1102607959954594e-13	1.1444264146868434e-18	8.41758030145755e-09
0.0666	1.1685821914152977e-14	6.263999142066701e-10	1.1267989589312772e-14	1.1169590844167383e-13	1.1513309234133106e-18	8.46832649199032e-09
0.0668	1.1791403723808615e-14	6.320586546697664e-10	1.133576626507128e-14	1.1236775171424986e-13	1.1582561974980354e-18	8.519224955521483e-09
0.067	1.189761950844207e-14	6.377513638584297e-10	1.1403746164273567e-14	1.130416094167201e-13	1.1652022369405302e-18	8.570275689971443e-09
0.06720000000000001	1.2004471164851927e-14	6.43478143317383e-10	1.1471929286889904e-14	1.1371748154853052e-13	1.1721690417403052e-18	8.621478693260626e-09
0.0674	1.2111960589828835e-14	6.49239094590405e-10	1.1540315632890589e-14	1.14395368109127e-13	1.1791566118968715e-18	8.672833963309477e-09
0.06760000000000001	1.222008968015553e-14	6.550343192203348e-10	1.1608905202245908e-14	1.150752690979556e-13	1.1861649474097408e-18	8.724341498038466e-09
0.0678	1.232886033260677e-14	6.608639187490654e-10	1.1677697994926143e-14	1.157571845144623e-13	1.1931940482784233e-18	8.776001295368074e-09
0.068	1.2438274443949413e-14	6.667279947175485e-10	1.1746694010901595e-14	1.1644111435809304e-13	1.2002439145024314e-18	8.827813353218807e-09
0.0682	1.2548333910942346e-14	6.726266486657924e-10	1.181589325014254e-14	1.171270586282938e-13	1.2073145460812749e-18	8.879777669511177e-09
0.0684	1.2659040630336543e-14	6.785599821328627e-10	1.1885295712619283e-14	1.1781501732451057e-13	1.214405943014466e-18	8.93189424216574e-09
0.06860000000000001	1.2770396498875024e-14	6.845280966568818e-10	1.19549013983021e-14	1.1850499044618937e-13	1.2215181053015154e-18	8.984163069103049e-09
0.0688	1.2882403413292864e-14	6.90531093775029e-10	1.2024710307161273e-14	1.1919697799277604e-13	1.2286510329419338e-18	9.036584148243678e-09
0.069	1.2995063270317231e-14	6.965690750235413e-10	1.2094722439167104e-14	1.1989097996371672e-13	1.2358047259352328e-18	9.08915747750823e-09
0.0692	1.3108377966667324e-14	7.026421419377122e-10	1.2164937794289879e-14	1.2058699635845731e-13	1.2429791842809234e-18	9.141883054817321e-09
0.0694	1.322234939905442e-14	7.087503960518929e-10	1.2235356372499878e-14	1.212850271764438e-13	1.2501744079785169e-18	9.194760878091588e-09
0.06960000000000001	1.333697946418185e-14	7.148939388994916e-10	1.2305978173767407e-14	1.2198507241712215e-13	1.2573903970275243e-18	9.247790945251684e-09
0.0698	1.3452270058745002e-14	7.21072872012972e-10	1.237680319806273e-14	1.2268713207993833e-13	1.2646271514274565e-18	9.300973254218276e-09
0.07	1.3568223079431342e-14	7.272872969238579e-10	1.2447831445356158e-14	1.2339120616433837e-13	1.271884671177825e-18	9.354307802912069e-09
0.0702	1.3684840422920377e-14	7.335373151627271e-10	1.2519062915617964e-14	1.2409729466976817e-13	1.2791629562781403e-18	9.40779458925376e-09
0.0704	1.3802123985883704e-14	7.398230282592176e-10	1.2590497608818452e-14	1.248053975956738e-13	1.2864620067279145e-18	9.461433611164095e-09
0.07060000000000001	1.3920075664984962e-14	7.46144537742022e-10	1.2662135524927893e-14	1.2551551494150124e-13	1.2937818225266582e-18	9.515224866563811e-09
0.0708	1.4038697356879841e-14	7.525019451388905e-10	1.2733976663916584e-14	1.262276467066963e-13	1.3011224036738817e-18	9.569168353373675e-09
0.07100000000000001	1.4157990958216122e-14	7.588953519766319e-10	1.280602102575482e-14	1.269417928907052e-13	1.3084837501690979e-18	9.623264069514483e-09
0.0712	1.4277958365633627e-14	7.653248597811103e-10	1.2878268610412873e-14	1.2765795349297366e-13	1.3158658620118162e-18	9.677512012907032e-09
0.0714	1.4398601475764246e-14	7.717905700772488e-10	1.2950719417861052e-14	1.283761285129479e-13	1.323268739201549e-18	9.731912181472154e-09
0.0716	1.4519922185231923e-14	7.782925843890256e-10	1.3023373448069627e-14	1.2909631795007368e-13	1.3306923817378062e-18	9.786464573130685e-09
0.0718	1.4641922390652695e-14	7.84831004239478e-10	1.3096230701008903e-14	1.2981852180379726e-13	1.3381367896201004e-18	9.841169185803497e-09
0.07200000000000001	1.476460398863462e-14	7.914059311506995e-10	1.3169291176649154e-14	1.305427400735644e-13	1.3456019628479416e-18	9.896026017411465e-09
0.0722	1.4887968875777836e-14	7.980174666438396e-10	1.3242554874960676e-14	1.3126897275882104e-13	1.3530879014208411e-18	9.951035065875487e-09
0.0724	1.5012018948674548e-14	8.046657122391082e-10	1.3316021795913758e-14	1.3199721985901333e-13	1.3605946053383105e-18	1.0006196329116486e-08
0.0726	1.5136756103909017e-14	8.113507694557685e-10	1.3389691939478682e-14	1.3272748137358708e-13	1.3681220745998598e-18	1.0061509805055402e-08
0.0728	1.526218223805757e-14	8.180727398121446e-10	1.346356530562575e-14	1.3345975730198848e-13	1.3756703092050018e-18	1.011697549161319e-08
0.07300000000000001	1.5388299247688593e-14	8.248317248256149e-10	1.3537641894325241e-14	1.3419404764366334e-13	1.3832393091532463e-18	1.0172593386710823e-08
0.0732	1.5515109029362514e-14	8.316278260126159e-10	1.3611921705547435e-14	1.3493035239805762e-13	1.3908290744441047e-18	1.0228363488269296e-08
0.0734	1.5642613479631873e-14	8.384611448886424e-10	1.3686404739262638e-14	1.3566867156461747e-13	1.3984396050770886e-18	1.0284285794209628e-08
0.0736	1.577081449504123e-14	8.453317829682447e-10	1.3761090995441127e-14	1.364090051427887e-13	1.406070901051708e-18	1.0340360302452846e-08
0.0738	1.5899713972127223e-14	8.522398417650318e-10	1.3835980474053196e-14	1.3715135313201735e-13	1.413722962367476e-18	1.0396587010920006e-08
0.07400000000000001	1.6029313807418545e-14	8.591854227916691e-10	1.3911073175069138e-14	1.3789571553174945e-13	1.4213957890239022e-18	1.045296591753218e-08
0.0742	1.6159615897435956e-14	8.661686275598785e-10	1.3986369098459223e-14	1.386420923414309e-13	1.4290893810204972e-18	1.0509497020210446e-08
0.07440000000000001	1.629062213869228e-14	8.731895575804418e-10	1.4061868244193765e-14	1.3939048356050773e-13	1.436803738356774e-18	1.0566180316875925e-08
0.0746	1.6422334427692385e-14	8.802483143631939e-10	1.413757061224303e-14	1.4014088918842586e-13	1.444538861032242e-18	1.0623015805449734e-08
0.0748	1.655475466093325e-14	8.873449994170317e-10	1.4213476202577324e-14	1.4089330922463138e-13	1.4522947490464134e-18	1.0680003483853032e-08
0.075	1.6687884734903856e-14	8.94479714249905e-10	1.428958501516692e-14	1.4164774366857013e-13	1.4600714023987986e-18	1.0737143350006972e-08
0.0752	1.6821726546085288e-14	9.016525603688245e-10	1.4365897049982123e-14	1.4240419251968824e-13	1.4678688210889097e-18	1.0794435401832746e-08
0.07540000000000001	1.6956281990950675e-14	9.088636392798553e-10	1.444241230699321e-14	1.4316265577743164e-13	1.475687005116257e-18	1.0851879637251554e-08
0.0756	1.7091552965965203e-14	9.161130524881207e-10	1.4519130786170466e-14	1.439231334412462e-13	1.4835259544803512e-18	1.0909476054184613e-08
0.0758	1.7227541367586144e-14	9.234009014978023e-10	1.4596052487484198e-14	1.4468562551057803e-13	1.4913856691807046e-18	1.0967224650553172e-08
0.076	1.73642490922628e-14	9.307272878121377e-10	1.4673177410904672e-14	1.4545013198487308e-13	1.4992661492168274e-18	1.102512542427848e-08
0.0762	1.750167803643658e-14	9.380923129334227e-10	1.4750505556402195e-14	1.4621665286357732e-13	1.5071673945882314e-18	1.108317837328183e-08
0.07640000000000001	1.7639830096540918e-14	9.454960783630098e-10	1.4828036923947045e-14	1.4698518814613677e-13	1.5150894052944275e-18	1.1141383495484507e-08
0.0766	1.7778707169001307e-14	9.529386856013085e-10	1.4905771513509518e-14	1.4775573783199728e-13	1.5230321813349262e-18	1.1199740788807829e-08
0.07680000000000001	1.7918311150235337e-14	9.604202361477863e-10	1.4983709325059893e-14	1.4852830192060501e-13	1.5309957227092394e-18	1.125825025117314e-08
0.077	1.805864393665263e-14	9.679408315009675e-10	1.5061850358568466e-14	1.493028804114058e-13	1.5389800294168774e-18	1.1316911880501781e-08
0.0772	1.8199707424654888e-14	9.755005731584347e-10	1.5140194614005524e-14	1.500794733038457e-13	1.5469851014573527e-18	1.1375725674715139e-08
0.07740000000000001	1.8341503510635866e-14	9.830995626168263e-10	1.5218742091341358e-14	1.508580805973707e-13	1.5550109388301756e-18	1.1434691631734598e-08
0.0776	1.8484034090981367e-14	9.907379013718385e-10	1.5297492790546252e-14	1.516387022914267e-13	1.5630575415348564e-18	1.1493809749481563e-08
0.07780000000000001	1.8627301062069307e-14	9.984156909182263e-10	1.53764467115905e-14	1.5242133838545982e-13	1.5711249095709077e-18	1.1553080025877477e-08
0.078	1.8771306320269604e-14	1.0061330327497998e-09	1.5455603854444378e-14	1.532059888789159e-13	1.5792130429378393e-18	1.1612502458843774e-08
0.0782	1.891605176194429e-14	1.0138900283594277e-09	1.553496421907819e-14	1.5399265377124101e-13	1.5873219416351638e-18	1.1672077046301938e-08
0.0784	1.9061539283447408e-14	1.0216867792390355e-09	1.561452780546222e-14	1.5478133306188108e-13	1.5954516056623907e-18	1.173180378617344e-08
0.0786	1.9207770781125122e-14	1.0295233868796075e-09	1.569429461356675e-14	1.555720267502822e-13	1.6036020350190325e-18	1.1791682676379797e-08
0.07880000000000001	1.9354748151315608e-14	1.0373999527711834e-09	1.5774264643362085e-14	1.5636473483589021e-13	1.6117732297046e-18	1.185171371484253e-08
0.079	1.9502473290349115e-14	1.0453165784028606e-09	1.585443789481849e-14	1.5715945731815114e-13	1.6199651897186031e-18	1.1911896899483176e-08
0.0792	1.9650948094548e-14	1.053273365262795e-09	1.5934814367906275e-14	1.5795619419651101e-13	1.628177915060555e-18	1.1972232228223304e-08
0.0794	1.980017446022661e-14	1.061270414838199e-09	1.6015394062595712e-14	1.5875494547041575e-13	1.6364114057299645e-18	1.203271969898449e-08
0.0796	1.9950154283691427e-14	1.069307828615343e-09	1.6096176978857107e-14	1.5955571113931142e-13	1.6446656617263447e-18	1.2093359309688341e-08
0.07980000000000001	2.0100889461240933e-14	1.0773857080795539e-09	1.6177163116660733e-14	1.6035849120264396e-13	1.6529406830492059e-18	1.2154151058256472e-08
0.08	2.0252381889165714e-14	1.0855041547152158e-09	1.6258352475976887e-14	1.611632856598593e-13	1.6612364696980588e-18	1.2215094942610516e-08
0.08020000000000001	2.0404633463748407e-14	1.093663270005772e-09	1.633974505677585e-14	1.6197009451040352e-13	1.6695530216724159e-18	1.227619096067214e-08
0.0804	2.055764608126369e-14	1.1018631554337212e-09	1.642134085902792e-14	1.627789177537225e-13	1.6778903389717863e-18	1.2337439110363006e-08
0.0806	2.071142163797836e-14	1.1101039124806212e-09	1.6503139882703387e-14	1.6358975538926233e-13	1.6862484215956831e-18	1.239883938960482e-08
0.08080000000000001	2.0865962030151225e-14	1.1183856426270854e-09	1.6585142127772535e-14	1.6440260741646888e-13	1.6946272695436158e-18	1.2460391796319294e-08
0.081	2.1021269154033154e-14	1.1267084473527857e-09	1.666734759420564e-14	1.6521747383478823e-13	1.703026882815097e-18	1.2522096328428152e-08
0.08120000000000001	2.117734490586713e-14	1.1350724281364518e-09	1.674975628197301e-14	1.6603435464366633e-13	1.7114472614096364e-18	1.2583952983853153e-08
0.0814	2.1334191181888137e-14	1.1434776864558697e-09	1.6832368191044932e-14	1.6685324984254914e-13	1.7198884053267465e-18	1.2645961760516064e-08
0.0816	2.149180987832328e-14	1.1519243237878839e-09	1.6915183321391685e-14	1.6767415943088276e-13	1.7283503145659372e-18	1.2708122656338676e-08
0.0818	2.1650202891391665e-14	1.1604124416083953e-09	1.699820167298356e-14	1.6849708340811293e-13	1.73683298912672e-18	1.2770435669242796e-08
0.082	2.1809372117304525e-14	1.1689421413923637e-09	1.7081423245790852e-14	1.693220217736859e-13	1.7453364290086066e-18	1.2832900797150248e-08
0.08220000000000001	2.1969319452265114e-14	1.1775135246138048e-09	1.7164848039783843e-14	1.7014897452704752e-13	1.753860634211108e-18	1.2895518037982883e-08
0.0824	2.2130046792468755e-14	1.1861266927457918e-09	1.7248476054932823e-14	1.7097794166764374e-13	1.7624056047337343e-18	1.2958287389662558e-08
0.0826	2.2291556034102848e-14	1.194781747260457e-09	1.733230729120809e-14	1.7180892319492064e-13	1.770971340575998e-18	1.3021208850111164e-08
0.0828	2.2453849073346838e-14	1.2034787896289885e-09	1.7416341748579912e-14	1.7264191910832408e-13	1.7795578417374092e-18	1.3084282417250596e-08
0.083	2.2616927806372258e-14	1.212217921321633e-09	1.7500579427018594e-14	1.734769294073002e-13	1.7881651082174797e-18	1.3147508089002784e-08
0.08320000000000001	2.278079412934268e-14	1.2209992438076935e-09	1.758502032649443e-14	1.743139540912949e-13	1.79679314001572e-18	1.3210885863289663e-08
0.0834	2.2945449938413728e-14	1.229822858555531e-09	1.7669664446977692e-14	1.7515299315975415e-13	1.8054419371316415e-18	1.327441573803319e-08
0.08360000000000001	2.311089712973315e-14	1.2386888670325652e-09	1.775451178843868e-14	1.7599404661212398e-13	1.814111499564756e-18	1.333809771115535e-08
0.0838	2.3277137599440686e-14	1.247597370705271e-09	1.7839562350847673e-14	1.7683711444785028e-13	1.822801827314573e-18	1.340193178057813e-08
0.084	2.3444173243668192e-14	1.2565484710391826e-09	1.7924816134174977e-14	1.7768219666637922e-13	1.8315129203806055e-18	1.3465917944223555e-08
0.08420000000000001	2.361200595853955e-14	1.2655422694988916e-09	1.8010273138390858e-14	1.7852929326715664e-13	1.8402447787623633e-18	1.3530056200013658e-08
0.0844	2.3780637640170718e-14	1.2745788675480449e-09	1.8095933363465624e-14	1.793784042496285e-13	1.8489974024593574e-18	1.3594346545870486e-08
0.08460000000000001	2.395007018466973e-14	1.2836583666493507e-09	1.8181796809369553e-14	1.8022952961324089e-13	1.857770791471101e-18	1.365878897971612e-08
0.0848	2.4120305488136653e-14	1.2927808682645708e-09	1.8267863476072934e-14	1.8108266935743968e-13	1.866564945797102e-18	1.3723383499472642e-08
0.085	2.4291345446663676e-14	1.3019464738545273e-09	1.8354133363546068e-14	1.8193782348167102e-13	1.8753798654368746e-18	1.3788130103062176e-08
0.0852	2.4463191956334978e-14	1.3111552848790985e-09	1.8440606471759224e-14	1.8279499198538074e-13	1.884215550389927e-18	1.3853028788406836e-08
0.0854	2.463584691322686e-14	1.3204074027972215e-09	1.852728280068271e-14	1.836541748680149e-13	1.893072000655773e-18	1.3918079553428782e-08
0.08560000000000001	2.4809312213407645e-14	1.3297029290668895e-09	1.8614162350286804e-14	1.845153721290195e-13	1.9019492162339226e-18	1.3983282396050177e-08
0.0858	2.4983589752937737e-14	1.339041965145152e-09	1.8701245120541794e-14	1.8537858376784042e-13	1.910847197123886e-18	1.4048637314193201e-08
0.08600000000000001	2.5158681427869624e-14	1.3484246124881213e-09	1.878853111141797e-14	1.862438097839238e-13	1.919765943325176e-18	1.4114144305780068e-08
0.0862	2.5334589134247804e-14	1.357850972550961e-09	1.8876020322885626e-14	1.871110501767155e-13	1.928705454837302e-18	1.4179803368732993e-08
0.0864	2.55113147681089e-14	1.367321146787897e-09	1.8963712754915046e-14	1.8798030494566158e-13	1.9376657316597773e-18	1.424561450097423e-08
0.08660000000000001	2.568886022548157e-14	1.3768352366522084e-09	1.905160840747652e-14	1.8885157409020805e-13	1.9466467737921115e-18	1.4311577700426038e-08
0.0868	2.586722740238651e-14	1.3863933435962362e-09	1.9139707280540332e-14	1.8972485760980074e-13	1.955648581233815e-18	1.4377692965010681e-08
0.08700000000000001	2.604641819483653e-14	1.3959955690713773e-09	1.9228009374076787e-14	1.9060015550388582e-13	1.9646711539844014e-18	1.4443960292650478e-08
0.0872	2.6226434498836456e-14	1.4056420145280845e-09	1.9316514688056147e-14	1.9147746777190912e-13	1.973714492043379e-18	1.4510379681267737e-08
0.0874	2.6407278210383232e-14	1.41533278141587e-09	1.9405223222448726e-14	1.923567944133168e-13	1.9827785954102613e-18	1.4576951128784796e-08
0.0876	2.65889512254658e-14	1.4250679711833038e-09	1.9494134977224798e-14	1.9323813542755464e-13	1.9918634640845572e-18	1.4643674633124013e-08
0.0878	2.6771455440065235e-14	1.4348476852780135e-09	1.958324995235466e-14	1.941214908140689e-13	2.0009690980657802e-18	1.4710550192207766e-08
0.08800000000000001	2.6954792750154615e-14	1.4446720251466833e-09	1.9672568147808598e-14	1.950068605723053e-13	2.0100954973534403e-18	1.4777577803958447e-08
0.0882	2.7138965051699102e-14	1.4545410922350529e-09	1.976208956355689e-14	1.9589424470170996e-13	2.0192426619470476e-18	1.4844757466298464e-08
0.0884	2.732397424065595e-14	1.4644549879879265e-09	1.985181419956985e-14	1.9678364320172885e-13	2.0284105918461147e-18	1.4912089177150254e-08
0.0886	2.750982221297442e-14	1.4744138138491581e-09	1.9941742055817737e-14	1.9767505607180793e-13	2.037599287050152e-18	1.497957293443626e-08
0.0888	2.7696510864595905e-14	1.4844176712616648e-09	2.0031873132270868e-14	1.9856848331139317e-13	2.046808747558671e-18	1.5047208736078966e-08
0.08900000000000001	2.788404209145382e-14	1.4944666616674182e-09	2.0122207428899513e-14	1.9946392491993068e-13	2.0560389733711827e-18	1.5114996580000846e-08
0.0892	2.807241778947363e-14	1.5045608865074487e-09	2.0212744945673962e-14	2.0036138089686628e-13	2.0652899644871973e-18	1.518293646412441e-08
0.08940000000000001	2.8261639854572907e-14	1.514700447221846e-09	2.030348568256451e-14	2.012608512416461e-13	2.0745617209062277e-18	1.525102838637219e-08
0.0896	2.8451710182661244e-14	1.5248854452497533e-09	2.039442963954144e-14	2.0216233595371598e-13	2.0838542426277837e-18	1.5319272344666726e-08
0.0898	2.8642630669640336e-14	1.5351159820293752e-09	2.048557681657505e-14	2.0306583503252208e-13	2.093167529651377e-18	1.5387668336930587e-08
0.09000000000000001	2.883440321140392e-14	1.5453921589979731e-09	2.0576927213635628e-14	2.0397134847751025e-13	2.1025015819765184e-18	1.5456216361086353e-08
0.0902	2.902702970383778e-14	1.5557140775918642e-09	2.066848083069345e-14	2.0487887628812654e-13	2.1118563996027195e-18	1.5524916415056618e-08
0.09040000000000001	2.922051204281982e-14	1.566081839246427e-09	2.0760237667718817e-14	2.0578841846381699e-13	2.12123198252949e-18	1.5593768496764014e-08
0.0906	2.9414852124219947e-14	1.576495545396092e-09	2.0852197724682006e-14	2.066999750040274e-13	2.130628330756344e-18	1.566277260413117e-08
0.0908	2.9610051843900175e-14	1.5869552974743548e-09	2.0944361001553318e-14	2.07613545908204e-13	2.140045444282789e-18	1.573192873508076e-08
0.091	2.980611309771454e-14	1.5974611969137622e-09	2.1036727498303037e-14	2.085291311757926e-13	2.149483323108339e-18	1.580123688753545e-08
0.0912	3.0003037781509196e-14	1.6080133451459225e-09	2.1129297214901457e-14	2.0944673080623927e-13	2.158941967232503e-18	1.587069705941794e-08
0.09140000000000001	3.020082779112232e-14	1.6186118436014997e-09	2.1222070151318866e-14	2.1036634479899002e-13	2.168421376654794e-18	1.594030924865094e-08
0.0916	3.039948502238414e-14	1.6292567937102158e-09	2.1315046307525537e-14	2.1128797315349076e-13	2.1779215513747218e-18	1.6010073453157183e-08
0.0918	3.059901137111702e-14	1.6399482969008528e-09	2.1408225683491777e-14	2.1221161586918752e-13	2.187442491391798e-18	1.6079989670859434e-08
0.092	3.079940873313529e-14	1.6506864546012463e-09	2.1501608279187865e-14	2.1313727294552628e-13	2.1969841967055332e-18	1.6150057899680446e-08
0.0922	3.1000679004245446e-14	1.6614713682382928e-09	2.15951940945841e-14	2.140649443819531e-13	2.20654666731544e-18	1.622027813754303e-08
0.09240000000000001	3.1202824080245965e-14	1.6723031392379469e-09	2.168898312965076e-14	2.1499463017791387e-13	2.216129903221028e-18	1.6290650382369986e-08
0.0926	3.1405845856927414e-14	1.6831818690252173e-09	2.1782975384358135e-14	2.159263303328546e-13	2.2257339044218088e-18	1.6361174632084135e-08
0.09280000000000001	3.1609746230072456e-14	1.694107659024175e-09	2.1877170858676527e-14	2.168600448462213e-13	2.2353586709172934e-18	1.643185088460834e-08
0.093	3.181452709545576e-14	1.7050806106579433e-09	2.19715695525762e-14	2.1779577371745992e-13	2.2450042027069928e-18	1.650267913786545e-08
0.0932	3.202019034884413e-14	1.7161008253487103e-09	2.206617146602747e-14	2.1873351694601655e-13	2.2546704997904193e-18	1.6573659389778364e-08
0.09340000000000001	3.222673788599639e-14	1.7271684045177167e-09	2.216097659900061e-14	2.1967327453133711e-13	2.264357562167083e-18	1.6644791638269992e-08
0.0936	3.2434171602663397e-14	1.7382834495852607e-09	2.2255984951465912e-14	2.2061504647286748e-13	2.2740653898364944e-18	1.6716075881263226e-08
0.09380000000000001	3.2642493394588136e-14	1.749446061970701e-09	2.2351196523393667e-14	2.2155883277005386e-13	2.2837939827981665e-18	1.6787512116681043e-08
0.094	3.285170515750562e-14	1.7606563430924522e-09	2.2446611314754156e-14	2.2250463342234212e-13	2.293543341051608e-18	1.6859100342446382e-08
0.0942	3.306180878714295e-14	1.7719143943679893e-09	2.2542229325517685e-14	2.234524484291783e-13	2.303313464596332e-18	1.6930840556482233e-08
0.0944	3.3272806179219264e-14	1.783220317213841e-09	2.263805055565452e-14	2.2440227779000832e-13	2.313104353431848e-18	1.7002732756711588e-08
0.0946	3.3484699229445817e-14	1.7945742130455964e-09	2.2734075005134976e-14	2.2535412150427826e-13	2.322916007557669e-18	1.7074776941057473e-08
0.09480000000000001	3.3697489833525826e-14	1.805976183277904e-09	2.2830302673929313e-14	2.2630797957143402e-13	2.3327484269733053e-18	1.714697310744292e-08
0.095	3.3911179887154665e-14	1.8174263293244643e-09	2.292673356200784e-14	2.2726385199092163e-13	2.3426016116782674e-18	1.7219321253790973e-08
0.0952	3.412577128601977e-14	1.828924752598042e-09	2.3023367669340844e-14	2.2822173876218715e-13	2.3524755616720675e-18	1.7291821378024726e-08
0.0954	3.434126592580054e-14	1.8404715545104559e-09	2.312020499589861e-14	2.291816398846764e-13	2.3623702769542155e-18	1.7364473478067256e-08
0.0956	3.4557665702168604e-14	1.852066836472585e-09	2.3217245541651425e-14	2.301435553578356e-13	2.3722857575242232e-18	1.7437277551841685e-08
0.09580000000000001	3.4774972510787506e-14	1.863710699894364e-09	2.3314489306569583e-14	2.3110748518111055e-13	2.3822220033816025e-18	1.751023359727114e-08
0.096	3.499318824731292e-14	1.8754032461847834e-09	2.3411936290623366e-14	2.3207342935394724e-13	2.3921790145258626e-18	1.7583341612278774e-08
0.09620000000000001	3.521231480739261e-14	1.8871445767518978e-09	2.3509586493783067e-14	2.3304138787579186e-13	2.4021567909565163e-18	1.765660159478775e-08
0.0964	3.5432354086666297e-14	1.898934793002815e-09	2.3607439916018982e-14	2.340113607460902e-13	2.4121553326730736e-18	1.7730013542721255e-08
0.0966	3.565330798076593e-14	1.910773996343703e-09	2.3705496557301383e-14	2.3498334796428836e-13	2.422174639675047e-18	1.78035774540025e-08
0.09680000000000001	3.5875178385315384e-14	1.922662288179784e-09	2.3803756417600587e-14	2.3595734952983226e-13	2.4322147119619466e-18	1.787729332655471e-08
0.097	3.6097967195930644e-14	1.9345997699153413e-09	2.3902219496886845e-14	2.3693336544216795e-13	2.442275549533283e-18	1.7951161158301122e-08
0.09720000000000001	3.632167630821982e-14	1.946586542953717e-09	2.400088579513048e-14	2.379113957007415e-13	2.4523571523885693e-18	1.8025180947165005e-08
0.0974	3.654630761778295e-14	1.958622708697307e-09	2.4099755312301743e-14	2.388914403049985e-13	2.4624595205273143e-18	1.8099352691069646e-08
0.0976	3.6771863020212266e-14	1.9707083685475677e-09	2.4198828048370966e-14	2.3987349925438555e-13	2.4725826539490305e-18	1.8173676387938337e-08
0.0978	3.6998344411092004e-14	1.9828436239050144e-09	2.4298104003308418e-14	2.408575725483481e-13	2.482726552653228e-18	1.82481520356944e-08
0.098	3.7225753685998477e-14	1.9950285761692184e-09	2.439758317708438e-14	2.418436601863325e-13	2.49289121663942e-18	1.832277963226118e-08
0.09820000000000001	3.745409274050009e-14	2.007263326738809e-09	2.4497265569669172e-14	2.4283176216778464e-13	2.5030766459071157e-18	1.839755917556203e-08
0.0984	3.7683363470157235e-14	2.019547977011473e-09	2.459715118103303e-14	2.4382187849215044e-13	2.513282840455826e-18	1.8472490663520317e-08
0.09860000000000001	3.791356777052244e-14	2.031882628383957e-09	2.4697240011146295e-14	2.44814009158876e-13	2.5235098002850636e-18	1.8547574094059453e-08
0.0988	3.814470753714028e-14	2.0442673822520632e-09	2.4797532059979214e-14	2.4580815416740715e-13	2.5337575253943384e-18	1.862280946510284e-08
0.099	3.8376784665547426e-14	2.056702340010655e-09	2.489802732750212e-14	2.4680431351719005e-13	2.544026015783162e-18	1.869819677457392e-08
0.09920000000000001	3.8609801051272516e-14	2.0691876030536493e-09	2.4998725813685266e-14	2.478024872076706e-13	2.5543152714510465e-18	1.8773736020396138e-08
0.0994	3.884375858983634e-14	2.0817232727740242e-09	2.5099627518498955e-14	2.488026752382948e-13	2.5646252923975e-18	1.8849427200492963e-08
0.09960000000000001	3.907865917675174e-14	2.0943094505638152e-09	2.5200732441913467e-14	2.4980487760850875e-13	2.5749560786220375e-18	1.8925270312787895e-08
0.0998	3.931450470752362e-14	2.1069462378141143e-09	2.5302040583899092e-14	2.5080909431775826e-13	2.5853076301241665e-18	1.9001265355204432e-08
0.1	3.955129707764893e-14	2.1196337359150717e-09	2.5403551944426146e-14	2.518153253654894e-13	2.5956799469034015e-18	1.9077412325666114e-08
0.10020000000000001	3.978903818261667e-14	2.1323720462558993e-09	2.5505266523464886e-14	2.528235707511484e-13	2.606073028959251e-18	1.9153711222096477e-08
