0	0.0	0.0	0.0	0.0	0.0	0.0
0.0002	71135.87337728914	1049.1494429250065	4.343083380830239	4.343083380830239	4.343083380830239	4.343083380830239
0.0004	539530.8502579218	19387.80247162643	253.18850802589574	253.18850802589574	253.18850802589574	253.18850802589574
0.0006	1726345.3820654785	103689.28113323684	2626.983786013153	2626.983786013153	2626.983786013153	2626.983786013153
0.0008	3879551.530953204	333788.80678547476	13444.840681545975	13444.840681545975	13444.840681545975	13444.840681545975
0.001	7183716.609421044	813590.5129891956	46717.71432846784	46717.71432846784	46717.71432846784	46717.71432846784
0.0012	11768755.959500786	1663140.7202343794	127067.62461033904	127067.62461033904	127067.62461033904	127067.62461033904
0.0014	17717749.362329878	3011075.2623538887	291864.6500615481	291864.6500615481	291864.6500615481	291864.6500615481
0.0016	25073907.67272573	4987912.8074352145	592378.1453690883	592378.1453690883	592378.1453690883	592378.1453690883
0.0018	33846768.99477342	7720371.084932873	1093906.0159336948	1093906.0159336948	1093906.0159336948	1093906.0159336948
0.002	44017697.00749115	11326739.449653568	1874954.7996343619	1874954.7996343619	1874954.7996343619	1874954.7996343619
0.0022	55544747.87166856	15913266.435049744	3025608.710232912	3025608.710232912	3025608.710232912	3025608.710232912
0.0024	68366966.46037409	21571481.969096314	4645259.449546523	4645259.449546523	4645259.449546523	4645259.449546523
0.0026	82408167.41963777	28376355.149051946	6839879.6679522665	6839879.6679522665	6839879.6679522665	6839879.6679522665
0.0028	97580251.7483278	36385181.612598695	9719018.525818907	9719018.525818907	9719018.525818907	9719018.525818907
0.003	113786105.15560365	45637094.847024575	13392683.284037923	13392683.284037923	13392683.284037923	13392683.284037923
0.0032	130922120.38119906	56153100.36448462	17968250.29146341	17968250.29146341	17968250.29146341	17968250.29146341
0.0034	148880381.92094192	67936538.7292003	23547525.13920618	23547525.13920618	23547525.13920618	23547525.13920618
0.0036	167550548.16211864	80973891.78647965	30224047.278141122	30224047.278141122	30224047.278141122	30224047.278141122
0.0038	186821462.7771482	95235855.35467675	38080710.55587024	38080710.55587024	38080710.55587024	38080710.55587024
0.004	206582524.32786176	110678610.6048075	47187748.928272285	47187748.928272285	47187748.928272285	47187748.928272285
0.0042	226724840.37639832	127245235.0495963	57601116.66042955	57601116.66042955	57601116.66042955	57601116.66042955
0.0044	247142189.96372962	144867202.29462174	69361274.98609099	69361274.98609099	69361274.98609099	69361274.98609099
0.0046	267731816.08585984	163465927.35103768	82492382.5662494	82492382.5662494	82492382.5662494	82492382.5662494
0.0048	288395067.7548833	182954321.310507	97001875.14680126	97001875.14680126	97001875.14680126	97001875.14680126
0.005	309037909.36252654	203238325.5156373	112880410.42909564	112880410.42909564	112880410.42909564	112880410.42909564
0.0052	329571313.3538929	224218401.02695513	130102147.13385922	130102147.13385922	130102147.13385922	130102147.13385922
0.0054	349911550.6562265	245790954.21163923	148625322.31658143	148625322.31658143	148625322.31658143	148625322.31658143
0.0056	369980391.8799025	267849683.6926382	168393087.9194848	168393087.9194848	168393087.9194848	168393087.9194848
0.0058	389705231.00572884	290286837.7393163	189334566.0560677	189334566.0560677	189334566.0560677	189334566.0560677
0.006	409019142.0840045	312994374.49609864	211366082.3600157	211366082.3600157	211366082.3600157	211366082.3600157
0.0062	427860878.38737005	335865020.2789932	234392537.64643905	234392537.64643905	234392537.64643905	234392537.64643905
0.0064	446174822.47278637	358793223.56662804	258308879.90455747	258308879.90455747	258308879.90455747	258308879.90455747
0.0066	463910894.71007484	381676004.31662583	283001641.0636936	283001641.0636936	283001641.0636936	283001641.0636936
0.0068	481024427.01808035	404413699.89195645	308350505.8687298	308350505.8687298	308350505.8687298	308350505.8687298
0.007	497476007.8079506	426910610.2251724	334229883.4104563	334229883.4104563	334229883.4104563	334229883.4104563
0.0072	513231303.46004415	449075545.91825175	360510455.2467358	360510455.2467358	360510455.2467358	360510455.2467358
0.0074	528260861.05087984	470822283.80646545	387060677.510026	387060677.510026	387060677.510026	387060677.510026
0.0076	542539896.4940302	492069935.1377062	413748217.8334547	413748217.8334547	413748217.8334547	413748217.8334547
0.0078	556048071.7590747	512743231.9626483	440441311.26744217	440441311.26744217	440441311.26744217	440441311.26744217
0.008	568769264.3811977	532772737.6218564	467010022.5442536	467010022.5442536	467010022.5442536	467010022.5442536
0.0082	580691332.0665793	552094987.376782	493327405.0357199	493327405.0357199	493327405.0357199	493327405.0357199
0.0084	591805874.8316209	570652565.2832599	519270549.5089272	519270549.5089272	519270549.5089272	519270549.5089272
0.0086	602107996.7837315	588394123.367169	544721518.2960931	544721518.2960931	544721518.2960931	544721518.2960931
0.0088	611596069.3546805	605274349.048662	569568162.747096	569568162.747096	569568162.747096	569568162.747096
0.009	620271497.5314316	621253886.5882363	593704823.822877	593704823.822877	593704823.822877	593704823.822877
0.0092	628138490.3911694	636299218.1074609	617032917.4177674	617032917.4177674	617032917.4177674	617032917.4177674
0.0094	635203837.0344461	650382509.480391	639461407.4763709	639461407.4763709	639461407.4763709	639461407.4763709
0.0096	641476688.8206701	663481426.1080049	660907171.2071345	660907171.2071345	660907171.2071345	660907171.2071345
0.0098	646968348.6414737	675578923.2856054	681295261.7044147	681295261.7044147	681295261.7044147	681295261.7044147
0.01	651692067.817835	686663015.5588976	700559074.0896711	700559074.0896711	700559074.0896711	700559074.0896711
0.0102	655662851.074487	696726529.1443406	718640421.887931	718640421.887931	718640421.887931	718640421.887931
0.0104	658897269.9284254	705766841.1682067	735489530.7857845	735489530.7857845	735489530.7857845	735489530.7857845
0.0106	661413284.7257992	713785609.160754	751064957.1904056	751064957.1904056	751064957.1904056	751064957.1904056
0.0108	663230075.471724	720788493.9302466	765333439.1433383	765333439.1433383	765333439.1433383	765333439.1433383
0.011	664367881.5193803	726784878.639062	778269687.15593	778269687.15593	778269687.15593	778269687.15593
0.0112	664847850.1169881	731787586.6127821	789856122.4419848	789856122.4419848	789856122.4419848	789856122.4419848
0.0114	664691893.752854	735812600.1347662	800082569.8436635	800082569.8436635	800082569.8436635	800082569.8436635
0.0116	663922556.1887153	738878782.2142857	808945912.4935838	808945912.4935838	808945912.4935838	808945912.4935838
0.0118	662562887.0291759	741007603.0668374	816449714.9434837	816449714.9434837	816449714.9434837	816449714.9434837
0.012	660636324.639374	742222872.8111745	822603821.1302114	822603821.1302114	822603821.1302114	822603821.1302114
0.0122	658166587.1933987	742550481.6692121	827423933.1545842	827423933.1545842	827423933.1545842	827423933.1545842
0.0124	655177571.6117381	742018148.7523115	830931176.4282577	830931176.4282577	830931176.4282577	830931176.4282577
0.0126	651693260.126597	740655180.3303238	833151656.3069679	833151656.3069679	833151656.3069679	833151656.3069679
0.0128	647737634.1987218	738492238.3080008	834116010.8835938	834116010.8835938	834116010.8835938	834116010.8835938
0.013	643334595.4979273	735561119.4763746	833858964.1681195	833858964.1681195	833858964.1681195	833858964.1681195
0.0132	638507893.6513951	731894545.9641341	832418883.4398086	832418883.4398086	832418883.4398086	832418883.4398086
0.0134	633281060.4585774	727525967.1851244	829837344.1246258	829837344.1246258	829837344.1246258	829837344.1246258
0.0136	627677350.2688719	722489373.4623642	826158705.1323632	826158705.1323632	826158705.1323632	826158705.1323632
0.0138	621719686.2177526	716819121.4056156	821429697.1862388	821429697.1862388	821429697.1862388	821429697.1862388
0.014	615430612.0185043	710549771.0279295	815699026.2957947	815699026.2957947	815699026.2957947	815699026.2957947
0.0142	608832249.0097919	703715934.5059347	809016994.1634799	809016994.1634799	809016994.1634799	809016994.1634799
0.0144	601946258.1638154	696352136.4182606	801435136.9779817	801435136.9779817	801435136.9779817	801435136.9779817
0.0146	594793806.7654927	688492685.2356341	793005883.7339752	793005883.7339752	793005883.7339752	793005883.7339752
0.0148	587395539.4798181	680171555.7841711	783782234.9291322	783782234.9291322	783782234.9291322	783782234.9291322
0.015	579771553.5320668	671422282.359487	773817462.2248619	773817462.2248619	773817462.2248619	773817462.2248619
0.0152	571941377.7337192	662277862.1328216	763164829.4174713	763164829.4174713	763164829.4174713	763164829.4174713
0.0154	563923955.0957147	652770668.4607599	751877334.850442	751877334.850442	751877334.850442	751877334.850442
0.0156	555737628.7797899	642932373.6866915	740007475.2058575	740007475.2058575	740007475.2058575	740007475.2058575
0.0158	547400131.1481223	632793881.0043509	727607030.4427791	727607030.4427791	727607030.4427791	727607030.4427791
0.016	538928575.6811575	622385264.9409906	714726869.5013952	714726869.5013952	714726869.5013952	714726869.5013952
0.0162	530339451.54330325	611735720.0095016	701416776.263197	701416776.263197	701416776.263197	701416776.263197
0.0164	521648620.5860234	600873517.0745605	687725295.1478405	687725295.1478405	687725295.1478405	687725295.1478405
0.0166	512871316.5877023	589825966.9772347	673699595.6356049	673699595.6356049	673699595.6356049	673699595.6356049
0.0168	504022146.5394372	578619390.9649378	659385354.9291421	659385354.9291421	659385354.9291421	659385354.9291421
0.017	495115093.79558176	567279097.4788624	644826657.9083182	644826657.9083182	644826657.9083182	644826657.9083182
0.0172	486163522.91737914	555829364.8585713	630065913.4858738	630065913.4858738	630065913.4858738	630065913.4858738
0.0174	477180186.0473557	544293429.5330586	615143786.4384516	615143786.4384516	615143786.4384516	615143786.4384516
0.0176	468177230.6612648	532693479.27889365	600099143.7657013	600099143.7657013	600099143.7657013	600099143.7657013
0.0178	459166208.5532455	521050651.13883525	584969014.6187186	584969014.6187186	584969014.6187186	584969014.6187186
0.018	450158085.9184829	509385033.6082109	569788562.8367454	569788562.8367454	569788562.8367454	569788562.8367454
0.0182	441163254.40600175	497715672.7112403	554591071.136812	554591071.136812	554591071.136812	554591071.136812
0.0184	432191543.02229255	486060581.6050381	539407936.0138518	539407936.0138518	539407936.0138518	539407936.0138518
0.0186	423252230.7742302	474436753.3651909	524268672.4277031	524268672.4277031	524268672.4277031	524268672.4277031
0.0188	414354059.9472175	462860176.6232611	509200927.37758774	509200927.37758774	509200927.37758774	509200927.37758774
0.019	405505249.9216527	451345853.7432732	494230501.4931239	494230501.4931239	494230501.4931239	494230501.4931239
0.0192	396713511.4376743	439907821.241021	479381377.8030693	479381377.8030693	479381377.8030693	479381377.8030693
0.0194	387986061.22469467	428559172.16675216	464675756.8780015	464675756.8780015	464675756.8780015	464675756.8780015
0.0196	379329636.91848713	417312080.18839043	450134097.58042234	450134097.58042234	450134097.58042234	450134097.58042234
0.0198	370750512.19454074	406177825.1288046	435775162.69479346	435775162.69479346	435775162.69479346	435775162.69479346
0.02	362254512.05205804	395166819.7266642	421616068.7500673	421616068.7500673	421616068.7500673	421616068.7500673
0.0202	353847028.1883392	384288637.4061191	407672339.38821346	407672339.38821346	407672339.38821346	407672339.38821346
0.0204	345533034.4083768	373552040.85574436	393957961.6732953	393957961.6732953	393957961.6732953	393957961.6732953
0.0206	337317102.0193064	362965011.2319825	380485444.7767191	380485444.7767191	380485444.7767191	380485444.7767191
0.0208	329203415.1638852	352534777.8165399	367265880.514936	367265880.514936	367265880.514936	367265880.514936
0.021	321195786.0514677	342267847.97092026	354309005.2558215	354309005.2558215	354309005.2558215	354309005.2558215
0.0212	313297670.04896426	332170037.24440706	341623262.74906135	341623262.74906135	341623262.74906135	341623262.74906135
0.0214	305512180.5980645	322246499.504385	329215867.47378546	329215867.47378546	329215867.47378546	329215867.47378546
0.0216	297842103.92855936	312501756.9698668	317092868.13343066	317092868.13343066	317092868.13343066	317092868.13343066
0.0218	290289913.5409178	302939730.04046154	305259210.963061	305259210.963061	305259210.963061	305259210.963061
0.022	282857784.4343985	293563766.8238333	293718802.5481813	293718802.5481813	293718802.5481813	293718802.5481813
0.0222	275547607.05987203	284376672.27488667	282474571.8862657	282474571.8862657	282474571.8862657	282474571.8862657
0.0224	268361000.97924474	275380736.8695284	271528531.45276463	271528531.45276463	271528531.45276463	271528531.45276463
0.0226	261299328.21589315	266577764.74490938	260881837.06225163	260881837.06225163	260881837.06225163	260881837.06225163
0.0228	254363706.2828587	257969101.24651954	250534846.34251365	250534846.34251365	250534846.34251365	250534846.34251365
0.023	247555020.8777209	249555659.8304392	240487175.66489133	240487175.66489133	240487175.66489133	240487175.66489133
0.0232	240873938.23507866	241337948.27645704	230737755.39794037	230737755.39794037	230737755.39794037	230737755.39794037
0.0234	234320917.12941334	233316094.17463464	221284883.37361723	221284883.37361723	221284883.37361723	221284883.37361723
0.0236	227896220.52282494	225489869.6542882	212126276.4756703	212126276.4756703	212126276.4756703	212126276.4756703
0.0238	221599926.85369167	217858715.33025834	203259120.27881807	203259120.27881807	203259120.27881807	203259120.27881807
0.024	215431940.96374774	210421763.44678533	194680116.6846493	194680116.6846493	194680116.6846493	194680116.6846493
0.0242	209392004.66238493	203177860.20431426	186385529.51603967	186385529.51603967	186385529.51603967	186385529.51603967
0.0244	203479706.92818534	196125587.25913942	178371228.0463336	178371228.0463336	178371228.0463336	178371228.0463336
0.0246	197694493.74877793	189263282.3899808	170632728.452594	170632728.452594	170632728.452594	170632728.452594
0.0248	192035677.6011041	182589059.32940182	163165233.19401658	163165233.19401658	163165233.19401658	163165233.19401658
0.025	186502446.5750625	176100826.7614333	155963668.3271356	155963668.3271356	155963668.3271356	155963668.3271356
0.0252	181093873.14430687	169796306.48986235	149022718.7788348	149022718.7788348	149022718.7788348	149022718.7788348
0.0254	175808922.5886852	163673050.7844619	142336861.60645416	142336861.60645416	142336861.60645416	142336861.60645416
0.0256	170646461.07344657	157728458.9149249	135900397.2815531	135900397.2815531	135900397.2815531	135900397.2815531
0.0258	165605263.39090204	151959792.88446978	129707479.04016945	129707479.04016945	129707479.04016945	129707479.04016945
0.026	160684020.37072703	146364192.3770605	123752140.34784047	123752140.34784047	123752140.34784047	123752140.34784047
0.0262	155881345.96551555	140938688.9338658	118028320.53220925	118028320.53220925	118028320.53220925	118028320.53220925
0.0264	151195784.0185752	135680219.37608275	112529888.63986224	112529888.63986224	112529888.63986224	112529888.63986224
0.0266	146625814.72126442	130585638.49250047	107250665.57714568	107250665.57714568	107250665.57714568	107250665.57714568
0.0268	142169860.76744217	125651731.01126494	102184444.59716676	102184444.59716676	102184444.59716676	102184444.59716676
0.027	137826293.21281546	120875222.87618066	97325010.19705714	97325010.19705714	97325010.19705714	97325010.19705714
0.0272	133593437.04715143	116252791.84862393	92666155.4909104	92666155.4909104	92666155.4909104	92666155.4909104
0.0274	129469576.48745142	111781077.45669429	88201698.12464362	88201698.12464362	88201698.12464362	88201698.12464362
0.0276	125452960.00028704	107456690.31367281	83925494.7994514	83925494.7994514	83925494.7994514	83925494.7994514
0.0278	121541805.0615625	103276220.82814783	79831454.47053087	79831454.47053087	79831454.47053087	79831454.47053087
0.028	117734302.66200429	99236247.32835068	75913550.28742188	75913550.28742188	75913550.28742188	75913550.28742188
0.0282	114028621.5666857	95333343.62332885	72165830.34166655	72165830.34166655	72165830.34166655	72165830.34166655
0.0284	110422912.33687532	91564086.02355061	68582427.28657208	68582427.28657208	68582427.28657208	68582427.28657208
0.0286	106915311.12246075	87925059.84344618	65157566.8927141	65157566.8927141	65157566.8927141	65157566.8927141
0.0288	103503943.23313415	84412865.4081913	61885575.60144951	61885575.60144951	61885575.60144951	61885575.60144951
0.029	100186926.4964475	81024123.58680093	58760887.13718571	58760887.13718571	58760887.13718571	58760887.13718571
0.0292	96962374.4107502	77755480.8732783	55778048.237461835	55778048.237461835	55778048.237461835	55778048.237461835
0.0294	93828399.10090882	74603614.03720441	52931723.55810175	52931723.55810175	52931723.55810175	52931723.55810175
0.0296	90783114.08458345	71565234.36473812	50216699.80879161	50216699.80879161	50216699.80879161	50216699.80879161
0.0298	87824636.85670294	68637091.51054202	47627889.17245721	47627889.17245721	47627889.17245721	47627889.17245721
0.03	84951091.2996311	65815976.980666034	45160332.059777774	45160332.059777774	45160332.059777774	45160332.059777774
0.0302	82160609.92636378	63098727.26589662	42809199.24808982	42809199.24808982	42809199.24808982	42809199.24808982
0.0304	79451335.96393378	60482226.64454551	40569793.45183344	40569793.45183344	40569793.45183344	40569793.45183344
0.0306	76821425.28403397	57963409.6730863	38437550.36957378	38437550.36957378	38437550.36957378	38437550.36957378
0.0308	74269048.18769118	55539263.38247129	36408039.25051397	36408039.25051397	36408039.25051397	36408039.25051397
0.031	71792391.05065233	53206829.19737554	34476963.02131375	34476963.02131375	34476963.02131375	34476963.02131375
0.0312	69389657.83595693	50963204.595016725	32640158.01194499	32640158.01194499	32640158.01194499	32640158.01194499
0.0314	67059071.479991466	48805544.51959935	30893593.317263275	30893593.317263275	30893593.317263275	30893593.317263275
0.0316	64798875.15813285	46731062.5678273	29233369.828960128	29233369.828960128	29233369.828960128	29233369.828960128
0.0318	62607333.43590518	44737031.9603297	27655718.97059405	27655718.97059405	27655718.97059405	27655718.97059405
0.032	60482733.311384395	42820786.313239336	26157001.166472625	26157001.166472625	26157001.166472625	26157001.166472625
0.0322	58423385.1544026	40979720.223574996	24733704.073297776	24733704.073297776	24733704.073297776	24733704.073297776
0.0324	56427623.54791638	39211289.68148307	23382440.60167299	23382440.60167299	23382440.60167299	23382440.60167299
0.0326	54493808.03671985	37513012.32182114	22099946.752826694	22099946.752826694	22099946.752826694	22099946.752826694
0.0328	52620323.78850124	35882467.526989125	20883079.29421912	20883079.29421912	20883079.29421912	20883079.29421912
0.033	50805582.17206115	34317296.39236035	19728813.296081025	19728813.296081025	19728813.296081025	19728813.296081025
0.0332	49048021.25733198	32815201.56511153	18634239.5493783	18634239.5493783	18634239.5493783	18634239.5493783
0.0334	47346106.241664104	31373946.966722243	17596561.88420719	17596561.88420719	17596561.88420719	17596561.88420719
0.0336	45698329.806670785	29991357.408887934	16613094.406206137	16613094.406206137	16613094.406206137	16613094.406206137
0.0338	44103212.409754716	28665318.112088714	15681258.667213066	15681258.667213066	15681258.667213066	15681258.667213066
0.034	42559302.51427398	27393774.13556182	14798580.785110522	14798580.785110522	14798580.785110522	14798580.785110522
0.0342	41065176.762142055	26174729.726949636	13962688.526575925	13962688.526575925	13962688.526575925	13962688.526575925
0.0344	39619440.09249851	25006247.59943595	13171308.36529668	13171308.36529668	13171308.36529668	13171308.36529668
0.0346	38220725.80993115	23886448.14373492	12422262.527112303	12422262.527112303	12422262.527112303	12422262.527112303
0.0348	36867695.605581306	22813508.581871882	11713466.032512031	11713466.032512031	11713466.032512031	11713466.032512031
0.035	35559039.534314886	21785662.069276873	11042923.745940577	11042923.745940577	11042923.745940577	11042923.745940577
0.0352	34293475.95100028	20801196.751320127	10408727.440449063	10408727.440449063	10408727.440449063	10408727.440449063
0.0354	33069751.40879489	19858454.78003033	9809052.885366147	9809052.885366147	9809052.885366147	9809052.885366147
0.0356	31886640.52220722	18955831.296377063	9242156.963859461	9242156.963859461	9242156.963859461	9242156.963859461
0.0358	30742945.79757109	18091773.383142553	8706374.8265026	8706374.8265026	8706374.8265026	8706374.8265026
0.036	29637497.4334417	17264778.993076887	8200117.08626012	8200117.08626012	8200117.08626012	8200117.08626012
0.0362	28569153.09330118	16473395.856707275	7721867.0596463205	7721867.0596463205	7721867.0596463205	7721867.0596463205
0.0364	27536797.652842507	15716220.373868767	7270178.058205467	7270178.058205467	7270178.058205467	7270178.058205467
0.0366	26539342.92398665	14991896.492730645	6843670.733894705	6843670.733894705	6843670.733894705	6843670.733894705
0.0368	25575727.357677594	14299114.579817118	6441030.481428595	6441030.481428595	6441030.481428595	6441030.481428595
0.037	24644915.727392603	13636610.284256363	6061004.9001589725	6061004.9001589725	6061004.9001589725	6061004.9001589725
0.0372	23745898.795204237	13003163.399241716	5702401.317620231	5702401.317620231	5702401.317620231	5702401.317620231
0.0374	22877692.96213031	12397596.723452896	5364084.376458564	5364084.376458564	5364084.376458564	5364084.376458564
0.0376	22039339.90441394	11818774.924958237	5044973.686088591	5044973.686088591	5044973.686088591	5044973.686088591
0.0378	21229906.19728465	11265603.409908254	4744041.540076883	4744041.540076883	4744041.540076883	4744041.540076883
0.038	20448482.927663524	10737027.198128436	4460310.6999379955	4460310.6999379955	4460310.6999379955	4460310.6999379955
0.0382	19694185.297191318	10232029.807530252	4192852.2457434745	4192852.2457434745	4192852.2457434745	4192852.2457434745
0.0384	18966152.21687837	9749632.149080632	3940783.4936855016	3940783.4936855016	3940783.4936855016	3940783.4936855016
0.0386	18263545.89459722	9288891.433900692	3703265.9805032155	3703265.9805032155	3703265.9805032155	3703265.9805032155
0.0388	17585551.41656514	8848900.093908027	3479503.514469901	3479503.514469901	3479503.514469901	3479503.514469901
0.039	16931376.323892985	8428784.717266385	3268740.2924499605	3268740.2924499605	3268740.2924499605	3268740.2924499605
0.0392	16300250.18520928	8027704.999768096	3070259.0823675273	3070259.0823675273	3070259.0823675273	3070259.0823675273
0.0394	15691424.166303037	7644852.713143689	2883379.47027898	2883379.47027898	2883379.47027898	2883379.47027898
0.0396	15104170.597668156	7279450.691171234	2707456.1711103558	2707456.1711103558	2707456.1711103558	2707456.1711103558
0.0398	14537782.54077228	6930751.834343177	2541877.40200563	2541877.40200563	2541877.40200563	2541877.40200563
0.04	13991573.353817489	6598038.13374286	2386063.317132048	2386063.317132048	2386063.317132048	2386063.317132048
0.0402	13464876.257706288	6280619.71468293	2239464.5027024196	2239464.5027024196	2239464.5027024196	2239464.5027024196
0.0404	12957043.9028756	5977833.900566544	2101560.5309017943	2101560.5309017943	2101560.5309017943	2101560.5309017943
0.0406	12467447.937612927	5689044.297346029	1971858.5713442361	1971858.5713442361	1971858.5713442361	1971858.5713442361
0.0408	11995478.57842269	5413639.898874702	1849892.0586355668	1849892.0586355668	1849892.0586355668	1849892.0586355668
0.041	11540544.182967069	5151034.213374777	1735219.4145774145	1735219.4145774145	1735219.4145774145	1735219.4145774145
0.0412	11102070.826064	4900664.411175422	1627422.8235168164	1627422.8235168164	1627422.8235168164	1627422.8235168164
0.0414	10679501.879185721	4661990.493814278	1526107.059322662	1526107.059322662	1526107.059322662	1526107.059322662
0.0416	10272297.59386368	4434494.484537207	1430898.362455007	1430898.362455007	1430898.362455007	1430898.362455007
0.0418	9879934.689370465	4217679.640179467	1341443.365584688	1341443.365584688	1341443.365584688	1341443.365584688
0.042	9501905.945015742	4011069.6843630923	1257408.0662182246	1257408.0662182246	1257408.0662182246	1257408.0662182246
0.0422	9137719.79736171	3814208.061901649	1178476.8447863564	1178476.8447863564	1178476.8447863564	1178476.8447863564
0.0424	8786899.942633582	3626657.214263945	1104351.526662555	1104351.526662555	1104351.526662555	1104351.526662555
0.0426	8448984.944572397	3447997.8759121434	1034750.486590346	1034750.486590346	1034750.486590346	1034750.486590346
0.0428	8123527.847950906	3277828.391297237	969407.7940149588	969407.7940149588	969407.7940149588	969407.7940149588
0.043	7810095.7979482245	3115764.05226593	908072.3978345064	908072.3978345064	908072.3978345064	908072.3978345064
0.0432	7508269.665555227	2961436.455606669	850507.3491090707	850507.3491090707	850507.3491090707	850507.3491090707
0.0434	7217643.679160758	2814492.8804394174	796489.0602915474	796489.0602915474	796489.0602915474	796489.0602915474
0.0436	6937825.062447635	2674595.6851335885	745806.5995720194	745806.5995720194	745806.5995720194	745806.5995720194
0.0438	6668433.6787080355	2541421.7234201613	698261.0189572878	698261.0189572878	698261.0189572878	698261.0189572878
0.044	6409101.681669533	2414661.77934884	653664.7147385337	653664.7147385337	653664.7147385337	653664.7147385337
0.0442	6159473.172905965	2294020.020727391	611840.8190329691	611840.8190329691	611840.8190329691	611840.8190329691
0.0444	5919203.865891122	2179213.470669115	572622.6211192084	572622.6211192084	572622.6211192084	572622.6211192084
0.0446	5687960.756738621	2069971.496864892	535853.0173207641	535853.0173207641	535853.0173207641	535853.0173207641
0.0448	5465421.801657066	1966035.318188293	501383.988227548	501383.988227548	501383.988227548	501383.988227548
0.045	5251275.601136874	1867157.528236494	469076.1020810247	469076.1020810247	469076.1020810247	469076.1020810247
0.0452	5045221.09087296	1773101.6354046888	438798.04318483744	438798.04318483744	438798.04318483744	438798.04318483744
0.0454	4846967.23941639	1683641.619088642	410426.16423887433	410426.16423887433	410426.16423887433	410426.16423887433
0.0456	4656232.752537653	1598561.5016079592	383844.06153103476	383844.06153103476	383844.06153103476	383844.06153103476
0.0458	4472745.784274775	1517654.9354417603	358942.17195694393	358942.17195694393	358942.17195694393	358942.17195694393
0.046	4296243.654630645	1440724.8053686293	335617.3908737023	335617.3908737023	335617.3908737023	335617.3908737023
0.0462	4126472.573875632	1367582.845103875	313772.709829154	313772.709829154	313772.709829154	313772.709829154
0.0464	3963187.3734044246	1298049.2680290998	293316.873243153	293316.873243153	293316.873243153	293316.873243153
0.0466	3806151.2430890044	1231952.4116120907	274164.0531517869	274164.0531517869	274164.0531517869	274164.0531517869
0.0468	3655135.4750634767	1169128.395118202	256233.5411593054	256233.5411593054	256233.5411593054	256233.5411593054
0.047	3509919.213870908	1109420.7902190152	239449.45677581723	239449.45677581723	239449.45677581723	239449.45677581723
0.0472	3370289.2128970977	1052680.3041084309	223740.47135122484	223740.47135122484	223740.47135122484	223740.47135122484
0.0474	3236039.597011682	998764.4747418967	209039.54684771923	209039.54684771923	209039.54684771923	209039.54684771923
0.0476	3106971.6313327756	947537.3778200343	195283.68872410074	195283.68872410074	195283.68872410074	195283.68872410074
0.0478	2982893.4960275893	898869.3451440796	182413.71223540168	182413.71223540168	182413.71223540168	182413.71223540168
0.048	2863620.067058435	852636.6939771163	170374.02148068408	170374.02148068408	170374.02148068408	170374.02148068408
0.0482	2748972.7027801964	808721.4670517116	159112.40056035493	159112.40056035493	159112.40056035493	159112.40056035493
0.0484	2638779.036293362	767011.1828717872	148579.81623208636	148579.81623208636	148579.81623208636	148579.81623208636
0.0486	2532872.773454049	727398.5959636146	138730.2314811921	138730.2314811921	138730.2314811921	138730.2314811921
0.0488	2431093.4964409187	689781.4667384329	129520.42944731067	129520.42944731067	129520.42944731067	129520.42944731067
0.049	2333286.4727772754	654062.3406366949	120909.84717432075	120909.84717432075	120909.84717432075	120909.84717432075
0.0492	2239302.469705193	620148.3362316668	112860.41867464794	112860.41867464794	112860.41867464794	112860.41867464794
0.0494	2148997.5738078626	587950.9419778967	105336.42682253385	105336.42682253385	105336.42682253385	105336.42682253385
0.0496	2062233.0157751876	557385.8212979089	98304.36361335267	98304.36361335267	98304.36361335267	98304.36361335267
0.0498	1978875.0002075545	528372.6257083947	91732.79834779513	91732.79834779513	91732.79834779513	91732.79834779513
0.05	1898794.5403520346	500834.8156950415	85592.25332061725	85592.25332061725	85592.25332061725	85592.25332061725
0.0502	1821867.2976653832	474699.48905300786	79855.08661374637	79855.08661374637	79855.08661374637	79855.08661374637
0.0504	1747973.4260982668	449897.2164179846	74495.38161283558	74495.38161283558	74495.38161283558	74495.38161283558
0.0506	1676997.4209952077	426361.88372049865	69488.84288487314	69488.84288487314	69488.84288487314	69488.84288487314
0.0508	1608827.9725054202	404030.54130398674	64812.698072240855	64812.698072240855	64812.698072240855	64812.698072240855
0.051	1543357.823399967	382843.2594547307	60445.605475640405	60445.605475640405	60445.605475640405	60445.605475640405
0.0512	1480483.6311915787	362742.9900994217	56367.567014622146	56367.567014622146	56367.567014622146	56367.567014622146
0.0514	1420105.8344541136	343675.43443363544	52559.846270092414	52559.846270092414	52559.846270092414	52559.846270092414
0.0516	1362128.523239637	325588.9162517747	49004.8913281001	49004.8913281001	49004.8913281001	49004.8913281001
0.0518	1306459.3134920632	308434.26075649075	45686.262158515	45686.262158515	45686.262158515	45686.262158515
0.052	1253009.2253574238	292164.6786325848	42588.56227585014	42588.56227585014	42588.56227585014	42588.56227585014
0.0522	1201692.5652920043	276735.65517752874	39697.374442541135	39697.374442541135	39697.374442541135	39697.374442541135
0.0524	1152426.8118708634	262104.8442875725	36999.20018742995	36999.20018742995	36999.20018742995	36999.20018742995
0.0526	1105132.5052005216	248231.96710518675	34481.402924086644	34481.402924086644	34481.402924086644	34481.402924086644
0.0528	1059733.1398411104	235078.7151402026	32132.154464927138	32132.154464927138	32132.154464927138	32132.154464927138
0.053	1016155.061144535	222608.65768342416	29940.384737876517	29940.384737876517	29940.384737876517	29940.384737876517
0.0532	974327.3649168903	210787.15333786636	27895.734522607025	27895.734522607025	27895.734522607025	27895.734522607025
0.0534	934181.8003147091	199581.26549886845	25988.51103317626	25988.51103317626	25988.51103317626	25988.51103317626
0.0536	895652.675886303	188959.68162038695	24209.646183197732	24209.646183197732	24209.646183197732	24209.646183197732
0.0538	858676.7686710283	178892.63611059036	22550.657378546857	22550.657378546857	22550.657378546857	22550.657378546857
0.054	823193.2362708392	169351.8367055873	21003.610691023983	21003.610691023983	21003.610691023983	21003.610691023983
0.0542	789143.5318102669	160310.39417567622	19561.08627441205	19561.08627441205	19561.08627441205	19561.08627441205
0.0544	756471.3217024537	151742.75522385986	18216.145891968517	18216.145891968517	18216.145891968517	18216.145891968517
0.0546	725122.4061406858	143624.63844165026	16962.30243162203	16962.30243162203	16962.30243162203	16962.30243162203
0.0548	695044.6422364054	135932.97319222317	15793.491291998727	15793.491291998727	15793.491291998727	15793.491291998727
0.055	666187.8697264397	128645.84129595346	14704.04352891591	14704.04352891591	14704.04352891591	14704.04352891591
0.0552	638503.8391738515	121742.42139812725	13688.660658152312	13688.660658152312	13688.660658152312	13688.660658152312
0.0554	611946.1425884216	115202.93590326706	12742.391016157655	12742.391016157655	12742.391016157655	12742.391016157655
0.0556	586470.146394555	109008.60036499744	11860.607585916427	11860.607585916427	11860.607585916427	11860.607585916427
0.0558	562032.9266759402	103141.57522472423	11038.987200434645	11038.987200434645	11038.987200434645	11038.987200434645
0.056	538593.2066280607	97584.91979661312	10273.491041302648	10273.491041302648	10273.491041302648	10273.491041302648
0.0562	516111.2961512048	92322.54840041896	9560.346354499668	9560.346354499668	9560.346354499668	9560.346354499668
0.0564	494549.03351830086	87339.18854764597	8896.029310071846	8896.029310071846	8896.029310071846	8896.029310071846
0.0566	473869.72905352537	82620.34109033243	8277.248936539956	8277.248936539956	8277.248936539956	8277.248936539956
0.0568	454038.1107591675	78152.24224540965	7700.932064887417	7700.932064887417	7700.932064887417	7700.932064887417
0.057	435020.27182990086	73921.8274111408	7164.209220760613	7164.209220760613	7164.209220760613	7164.209220760613
0.0572	416783.6199950861	69916.69669555973	6664.401407084306	6664.401407084306	6664.401407084306	6664.401407084306
0.0574	399296.8286313356	66125.08208012325	6199.00772267364	6199.00772267364	6199.00772267364	6199.00772267364
0.0576	382529.7895890467	62535.81614498915	5765.693765613943	5765.693765613943	5765.693765613943	5765.693765613943
0.0578	366453.5676781251	59138.302285367994	5362.280773193251	5362.280773193251	5362.280773193251	5362.280773193251
0.058	351040.3567595864	55922.48635138585	4986.735453019797	4986.735453019797	4986.735453019797	4986.735453019797
0.0582	336263.4373911719	52878.829646708	4637.1604626420285	4637.1604626420285	4637.1604626420285	4637.1604626420285
0.0584	322097.1359765395	49998.28322393322	4311.785497526533	4311.785497526533	4311.785497526533	4311.785497526533
0.0586	308516.78536899225	47272.26341739397	4008.958949640854	4008.958949640854	4008.958949640854	4008.958949640854
0.0588	295498.6868820649	44692.62855653669	3727.140101146008	3727.140101146008	3727.140101146008	3727.140101146008
0.059	283020.0736606687	42251.65680549932	3464.8918198327437	3464.8918198327437	3464.8918198327437	3464.8918198327437
0.0592	271059.075367767	39942.02507683846	3220.8737249419796	3220.8737249419796	3220.8737249419796	3220.8737249419796
0.0594	259594.6841429037	37756.78896962491	2993.8357939029743	2993.8357939029743	2993.8357939029743	2993.8357939029743
0.0596	248606.72179012414	35689.3636842822	2782.6123823049957	2782.6123823049957	2782.6123823049957	2782.6123823049957
0.0598	238075.80815410198	33733.50586863061	2586.1166310986277	2586.1166310986277	2586.1166310986277	2586.1166310986277
0.06	227983.33064449352	31883.296351593253	2403.3352366055406	2403.3352366055406	2403.3352366055406	2403.3352366055406
0.0602	218311.4148697103	30133.12372293978	2233.323560405341	2233.323560405341	2233.323560405341	2233.323560405341
0.0604	209042.8963424931	28477.66871928745	2075.201057571827	2075.201057571827	2075.201057571827	2075.201057571827
0.0606	200161.29322076947	26911.889378340704	1928.1470030512573	1928.1470030512573	1928.1470030512573	1928.1470030512573
0.0608	191650.78004841995	25431.006925052476	1791.3964972189092	1791.3964972189092	1791.3964972189092	1791.3964972189092
0.061	183496.16246162736	24030.49235500769	1664.2367328192067	1664.2367328192067	1664.2367328192067	1664.2367328192067
0.0612	175682.8528275607	22706.053681894406	1546.003506595525	1546.003506595525	1546.003506595525	1546.003506595525
0.0614	168196.84678317	21453.623817419175	1436.0779599501327	1436.0779599501327	1436.0779599501327	1436.0779599501327
0.0616	161024.70064285916	20269.349053454443	1333.8835339482694	1333.8835339482694	1333.8835339482694	1333.8835339482694
0.0618	154153.50964480598	19149.578117578563	1238.8831248949098	1238.8831248949098	1238.8831248949098	1238.8831248949098
0.062	147570.88700662425	18090.851774481573	1150.5764275727058	1150.5764275727058	1150.5764275727058	1150.5764275727058
0.0622	141264.94376201901	17089.89294696963	1068.4974540379574	1068.4974540379574	1068.4974540379574	1068.4974540379574
0.0624	135224.2693509653	16143.597331504414	992.21221663048	992.21221663048	992.21221663048	992.21221663048
0.0626	129437.91293683698	15249.024484366551	921.3165645666792	921.3165645666792	921.3165645666792	921.3165645666792
0.0628	123895.36542476647	14403.389355637722	855.434164155189	855.434164155189	855.434164155189	855.434164155189
0.063	118586.54215633987	13604.054249249295	794.2146133034108	794.2146133034108	794.2146133034108	794.2146133034108
0.0632	113501.76625655346	12848.521188357674	737.3316815740062	737.3316815740062	737.3316815740062	737.3316815740062
0.0634	108631.75260973824	12134.424666271088	684.4816676051173	684.4816676051173	684.4816676051173	684.4816676051173
0.0636	103967.59244192998	11459.52476407819	635.38186622818	635.38186622818	635.38186622818	635.38186622818
0.0638	99500.73848789661	10821.700617008582	589.7691381058262	589.7691381058262	589.7691381058262	589.7691381058262
0.064	95222.99072177219	10218.944212404778	547.3985751705221	547.3985751705221	547.3985751705221	547.3985751705221
0.0642	91126.48263093235	9649.354502986766	508.0422555743313	508.0422555743313	508.0422555743313	508.0422555743313
0.0644	87203.6680134433	9111.131819864693	471.48808226349075	471.48808226349075	471.48808226349075	471.48808226349075
0.0646	83447.30828005953	8602.572570490123	437.5386996693874	437.5386996693874	437.5386996693874	437.5386996693874
0.0648	79850.46024240735	8122.064207440403	406.0104833621888	406.0104833621888	406.0104833621888	406.0104833621888
0.065	76406.46436959854	7668.080454602459	376.7325978454699	376.7325978454699	376.7325978454699	376.7325978454699
0.0652	73108.93349612916	7239.176777963175	349.54611798186477	349.54611798186477	349.54611798186477	349.54611798186477
0.0654	69951.7419645038	6833.986088826863	324.3032098314885	324.3032098314885	324.3032098314885	324.3032098314885
0.0656	66929.01518659233	6451.214667864176	300.8663669585646	300.8663669585646	300.8663669585646	300.8663669585646
0.0658	64035.119608278066	6089.638298955046	279.1076985177917	279.1076985177917	279.1076985177917	279.1076985177917
0.066	61264.65306248697	5748.098602319986	258.9082656721599	258.9082656721599	258.9082656721599	258.9082656721599
0.0662	58612.43549620868	5425.499556943021	240.1574631186405	240.1574631186405	240.1574631186405	240.1574631186405
0.0664	56073.50005761845	5120.804202772471	222.752442708795	222.752442708795	222.752442708795	222.752442708795
0.0666	53643.08452989349	4833.031513649173	206.59757634842728	206.59757634842728	206.59757634842728	206.59757634842728
0.0668	51316.623098787175	4561.253432351371	191.60395554496822	191.60395554496822	191.60395554496822	191.60395554496822
0.067	49089.7384414828	4304.5920595661355	177.68892514404857	177.68892514404857	177.68892514404857	177.68892514404857
0.0672	46958.23412468359	4062.216988997503	164.77564895837892	164.77564895837892	164.77564895837892	164.77564895837892
0.0674	44918.08730032515	3833.3427812029036	152.79270514335153	152.79270514335153	152.79270514335153	152.79270514335153
0.0676	42965.44168770755	3617.226569113891	141.6737093153562	141.6737093153562	141.6737093153562	141.6737093153562
0.0678	41096.60083124397	3413.16578854305	131.35696354125366	131.35696354125366	131.35696354125366	131.35696354125366
0.068	39308.0216234073	3220.496027310186	121.78512945129854	121.78512945129854	121.78512945129854	121.78512945129854
0.0682	37596.30808283166	3038.58898693462	112.9049238437205	112.9049238437205	112.9049238437205	112.9049238437205
0.0684	35958.20537788223	2866.8505511406174	104.66683525748232	104.66683525748232	104.66683525748232	104.66683525748232
0.0686	34390.594086362966	2704.718955708563	97.02486009110129	97.02486009110129	97.02486009110129	97.02486009110129
0.0688	32890.48468236105	2551.6630544758145	89.93625694009818	89.93625694009818	89.93625694009818	89.93625694009818
0.069	31455.012241557644	2407.1806765502693	83.36131791422767	83.36131791422767	83.36131791422767	83.36131791422767
0.0692	30081.431356649955	2270.797070046213	77.26315577838115	77.26315577838115	77.26315577838115	77.26315577838115
0.0694	28767.11125483104	2142.0634278861394	71.60750583842979	71.60750583842979	71.60750583842979	71.60750583842979
0.0696	27509.531109570456	2020.5554914357378	66.36254156553659	66.36254156553659	66.36254156553659	66.36254156553659
0.0698	26306.275539221675	1905.8722279516421	61.49870302001862	61.49870302001862	61.49870302001862	61.49870302001862
0.07	25155.030285257395	1797.6345780237143	56.98853719892125	56.98853719892125	56.98853719892125	56.98853719892125
0.0702	24053.578063198132	1695.4842693855708	52.8065494904214	52.8065494904214	52.8065494904214	52.8065494904214
0.0704	22999.79457955646	1599.0826936508417	48.929065473212084	48.929065473212084	48.929065473212084	48.929065473212084
0.0706	21991.644708363958	1508.109842705565	45.33410235043429	45.33410235043429	45.33410235043429	45.33410235043429
0.0708	21027.178821090627	1422.263301653801	42.001249355736796	42.001249355736796	42.001249355736796	42.001249355736796
0.071	20104.529263991953	1341.2572953699696	38.911556513860695	38.911556513860695	38.911556513860695	38.911556513860695
0.0712	19221.906977143735	1264.8217858618386	36.0474311799924	36.0474311799924	36.0474311799924	36.0474311799924
0.0714	18377.598249639246	1192.701617789792	33.39254182119972	33.39254182119972	33.39254182119972	33.39254182119972
0.0716	17569.96160562865	1124.6557096239144	30.931728539717714	30.931728539717714	30.931728539717714	30.931728539717714
0.0718	16797.42481608124	1060.4562880483684	28.65091987188546	28.65091987188546	28.65091987188546	28.65091987188546
0.072	16058.48203134309	999.8881633453245	26.53705542828464	26.53705542828464	26.53705542828464	26.53705542828464
0.0722	15351.691029748501	942.7480436066213	24.57801397026213	24.57801397026213	24.57801397026213	24.57801397026213
0.0724	14675.670577722489	888.8438857316359	22.762546545665327	22.762546545665327	22.762546545665327	22.762546545665327
0.0726	14029.097896984373	837.9942812749915	21.08021433239825	21.08021433239825	21.08021433239825	21.08021433239825
0.0728	13410.706234628751	790.0278753071248	19.521330862468087	19.521330862468087	19.521330862468087	19.521330862468087
0.073	12819.282532020728	744.7828165456073	18.07690832162441	18.07690832162441	18.07690832162441	18.07690832162441
0.0732	12253.665188596877	702.1062371048138	16.73860764061658	16.73860764061658	16.73860764061658	16.73860764061658
0.0734	11712.741916812682	661.8537602972356	15.49869211360369	15.49869211360369	15.49869211360369	15.49869211360369
0.0736	11195.447684620154	623.8890350004775	14.349984297445388	14.349984297445388	14.349984297445388	14.349984297445388
0.0738	10700.76274199906	588.0832951813892	13.285825962558558	13.285825962558558	13.285825962558558	13.285825962558558
0.074	10227.71072819723	554.3149432415878	12.300040881840474	12.300040881840474	12.300040881840474	12.300040881840474
0.0742	9775.356856464825	522.469155918258	11.386900258890158	11.386900258890158	11.386900258890158	11.386900258890158
0.0744	9342.806173190836	492.4375115399976	10.541090610501369	10.541090610501369	10.541090610501369	10.541090610501369
0.0746	8929.201888469584	464.1176374999596	9.757683931197402	9.757683931197402	9.757683931197402	9.757683931197402
0.0748	8533.723775239614	437.41287686808727	9.032109979509308	9.032109979509308	9.032109979509308	9.032109979509308
0.075	8155.586634248265	412.2319731204328	8.36013053681187	8.36013053681187	8.36013053681187	8.36013053681187
0.0752	7794.038822201461	388.4887720172357	7.737815499889848	7.737815499889848	7.737815499889848	7.737815499889848
0.0754	7448.360840561038	366.10193971196696	7.161520678052022	7.161520678052022	7.161520678052022	7.161520678052022
0.0756	7117.863982550695	344.9946962219567	6.627867174597794	6.627867174597794	6.627867174597794	6.627867174597794
0.0758	6801.889036026342	325.09456343667284	6.133722240812121	6.133722240812121	6.133722240812121	6.133722240812121
0.076	6499.805039958735	306.33312688328516	5.676181498459445	5.676181498459445	5.676181498459445	5.676181498459445
0.0762	6211.008092364206	288.64581051009685	5.252552434007906	5.252552434007906	5.252552434007906	5.252552434007906
0.0764	5934.920207603349	271.97166378752075	4.860339074573786	4.860339074573786	4.860339074573786	4.860339074573786
0.0766	5670.988221050419	256.2531604632421	4.497227761873074	4.497227761873074	4.497227761873074	4.497227761873074
0.0768	5418.6827392136465	241.43600834329268	4.161073946324645	4.161073946324645	4.161073946324645	4.161073946324645
0.077	5177.497133462637	227.46896950401103	3.8498899289072486	3.8498899289072486	3.8498899289072486	3.8498899289072486
0.0772	4946.946575591797	214.3036903714137	3.5618334834493433	3.5618334834493433	3.5618334834493433	3.5618334834493433
0.0774	4726.5671135183775	201.89454113443298	3.2951972967585825	3.2951972967585825	3.2951972967585825	3.2951972967585825
0.0776	4515.914785481281	190.19846398677413	3.0483991683961955	3.0483991683961955	3.0483991683961955	3.0483991683961955
0.0778	4314.56477117133	179.17482971907324	2.819972915996663	2.819972915996663	2.819972915996663	2.819972915996663
0.078	4122.1105782858285	168.7853022084737	2.6085599358415155	2.6085599358415155	2.6085599358415155	2.6085599358415155
0.0782	3938.16326306039	158.9937103769244	2.4129013719421564	2.4129013719421564	2.4129013719421564	2.4129013719421564
0.0784	3762.3506833884135	149.76592721234013	2.2318308501838127	2.2318308501838127	2.2318308501838127	2.2318308501838127
0.0786	3594.3167831937935	141.06975546850848	2.0642677371516496	2.0642677371516496	2.0642677371516496	2.0642677371516496
0.0788	3433.7209067758413	132.87481968011477	1.9092108861138755	1.9092108861138755	1.9092108861138755	1.9092108861138755
0.079	3280.2371418966572	125.15246414880109	1.7657328352922046	1.7657328352922046	1.7657328352922046	1.7657328352922046
0.0792	3133.5536904301252	117.8756565745644	1.6329744260190124	1.6329744260190124	1.6329744260190124	1.6329744260190124
0.0794	2993.372265439165	111.01889702431247	1.5101398106773012	1.5101398106773012	1.5101398106773012	1.5101398106773012
0.0796	2859.4075135933012	104.55813194594973	1.3964918224554352	1.3964918224554352	1.3964918224554352	1.3964918224554352
0.0798	2731.3864618822645	98.47067295205363	1.2913476809345565	1.2913476809345565	1.2913476809345565	1.2913476809345565
0.08	2609.047987623428	92.73512011204397	1.1940750093733405	1.1940750093733405	1.1940750093733405	1.1940750093733405
0.0802	2492.142310800976	87.33128950584819	1.104088141271337	1.104088141271337	1.104088141271337	1.104088141271337
0.0804	2380.4305078139755	82.2401448053724	1.0208446953887034	1.0208446953887034	1.0208446953887034	1.0208446953887034
0.0806	2273.684045747192	77.44373266271367	0.9438423998837783	0.9438423998837783	0.9438423998837783	0.9438423998837783
0.0808	2171.6843363147755	72.92512169601461	0.872616147609101	0.872616147609101	0.872616147609101	0.872616147609101
0.081	2074.22230866102	68.66834487515167	0.8067352658886476	0.8067352658886476	0.8067352658886476	0.8067352658886476
0.0812	1981.0980002357262	64.65834512019921	0.7458009852903291	0.7458009852903291	0.7458009852903291	0.7458009852903291
0.0814	1892.1201649931827	60.8809239357215	0.6894440930153247	0.6894440930153247	0.6894440930153247	0.6894440930153247
0.0816	1807.105898194469	57.32269291357794	0.6373227575545852	0.6373227575545852	0.6373227575545852	0.6373227575545852
0.0818	1725.8802771219814	53.971027945991196	0.589120512218999	0.589120512218999	0.589120512218999	0.589120512218999
0.082	1648.2760170432534	50.81402599926444	0.5445443860382165	0.5445443860382165	0.5445443860382165	0.5445443860382165
0.0822	1574.133141788186	47.84046430664753	0.5033231713483343	0.5033231713483343	0.5033231713483343	0.5033231713483343
0.0824	1503.2986683296306	45.039761846587055	0.465205818155451	0.465205818155451	0.465205818155451	0.465205818155451
0.0826	1435.6263047824455	42.40194297987642	0.42995994607448085	0.42995994607448085	0.42995994607448085	0.42995994607448085
0.0828	1370.9761612597438	39.91760312613215	0.39737046530412495	0.39737046530412495	0.39737046530412495	0.39737046530412495
0.083	1309.2144730483303	37.577876366553895	0.3672382987135274	0.3672382987135274	0.3672382987135274	0.3672382987135274
0.0832	1250.213335587136	35.37440486611112	0.3393791976868402	0.3393791976868402	0.3393791976868402	0.3393791976868402
0.0834	1193.8504507538685	33.29931001414712	0.31362264490202346	0.31362264490202346	0.31362264490202346	0.31362264490202346
0.0836	1140.0088839852112	31.345165187919903	0.2898108377124263	0.2898108377124263	0.2898108377124263	0.2898108377124263
0.0838	1088.5768317756254	29.504970048849096	0.2677977462567815	0.2677977462567815	0.2677977462567815	0.2677977462567815
0.084	1039.4473991183238	27.772126286170554	0.2474482408475907	0.2474482408475907	0.2474482408475907	0.2474482408475907
0.0842	992.5183864701953	26.140414727407332	0.22863728358198673	0.22863728358198673	0.22863728358198673	0.22863728358198673
0.0844	947.6920858395679	24.60397373947795	0.2112491794849559	0.2112491794849559	0.2112491794849559	0.2112491794849559
0.0846	904.8750856122606	23.15727884846893	0.19517688283434953	0.19517688283434953	0.19517688283434953	0.19517688283434953
0.0848	863.9780837474227	21.795123510051347	0.1803213546324716	0.1803213546324716	0.1803213546324716	0.1803213546324716
0.085	824.9157089896964	20.51260096628154	0.1665909674815056	0.1665909674815056	0.1665909674815056	0.1665909674815056
0.0852	787.6063497590682	19.305087128058936	0.15390095439177506	0.15390095439177506	0.15390095439177506	0.15390095439177506
0.0854	751.9719903936846	18.168224425877504	0.14217289830378516	0.14217289830378516	0.14217289830378516	0.14217289830378516
0.0856	717.938054434494	17.09790657467146	0.13133425933900117	0.13133425933900117	0.13133425933900117	0.13133425933900117
0.0858	685.4332546534026	16.09026420155312	0.12131793701135837	0.12131793701135837	0.12131793701135837	0.12131793701135837
0.086	654.3894495391513	15.141651288077876	0.11206186483293908	0.11206186483293908	0.11206186483293908	0.11206186483293908
0.0862	624.7415059668767	14.248632381347125	0.10350863493419143	0.10350863493419143	0.10350863493419143	0.10350863493419143
0.0864	596.4271677888971	13.407970530795296	0.09560515049244257	0.09560515049244257	0.09560515049244257	0.09560515049244257
0.0866	569.386930095089	12.616615909898051	0.0883023039233791	0.0883023039233791	0.0883023039233791	0.0883023039233791
0.0868	543.5639189017836	11.871695084307055	0.0815546789394086	0.0815546789394086	0.0815546789394086	0.0815546789394086
0.087	518.9037760381735	11.170500890049064	0.07532027471728885	0.07532027471728885	0.07532027471728885	0.07532027471728885
0.0872	495.354549008878	10.510482887456355	0.06956025054584725	0.06956025054584725	0.06956025054584725	0.06956025054584725
0.0874	472.8665856206009	9.889238358399954	0.06423868944373562	0.06423868944373562	0.06423868944373562	0.06423868944373562
0.0876	451.3924331696572	9.30450381620711	0.05932237934766775	0.05932237934766775	0.05932237934766775	0.05932237934766775
0.0878	430.8867419957347	8.754146999349857	0.05478061057406112	0.05478061057406112	0.05478061057406112	0.05478061057406112
0.088	411.30617321535647	8.236159321603157	0.05058498835203232	0.05058498835203232	0.05058498835203232	0.05058498835203232
0.0882	392.6093104564161	7.748648752897227	0.04670925931384045	0.04670925931384045	0.04670925931384045	0.04670925931384045
0.0884	374.7565754225895	7.289833106525953	0.04312915091057136	0.04312915091057136	0.04312915091057136	0.04312915091057136
0.0886	357.7101471237194	6.858033709736743	0.039822222796657515	0.039822222796657515	0.039822222796657515	0.039822222796657515
0.0888	341.43388461510574	6.4516694360086815	0.03676772929705239	0.03676772929705239	0.03676772929705239	0.03676772929705239
0.089	325.89325309528886	6.069251078544506	0.03394649213604735	0.03394649213604735	0.03394649213604735	0.03394649213604735
0.0892	311.05525321825144	5.709376045644709	0.03134078266707896	0.03134078266707896	0.03134078266707896	0.03134078266707896
0.0894	296.88835348204896	5.37072335971966	0.02893421289887402	0.02893421289887402	0.02893421289887402	0.02893421289887402
0.0896	283.36242556171806	5.052048942716176	0.026711634665161885	0.026711634665161885	0.026711634665161885	0.026711634665161885
0.0898	270.4486824598803	4.7521811717034765	0.024659046333285802	0.024659046333285802	0.024659046333285802	0.024659046333285802
0.09	258.11961935385017	4.470016689276289	0.02276350649163404	0.02276350649163404	0.02276350649163404	0.02276350649163404
0.0902	246.34895702316913	4.2045164542953195	0.021013054097125828	0.021013054097125828	0.021013054097125828	0.021013054097125828
0.0904	235.1115877464093	3.9547020192997793	0.01939663460228899	0.01939663460228899	0.01939663460228899	0.01939663460228899
0.0906	224.3835235608119	3.719652021695919	0.017904031616952316	0.017904031616952316	0.017904031616952316	0.017904031616952316
0.0908	214.14184678285795	3.498498876552546	0.016525803692466427	0.016525803692466427	0.016525803692466427	0.016525803692466427
